RUN=0
name=cam1
width=640
height=480
fps=25
realfps=24.92
reads=199
time=5
samples=2e+02
start_time=6492.25
end_time=7492.32
energy=62211000 62211000 62168000 62168000 62168000 62125000 62125000 62125000 62125000 62081000 62081000 62081000 62016000 62016000 62016000 61973000 61973000 61973000 61930000 61930000 61930000 61930000 61887000 61887000 61887000 61822000 61822000 61822000 61779000 61779000 61779000 61779000 61735000 61735000 61735000 61671000 61671000 61671000 61627000 61627000 61627000 61627000 61584000 61584000 61584000 61541000 61541000 61541000 61476000 61476000 61476000 61476000 61433000 61433000 61433000 61389000 61389000 61389000 61325000 61325000 61325000 61281000 61281000 61281000 61281000 61238000 61238000 61238000 61173000 61173000 61173000 61130000 61130000 61130000 61130000 61087000 61087000 61087000 61044000 61044000 61044000 60979000 60979000 60979000 60979000 60935000 60935000 60935000 60892000 60892000 60892000 60838000 60838000 60838000 60838000 60784000 60784000 60784000 60741000 60741000 60741000 60687000 60687000 60687000 60644000 60644000 60644000 60644000 60590000 60590000 60590000 60536000 60536000 60536000 60492000 60492000 60492000 60492000 60449000 60449000 60449000 60395000 60395000 60395000 60341000 60341000 60341000 60341000 60298000 60298000 60298000 60254000 60254000 60254000 60190000 60190000 60190000 60146000 60146000 60146000 60146000 60103000 60103000 60103000 60038000 60038000 60038000 59995000 59995000 59995000 59995000 59952000 59952000 59952000 59887000 59887000 59887000 59844000 59844000 59844000 59844000 59800000 59800000 59800000 59757000 59757000 59757000 59692000 59692000 59692000 59692000 59649000 59649000 59649000 59606000 59606000 59606000 59541000 59541000 59541000 59498000 59498000 59498000 59498000 59455000 59455000 59455000 59390000 59390000 59390000 59346000 59346000 59346000 59346000 59303000 59303000 59303000 59249000 59249000 
power=10766000 10766000 11199000 11199000 11199000 11523000 11523000 11523000 11523000 11588000 11588000 11588000 11718000 11718000 11718000 11761000 11761000 11761000 11761000 11761000 11761000 11761000 11761000 11761000 11761000 11761000 11761000 11761000 11761000 11761000 11761000 11761000 11761000 11761000 11761000 11869000 11869000 11869000 11815000 11815000 11815000 11815000 11782000 11782000 11782000 11782000 11782000 11782000 11761000 11761000 11761000 11761000 11761000 11761000 11761000 11761000 11761000 11761000 11869000 11869000 11869000 11815000 11815000 11815000 11815000 11782000 11782000 11782000 11782000 11782000 11782000 11761000 11761000 11761000 11761000 11869000 11869000 11869000 11815000 11815000 11815000 11782000 11782000 11782000 11782000 11782000 11782000 11782000 11869000 11869000 11869000 11934000 11934000 11934000 11934000 11836000 11836000 11836000 11934000 11934000 11934000 11955000 11955000 11955000 11955000 11955000 11955000 11955000 11869000 11869000 11869000 11815000 11815000 11815000 11782000 11782000 11782000 11782000 11761000 11761000 11761000 11761000 11761000 11761000 11761000 11761000 11761000 11761000 11761000 11761000 11761000 11869000 11869000 11869000 11815000 11815000 11815000 11891000 11891000 11891000 11891000 11836000 11836000 11836000 11891000 11891000 11891000 11955000 11955000 11955000 11955000 11955000 11955000 11955000 11869000 11869000 11869000 11934000 11934000 11934000 11934000 11836000 11836000 11836000 11782000 11782000 11782000 11782000 11782000 11782000 11782000 11761000 11761000 11761000 11772000 11772000 11772000 11826000 11826000 11826000 11847000 11847000 11847000 11847000 11772000 11772000 11772000 11718000 11718000 11718000 11674000 11674000 11674000 11674000 11653000 11653000 11653000 11653000 11653000 
voltage=10810000 10810000 10810000 10810000 10810000 10810000 10810000 10810000 10810000 10810000 10810000 10810000 10810000 10810000 10810000 10810000 10810000 10810000 10810000 10810000 10810000 10810000 10810000 10810000 10810000 10810000 10810000 10810000 10810000 10810000 10810000 10810000 10810000 10810000 10810000 10810000 10810000 10810000 10810000 10810000 10810000 10810000 10810000 10810000 10810000 10810000 10810000 10810000 10810000 10810000 10810000 10810000 10810000 10810000 10810000 10810000 10810000 10810000 10810000 10810000 10810000 10810000 10810000 10810000 10810000 10810000 10810000 10810000 10810000 10810000 10810000 10810000 10810000 10810000 10810000 10810000 10810000 10810000 10810000 10810000 10810000 10810000 10810000 10810000 10810000 10810000 10810000 10810000 10810000 10810000 10810000 10810000 10810000 10810000 10810000 10810000 10810000 10810000 10810000 10810000 10810000 10810000 10810000 10810000 10810000 10810000 10810000 10810000 10810000 10810000 10810000 10810000 10810000 10810000 10810000 10810000 10810000 10810000 10810000 10810000 10810000 10810000 10810000 10810000 10810000 10810000 10810000 10810000 10810000 10810000 10810000 10810000 10810000 10810000 10810000 10810000 10810000 10810000 10810000 10810000 10810000 10810000 10810000 10810000 10810000 10810000 10810000 10810000 10810000 10810000 10810000 10810000 10810000 10810000 10810000 10810000 10810000 10810000 10810000 10810000 10810000 10810000 10810000 10810000 10810000 10810000 10810000 10810000 10810000 10810000 10810000 10810000 10810000 10810000 10810000 10810000 10810000 10810000 10810000 10810000 10810000 10810000 10810000 10810000 10810000 10810000 10810000 10810000 10810000 10810000 10810000 10810000 10810000 10810000 10810000 10810000 10810000 10810000 10810000 
captureT=6.666874 6.388781 6.732997 6.384059 6.391303 6.369366 6.296594 6.311828 6.328579 6.201604 6.479505 6.191701 6.473364 6.178202 6.523025 6.184803 6.134566 6.118034 6.178488 6.119783 6.129486 6.188269 6.131332 6.152325 6.335795 6.514139 6.196877 6.148947 6.13669 6.221639 6.156412 6.179976 6.218979 6.694797 6.370644 6.299626 6.335189 6.377477 8.609821 9.347708 6.383172 6.701644 8.314322 6.292465 6.508224 6.385062 6.892308 6.38277 6.776358 6.39088 6.453337 6.692281 6.316748 6.376909 6.698513 6.385029 6.705227 6.389594 6.36707 6.375558 6.686266 6.83954 6.686055 6.394256 6.312771 6.460964 6.441174 6.460293 6.890046 6.423949 6.491018 7.5478 6.466478 6.827158 6.447154 6.451305 6.765143 6.446116 6.413665 6.346338 6.464112 6.518261 6.422174 6.466689 6.741554 6.427422 6.606828 6.768986 6.383307 6.466389 6.400722 6.344516 6.486041 6.766223 6.463871 6.70902 6.47811 6.877638 6.76905 6.427771 6.759479 6.443462 6.518804 6.725688 6.438125 6.432811 6.422303 6.417366 6.437168 6.4956 6.750072 6.725782 6.450132 6.389176 6.772592 6.871857 6.395729 6.431186 6.46992 6.730323 6.443005 6.371065 6.684856 6.762326 6.736377 6.398497 6.431392 6.431255 6.737812 6.431031 6.692304 6.394683 6.444794 6.69596 6.68788 6.380821 6.438725 6.879545 6.423921 6.730987 6.40969 6.700158 6.368873 6.379297 6.376501 6.395069 6.432786 6.694546 6.386983 6.652301 6.336621 6.41949 6.668138 6.390831 6.42898 6.368303 6.409157 6.700549 6.462372 6.81987 6.327 6.31993 6.418833 6.424206 6.315629 6.456529 6.693139 6.408717 6.828157 6.364519 6.427097 6.691325 6.404324 6.449694 6.399484 6.329812 6.316538 6.672732 6.403942 6.820171 6.423552 6.404446 6.684481 6.381783 6.847261 6.365158 6.504436 6.705247 6.396682 6.677624 6.398246 6.362394 6.682322 6.384945 6.37463 6.666329 6.387002 6.747168 6.662126 
sleepT=32.69897 33.161662 32.746449 33.185816 33.177703 33.196058 33.185023 33.172476 33.236263 33.366446 33.088668 33.365175 33.09327 33.3949 32.965724 33.367675 33.344528 33.452589 33.57003 33.365376 33.443156 33.372286 33.436702 33.419197 33.233949 33.047635 33.374752 33.423892 33.606334 33.346895 33.414478 33.39039 33.353466 32.876207 33.200834 33.180468 33.233659 33.19734 31.137895 30.236011 33.188551 32.881287 31.272108 33.209126 32.997978 33.173294 32.689473 33.203409 32.802519 33.185641 33.139766 32.807615 33.270577 33.202823 32.888678 33.202553 32.794135 33.189744 33.209692 33.201307 32.893474 32.908878 32.804217 33.182713 33.248656 33.113047 33.133071 33.094491 32.678756 33.147787 33.051307 32.258102 33.104877 32.681159 33.127523 33.132014 32.809995 33.133787 33.078887 33.234404 33.103353 33.052933 33.153486 33.08751 32.842439 33.150356 32.971077 32.728652 33.185201 33.094907 33.084231 33.227461 33.081802 32.808237 33.111868 32.780056 33.094612 32.697497 32.803064 33.145626 32.734102 33.118121 33.048608 32.854479 33.308431 33.140636 33.153119 33.077481 33.126712 33.077683 32.825186 32.767756 33.119859 33.100151 32.970366 32.702472 33.179005 33.1446 33.105967 32.846372 33.130983 33.194436 32.87889 32.810546 32.822353 33.173556 33.140117 33.140685 32.820631 33.123933 32.880214 33.177481 33.11689 32.876441 32.79211 33.195417 33.122492 32.883803 33.067875 32.837487 33.155764 32.782549 33.208524 33.189288 33.100883 33.175731 33.128731 33.051342 33.184352 32.839001 33.234868 33.14868 32.823822 33.178903 33.142167 33.20346 33.162973 33.045727 33.107255 32.754322 33.248639 33.250637 33.157481 33.153772 33.252769 33.114929 32.883258 33.153395 32.748006 33.207916 33.15185 32.883629 33.170286 33.121925 33.169034 33.157105 33.247288 32.890402 33.167947 32.748123 33.332779 33.164028 32.886837 33.190665 32.721196 33.204483 33.072864 32.859308 33.174001 32.817865 33.350258 33.212985 32.894516 33.18792 33.110867 32.896321 33.18199 32.742098 32.90968 
