RUN=0
name=cam1
width=640
height=480
fps=25
realfps=24.92
reads=199
time=5
samples=2e+02
start_time=9169.64
end_time=10169.7
energy=62049000 62049000 62049000 62006000 62006000 62006000 61952000 61952000 61952000 61898000 61898000 61898000 61854000 61854000 61854000 61854000 61800000 61800000 61800000 61746000 61746000 61746000 61692000 61692000 61692000 61692000 61649000 61649000 61649000 61606000 61606000 61606000 61541000 61541000 61541000 61541000 61498000 61498000 61498000 61433000 61433000 61433000 61389000 61389000 61389000 61389000 61346000 61346000 61346000 61292000 61292000 61292000 61238000 61238000 61238000 61184000 61184000 61184000 61184000 61141000 61141000 61141000 61076000 61076000 61076000 61033000 61033000 61033000 61033000 60990000 60990000 60990000 60925000 60925000 60925000 60881000 60881000 60881000 60881000 60827000 60827000 60827000 60773000 60773000 60773000 60719000 60719000 60719000 60719000 60676000 60676000 60676000 60622000 60622000 60622000 60568000 60568000 60568000 60568000 60525000 60525000 60525000 60460000 60460000 60460000 60417000 60417000 60417000 60363000 60363000 60363000 60363000 60308000 60308000 60308000 60265000 60265000 60265000 60211000 60211000 60211000 60211000 60168000 60168000 60168000 60103000 60103000 60103000 60060000 60060000 60060000 60060000 59995000 59995000 59995000 59952000 59952000 59952000 59898000 59898000 59898000 59898000 59844000 59844000 59844000 59800000 59800000 59800000 59746000 59746000 59746000 59703000 59703000 59703000 59703000 59638000 59638000 59638000 59595000 59595000 59595000 59530000 59530000 59530000 59530000 59487000 59487000 59487000 59433000 59433000 59433000 59379000 59379000 59379000 59379000 59336000 59336000 59336000 59282000 59282000 59282000 59238000 59238000 59238000 59238000 59173000 59173000 59173000 59130000 59130000 59130000 59065000 59065000 59065000 59022000 59022000 59022000 59022000 58968000 
power=10701000 10701000 10701000 11382000 11382000 11382000 11631000 11631000 11631000 11847000 11847000 11847000 12042000 12042000 12042000 12042000 12074000 12074000 12074000 12107000 12107000 12107000 12107000 12107000 12107000 12107000 12107000 12107000 12107000 12107000 12107000 12107000 12107000 12107000 12107000 12107000 12107000 12107000 12107000 12107000 12107000 12107000 12107000 12107000 12107000 12107000 12107000 12107000 12107000 12107000 12107000 12107000 12107000 12107000 12107000 12215000 12215000 12215000 12215000 12161000 12161000 12161000 12128000 12128000 12128000 12128000 12128000 12128000 12128000 12107000 12107000 12107000 12107000 12107000 12107000 12107000 12107000 12107000 12107000 12107000 12107000 12107000 12215000 12215000 12215000 12161000 12161000 12161000 12161000 12236000 12236000 12236000 12182000 12182000 12182000 12020000 12020000 12020000 12020000 12020000 12020000 12020000 12118000 12118000 12118000 12172000 12172000 12172000 12074000 12074000 12074000 12074000 12053000 12053000 12053000 12139000 12139000 12139000 12053000 12053000 12053000 12053000 12020000 12020000 12020000 12139000 12139000 12139000 12172000 12172000 12172000 12172000 12301000 12301000 12301000 12161000 12161000 12161000 12193000 12193000 12193000 12193000 12096000 12096000 12096000 12020000 12020000 12020000 12139000 12139000 12139000 12053000 12053000 12053000 12053000 12139000 12139000 12139000 12193000 12193000 12193000 12193000 12193000 12193000 12193000 12118000 12118000 12118000 12172000 12172000 12172000 12193000 12193000 12193000 12193000 12193000 12193000 12193000 12226000 12226000 12226000 12226000 12226000 12226000 12226000 12226000 12226000 12226000 12118000 12118000 12118000 12172000 12172000 12172000 12193000 12193000 12193000 12193000 12074000 
voltage=10810000 10810000 10810000 10810000 10810000 10810000 10810000 10810000 10810000 10810000 10810000 10810000 10810000 10810000 10810000 10810000 10810000 10810000 10810000 10810000 10810000 10810000 10810000 10810000 10810000 10810000 10810000 10810000 10810000 10810000 10810000 10810000 10810000 10810000 10810000 10810000 10810000 10810000 10810000 10810000 10810000 10810000 10810000 10810000 10810000 10810000 10810000 10810000 10810000 10810000 10810000 10810000 10810000 10810000 10810000 10810000 10810000 10810000 10810000 10810000 10810000 10810000 10810000 10810000 10810000 10810000 10810000 10810000 10810000 10810000 10810000 10810000 10810000 10810000 10810000 10810000 10810000 10810000 10810000 10810000 10810000 10810000 10810000 10810000 10810000 10810000 10810000 10810000 10810000 10810000 10810000 10810000 10810000 10810000 10810000 10810000 10810000 10810000 10810000 10810000 10810000 10810000 10810000 10810000 10810000 10810000 10810000 10810000 10810000 10810000 10810000 10810000 10810000 10810000 10810000 10810000 10810000 10810000 10810000 10810000 10810000 10810000 10810000 10810000 10810000 10810000 10810000 10810000 10810000 10810000 10810000 10810000 10810000 10810000 10810000 10810000 10810000 10810000 10810000 10810000 10810000 10810000 10810000 10810000 10810000 10810000 10810000 10810000 10810000 10810000 10810000 10810000 10810000 10810000 10810000 10810000 10810000 10810000 10810000 10810000 10810000 10810000 10810000 10810000 10810000 10810000 10810000 10810000 10810000 10810000 10810000 10810000 10810000 10810000 10810000 10810000 10810000 10810000 10810000 10810000 10810000 10810000 10810000 10810000 10810000 10810000 10810000 10810000 10810000 10810000 10810000 10810000 10810000 10810000 10810000 10810000 10810000 10810000 10810000 
captureT=7.293665 6.665776 6.673127 7.142955 6.871304 6.660774 6.669947 7.085247 7.05606 7.083395 6.619014 6.683743 7.097344 6.643685 6.697041 7.018436 6.626622 6.708146 6.998349 6.703684 6.739099 6.726319 6.725118 7.102149 6.668403 6.691603 7.062022 6.712162 6.717073 6.728573 7.03187 6.70459 6.665216 6.595603 6.602621 6.625058 6.559698 6.944414 6.575045 6.589783 6.977107 6.949989 6.573854 6.94221 6.561821 6.58743 6.599468 6.56763 6.557246 6.572114 6.595199 6.522003 10.427529 6.569566 6.9388 16.091125 6.753423 6.948849 6.542638 6.581694 6.910781 6.565217 6.606275 6.999853 6.929156 6.615233 6.629228 6.650893 7.006049 6.973892 6.637618 7.061498 6.61124 6.627863 6.978644 6.640524 6.632625 6.637976 6.988071 7.03466 7.065551 6.992402 6.632886 6.583558 7.000953 6.616282 6.603481 6.550994 6.60639 6.637956 6.660586 6.987987 7.057741 6.686172 7.007292 6.617824 6.988027 6.656901 6.691363 6.610595 6.610103 6.62418 6.640474 6.983937 6.647832 6.663774 6.983392 6.614925 6.623653 6.659493 6.986828 6.631566 7.053772 6.627581 6.626189 6.983616 6.622547 6.654091 6.619834 6.633289 6.545593 6.620978 6.977969 6.626082 6.68024 6.62096 6.635649 0.290672 6.99454 6.625058 6.727601 6.703294 7.124909 6.640103 6.659167 6.643138 6.649348 6.66857 6.671902 7.074396 6.68268 6.700073 7.017581 6.662262 6.670804 7.096796 6.730036 6.695155 7.101157 6.662174 6.68427 7.06274 6.67881 7.050606 6.674871 6.688792 7.026072 6.692584 6.699164 6.714955 7.044107 6.585848 6.671693 6.654958 6.675908 7.195586 6.650445 6.692471 6.706448 7.034306 6.660148 6.707996 7.039977 6.665677 6.707733 7.044204 6.72117 7.029795 6.700529 6.609403 6.674486 6.693603 7.058637 6.668249 6.683372 7.030062 6.650696 6.798466 6.716506 6.728095 7.031231 6.700461 6.741324 6.752545 6.637759 6.649633 6.686136 7.027817 6.638698 
sleepT=32.169921 32.885953 32.900961 32.358292 32.68888 32.914567 32.904342 32.500478 32.515455 32.486944 32.938032 32.896099 32.662141 32.93692 32.882221 32.5615 32.890157 32.872068 32.500996 32.863825 32.835053 32.854663 33.023454 32.460791 32.89145 32.88438 32.507138 32.86607 32.855117 32.841475 32.54155 32.875377 33.076993 32.979629 32.971147 32.954053 33.014244 32.554339 33.002382 32.983307 32.589196 32.630884 32.991947 32.552985 33.012251 32.986879 32.971386 33.005683 33.019232 33.002622 32.989967 32.979618 29.141981 33.004435 32.640859 23.688882 32.821281 32.542379 33.020206 32.989528 32.582997 33.011615 32.963025 32.575121 32.630486 33.124934 32.940366 32.931306 32.573854 32.597309 32.943545 32.52149 32.951501 32.949594 32.519334 33.112889 32.930974 32.940707 32.586061 32.546426 32.510365 32.588464 32.941126 32.910992 32.572247 32.951066 32.88619 32.936772 32.954963 32.938037 32.916935 32.497554 32.505941 32.894516 32.57859 32.950597 32.502098 32.925338 32.892764 32.96724 32.943581 32.956324 32.932125 32.593975 32.921695 32.903772 32.501096 32.949506 33.127117 32.915411 32.579364 32.93898 32.518887 32.952231 32.952795 32.499314 32.950315 32.928385 33.116851 32.941692 33.020887 32.960389 32.517633 32.955048 32.878794 32.934763 32.933902 39.343712 32.47761 32.953712 32.851287 32.880789 32.453243 32.921568 32.915727 32.918777 32.916169 32.910662 32.898166 32.50001 32.888729 32.879112 32.47211 32.901889 32.903649 32.473022 32.832063 32.879147 32.470346 32.897408 32.895122 32.684782 32.897701 32.426931 32.900705 32.883074 32.467722 32.869083 32.869969 32.86172 32.449717 33.156695 32.90425 32.832955 32.898264 32.381868 32.913866 32.885741 32.778952 32.539251 32.921392 32.859045 32.451548 32.909184 32.872952 32.527709 32.841941 32.472314 32.876744 32.885798 32.907579 32.878284 32.515529 32.908576 32.892965 32.548157 32.92639 32.783315 32.857024 32.8512 32.462336 32.867706 32.831979 32.822333 33.111575 32.926567 32.88706 32.460217 32.913044 
