RUN=0
name=cam1
width=640
height=480
fps=15
realfps=14.97
reads=199
time=5
samples=2e+02
start_time=4339.26
end_time=5339.34
energy=67011000 66967000 66967000 66967000 66967000 66924000 66924000 66924000 66870000 66870000 66870000 66827000 66827000 66827000 66784000 66784000 66784000 66784000 66740000 66740000 66740000 66697000 66697000 66697000 66632000 66632000 66632000 66632000 66589000 66589000 66589000 66546000 66546000 66546000 66503000 66503000 66503000 66459000 66459000 66459000 66459000 66405000 66405000 66405000 66362000 66362000 66362000 66308000 66308000 66308000 66308000 66265000 66265000 66265000 66211000 66211000 66211000 66168000 66168000 66168000 66168000 66124000 66124000 66124000 66081000 66081000 66081000 66038000 66038000 66038000 65973000 65973000 65973000 65973000 65930000 65930000 65930000 65886000 65886000 65886000 65843000 65843000 65843000 65843000 65800000 65800000 65800000 65746000 65746000 65746000 65692000 65692000 65692000 65649000 65649000 65649000 65649000 65605000 65605000 65605000 65551000 65551000 65551000 65508000 65508000 65508000 65508000 65465000 65465000 65465000 65411000 65411000 65411000 65357000 65357000 65357000 65357000 65314000 65314000 65314000 65270000 65270000 65270000 65227000 65227000 65227000 65184000 65184000 65184000 65184000 65141000 65141000 65141000 65076000 65076000 65076000 65032000 65032000 65032000 65032000 64989000 64989000 64989000 64946000 64946000 64946000 64892000 64892000 64892000 64849000 64849000 64849000 64849000 64795000 64795000 64795000 64751000 64751000 64751000 64697000 64697000 64697000 64697000 64654000 64654000 64654000 64611000 64611000 64611000 64546000 64546000 64546000 64546000 64503000 64503000 64503000 64460000 64460000 64460000 64416000 64416000 64416000 64373000 64373000 64373000 64373000 64330000 64330000 64330000 64287000 64287000 64287000 64222000 64222000 64222000 64222000 64178000 64178000 64178000 
power=10842000 10939000 10939000 10939000 10939000 11209000 11209000 11209000 11242000 11242000 11242000 11382000 11382000 11382000 11469000 11469000 11469000 11469000 11469000 11469000 11469000 11501000 11501000 11501000 11501000 11501000 11501000 11501000 11501000 11501000 11501000 11501000 11501000 11501000 11501000 11501000 11501000 11501000 11501000 11501000 11501000 11501000 11501000 11501000 11382000 11382000 11382000 11436000 11436000 11436000 11436000 11469000 11469000 11469000 11469000 11469000 11469000 11501000 11501000 11501000 11501000 11501000 11501000 11501000 11501000 11501000 11501000 11501000 11501000 11501000 11501000 11501000 11501000 11501000 11501000 11501000 11501000 11501000 11501000 11501000 11501000 11501000 11501000 11501000 11501000 11501000 11501000 11501000 11501000 11501000 11501000 11501000 11501000 11501000 11501000 11501000 11501000 11501000 11501000 11501000 11501000 11501000 11501000 11501000 11501000 11501000 11501000 11501000 11501000 11501000 11501000 11501000 11501000 11501000 11501000 11501000 11501000 11501000 11501000 11501000 11501000 11501000 11501000 11501000 11501000 11501000 11501000 11501000 11501000 11501000 11501000 11501000 11501000 11620000 11620000 11620000 11555000 11555000 11555000 11555000 11523000 11523000 11523000 11523000 11523000 11523000 11382000 11382000 11382000 11436000 11436000 11436000 11436000 11469000 11469000 11469000 11469000 11469000 11469000 11501000 11501000 11501000 11501000 11404000 11404000 11404000 11404000 11404000 11404000 11523000 11523000 11523000 11523000 11458000 11458000 11458000 11426000 11426000 11426000 11545000 11545000 11545000 11458000 11458000 11458000 11458000 11426000 11426000 11426000 11426000 11426000 11426000 11404000 11404000 11404000 11404000 11404000 11404000 11404000 
voltage=10810000 10810000 10810000 10810000 10810000 10810000 10810000 10810000 10810000 10810000 10810000 10810000 10810000 10810000 10810000 10810000 10810000 10810000 10810000 10810000 10810000 10810000 10810000 10810000 10810000 10810000 10810000 10810000 10810000 10810000 10810000 10810000 10810000 10810000 10810000 10810000 10810000 10810000 10810000 10810000 10810000 10810000 10810000 10810000 10810000 10810000 10810000 10810000 10810000 10810000 10810000 10810000 10810000 10810000 10810000 10810000 10810000 10810000 10810000 10810000 10810000 10810000 10810000 10810000 10810000 10810000 10810000 10810000 10810000 10810000 10810000 10810000 10810000 10810000 10810000 10810000 10810000 10810000 10810000 10810000 10810000 10810000 10810000 10810000 10810000 10810000 10810000 10810000 10810000 10810000 10810000 10810000 10810000 10810000 10810000 10810000 10810000 10810000 10810000 10810000 10810000 10810000 10810000 10810000 10810000 10810000 10810000 10810000 10810000 10810000 10810000 10810000 10810000 10810000 10810000 10810000 10810000 10810000 10810000 10810000 10810000 10810000 10810000 10810000 10810000 10810000 10810000 10810000 10810000 10810000 10810000 10810000 10810000 10810000 10810000 10810000 10810000 10810000 10810000 10810000 10810000 10810000 10810000 10810000 10810000 10810000 10810000 10810000 10810000 10810000 10810000 10810000 10810000 10810000 10810000 10810000 10810000 10810000 10810000 10810000 10810000 10810000 10810000 10810000 10810000 10810000 10810000 10810000 10810000 10810000 10810000 10810000 10810000 10810000 10810000 10810000 10810000 10810000 10810000 10810000 10810000 10810000 10810000 10810000 10810000 10810000 10810000 10810000 10810000 10810000 10810000 10810000 10810000 10810000 10810000 10810000 10810000 10810000 10810000 
captureT=6.475053 6.158498 6.199983 6.137745 6.121401 6.535028 6.150707 6.129764 6.186656 6.003777 5.971792 5.953701 5.975927 6.027725 6.054677 6.006472 5.983166 6.408963 6.408114 6.377775 5.984833 5.979891 6.04945 6.020585 6.012599 5.972357 5.97562 6.388865 5.9649 5.947989 5.969525 6.01351 5.971947 6.166461 6.120133 6.118567 6.470814 6.081958 6.495522 6.059015 6.128971 6.112156 6.116773 6.133037 6.117952 6.484096 6.049676 6.033355 6.034453 6.106119 6.146537 6.097768 6.117872 6.044888 6.041706 6.113505 6.121001 6.111462 6.094643 6.027879 6.12919 6.123126 6.436237 6.046745 6.068267 6.266638 6.549791 6.184541 6.287117 6.192643 6.179698 6.222275 6.136556 6.579856 6.137126 6.237756 6.222492 6.19626 6.223989 6.200323 6.050094 6.277252 6.236867 6.264046 6.16839 6.606584 6.538884 6.541057 6.273453 6.212627 6.631492 6.548986 6.291438 6.261858 6.227289 6.60262 6.1688 6.25411 6.208494 6.228545 6.216749 6.217847 6.144058 6.20371 6.28656 6.27526 6.190039 6.212785 6.210342 6.540004 6.595545 6.285403 6.263907 6.274467 6.276976 6.30836 6.243206 7.025102 6.552004 6.590861 6.19197 6.2071 6.251324 6.614336 6.552441 6.534092 6.173156 6.260319 6.240561 6.173551 6.127835 6.569106 6.241084 6.209152 6.157274 6.125693 6.070379 6.549945 6.511004 6.389376 6.533537 6.119114 6.15442 6.259961 6.193967 6.166521 6.15074 6.153144 6.534122 6.310039 6.239838 6.219244 6.176043 6.148741 6.152319 6.150177 6.525855 6.554002 6.317519 6.287607 6.229334 6.171021 6.539589 6.534088 6.115521 6.211379 6.217603 6.17588 6.127906 6.302697 6.610509 6.11159 6.150635 6.191459 6.556421 6.556842 6.152399 6.551021 6.558283 6.205277 6.179582 6.164275 6.142339 6.315041 6.56645 6.173903 6.136508 6.059609 6.514684 6.133271 6.089518 6.166378 6.187598 6.133486 6.144192 6.082497 6.565183 6.154243 6.111929 
sleepT=59.645619 60.053118 60.036127 60.1017 60.115491 59.702954 60.0773 60.09991 60.043219 60.239217 60.261495 60.267642 60.159111 60.212232 60.383271 60.230815 60.267298 59.830493 59.84248 59.764628 60.256346 60.173677 60.19827 60.209093 60.41735 60.266146 60.273814 59.849056 60.282302 60.197799 60.272955 60.229394 60.264885 60.076961 60.122116 60.102787 59.771612 60.333541 59.74148 60.084631 60.114264 60.123944 60.125566 60.097841 60.123873 59.753187 60.195935 60.379658 60.104639 60.136953 60.095762 60.146022 60.124405 60.195116 60.118084 60.122749 60.118845 60.121397 60.148545 60.108786 60.112879 60.10978 59.8038 60.091665 60.068789 59.973182 59.677407 59.928615 59.953508 60.046542 60.234612 60.01837 60.100814 59.660345 60.09699 60.002786 60.016994 60.039784 60.011537 60.036931 60.181585 59.954731 60.000553 59.976673 60.068369 59.627298 59.697768 59.495682 59.974099 60.023159 59.598674 59.676434 59.949655 60.153505 60.013106 59.625604 60.073687 59.97935 60.031546 60.008317 60.021474 60.011881 60.10037 60.195444 59.944776 59.965442 60.049403 60.030189 60.027363 59.692538 59.546056 59.949007 59.974191 59.958853 59.95864 59.927266 59.992032 59.209134 59.690523 59.553082 59.958604 60.026388 59.986617 59.618934 59.686998 59.602554 60.170748 59.980764 59.991276 60.06666 60.102635 59.569745 60.000276 60.022899 60.079164 60.111553 60.341291 59.682523 59.624926 59.889151 59.702546 60.116425 59.98005 59.971367 60.043634 60.0752 60.078971 60.081854 59.701206 60.109206 59.916356 60.018825 60.061515 60.085942 60.089636 60.087147 59.709934 59.665383 59.925786 60.123691 60.009232 60.062965 59.695108 59.695446 60.0366 60.023495 60.014117 60.056876 60.102807 59.929106 59.629962 60.127792 59.989262 60.049156 59.680398 59.669665 60.080159 59.689725 59.599636 60.027532 60.059289 60.071692 60.270042 59.922105 59.671669 60.059544 60.097895 60.176913 59.719699 60.098178 60.046763 60.073689 60.224255 60.100038 60.090041 60.144457 59.676434 60.086686 60.030443 
