RUN=0
name=cam1
width=640
height=480
fps=25
realfps=24.92
reads=199
time=5
samples=2e+02
start_time=6442.25
end_time=7442.3
energy=61119000 61119000 61119000 61076000 61076000 61076000 61011000 61011000 61011000 61011000 60968000 60968000 60968000 60925000 60925000 60925000 60881000 60881000 60881000 60817000 60817000 60817000 60817000 60773000 60773000 60773000 60730000 60730000 60730000 60665000 60665000 60665000 60665000 60622000 60622000 60622000 60579000 60579000 60579000 60514000 60514000 60514000 60514000 60471000 60471000 60471000 60427000 60427000 60427000 60384000 60384000 60384000 60319000 60319000 60319000 60319000 60276000 60276000 60276000 60233000 60233000 60233000 60179000 60179000 60179000 60179000 60125000 60125000 60125000 60081000 60081000 60081000 60027000 60027000 60027000 59984000 59984000 59984000 59984000 59930000 59930000 59930000 59876000 59876000 59876000 59833000 59833000 59833000 59833000 59790000 59790000 59790000 59725000 59725000 59725000 59682000 59682000 59682000 59638000 59638000 59638000 59638000 59573000 59573000 59573000 59530000 59530000 59530000 59487000 59487000 59487000 59487000 59422000 59422000 59422000 59379000 59379000 59379000 59336000 59336000 59336000 59271000 59271000 59271000 59271000 59227000 59227000 59227000 59184000 59184000 59184000 59130000 59130000 59130000 59130000 59076000 59076000 59076000 59033000 59033000 59033000 58979000 58979000 58979000 58925000 58925000 58925000 58925000 58882000 58882000 58882000 58828000 58828000 58828000 58784000 58784000 58784000 58784000 58730000 58730000 58730000 58676000 58676000 58676000 58633000 58633000 58633000 58633000 58590000 58590000 58590000 58525000 58525000 58525000 58482000 58482000 58482000 58438000 58438000 58438000 58438000 58395000 58395000 58395000 58330000 58330000 58330000 58287000 58287000 58287000 58287000 58244000 58244000 58244000 58179000 58179000 58179000 58136000 58136000 
power=10658000 10658000 10658000 11307000 11307000 11307000 11642000 11642000 11642000 11642000 11696000 11696000 11696000 11815000 11815000 11815000 11782000 11782000 11782000 11761000 11761000 11761000 11761000 11869000 11869000 11869000 11815000 11815000 11815000 11891000 11891000 11891000 11891000 11836000 11836000 11836000 11782000 11782000 11782000 11782000 11782000 11782000 11782000 11869000 11869000 11869000 11934000 11934000 11934000 11955000 11955000 11955000 11869000 11869000 11869000 11869000 11815000 11815000 11815000 11782000 11782000 11782000 11761000 11761000 11761000 11761000 11761000 11761000 11761000 11869000 11869000 11869000 11934000 11934000 11934000 11955000 11955000 11955000 11955000 11988000 11988000 11988000 11988000 11988000 11988000 11988000 11988000 11988000 11988000 11869000 11869000 11869000 11934000 11934000 11934000 11955000 11955000 11955000 11955000 11955000 11955000 11955000 11988000 11988000 11988000 11988000 11988000 11988000 11988000 11988000 11988000 11988000 11988000 11988000 11988000 11869000 11869000 11869000 11826000 11826000 11826000 11847000 11847000 11847000 11847000 11847000 11847000 11847000 11891000 11891000 11891000 11891000 11891000 11891000 11891000 11772000 11772000 11772000 11826000 11826000 11826000 11739000 11739000 11739000 11793000 11793000 11793000 11793000 11739000 11739000 11739000 11793000 11793000 11793000 11739000 11739000 11739000 11739000 11793000 11793000 11793000 11847000 11847000 11847000 11847000 11847000 11847000 11847000 11891000 11891000 11891000 11891000 11891000 11891000 11772000 11772000 11772000 11718000 11718000 11718000 11718000 11793000 11793000 11793000 11826000 11826000 11826000 11847000 11847000 11847000 11847000 11891000 11891000 11891000 11891000 11891000 11891000 11891000 11891000 
voltage=10810000 10810000 10810000 10810000 10810000 10810000 10810000 10810000 10810000 10810000 10810000 10810000 10810000 10810000 10810000 10810000 10810000 10810000 10810000 10810000 10810000 10810000 10810000 10810000 10810000 10810000 10810000 10810000 10810000 10810000 10810000 10810000 10810000 10810000 10810000 10810000 10810000 10810000 10810000 10810000 10810000 10810000 10810000 10810000 10810000 10810000 10810000 10810000 10810000 10810000 10810000 10810000 10810000 10810000 10810000 10810000 10810000 10810000 10810000 10810000 10810000 10810000 10810000 10810000 10810000 10810000 10810000 10810000 10810000 10810000 10810000 10810000 10810000 10810000 10810000 10810000 10810000 10810000 10810000 10810000 10810000 10810000 10810000 10810000 10810000 10810000 10810000 10810000 10810000 10810000 10810000 10810000 10810000 10810000 10810000 10810000 10810000 10810000 10810000 10810000 10810000 10810000 10810000 10810000 10810000 10810000 10810000 10810000 10810000 10810000 10810000 10810000 10810000 10810000 10810000 10810000 10810000 10810000 10810000 10810000 10810000 10810000 10810000 10810000 10810000 10810000 10810000 10810000 10810000 10810000 10810000 10810000 10810000 10810000 10810000 10810000 10810000 10810000 10810000 10810000 10810000 10810000 10810000 10810000 10810000 10810000 10810000 10810000 10810000 10810000 10810000 10810000 10810000 10810000 10810000 10810000 10810000 10810000 10810000 10810000 10810000 10810000 10810000 10810000 10810000 10810000 10810000 10810000 10810000 10810000 10810000 10810000 10810000 10810000 10810000 10810000 10810000 10810000 10810000 10810000 10810000 10810000 10810000 10810000 10810000 10810000 10810000 10810000 10810000 10810000 10810000 10810000 10810000 10810000 10810000 10810000 10810000 10810000 10810000 
captureT=6.961394 6.736636 7.16237 6.687497 6.725853 6.996763 6.724652 6.731431 6.646651 6.530587 6.570123 7.004191 6.526418 6.571881 6.831389 6.569782 6.516144 6.576615 6.453499 6.557912 6.572524 6.577649 6.485458 6.550064 6.51405 6.5161 6.582483 6.457371 6.537712 6.468472 6.510075 6.587029 6.826079 6.643048 6.671668 6.956689 6.664906 7.102169 7.847644 6.705477 6.679699 9.185559 6.690121 6.746918 9.039565 9.180466 7.113915 6.649399 8.567859 7.058654 7.03217 6.69026 6.707125 6.968264 6.660128 7.082082 6.955098 6.678078 6.658204 6.682851 7.045063 6.808487 7.094002 6.633424 6.661135 6.926616 6.64687 6.639185 7.033417 6.594621 6.632315 6.914811 7.138366 6.624913 6.627743 6.528318 6.584173 6.626484 6.965641 6.540004 6.640206 7.046804 6.63921 6.518292 6.61344 6.65955 6.523042 6.636461 6.908618 6.934457 6.631298 6.547553 6.606757 6.628239 7.819927 6.615698 6.889327 6.906583 6.602682 6.968265 6.624623 6.621114 6.622021 6.52042 6.600117 6.631847 6.96139 6.572393 6.628083 6.577848 6.63428 6.974206 6.630879 6.596122 6.579637 6.599238 6.641402 6.527804 6.623464 6.963545 6.586082 6.628993 6.579744 6.612991 6.905898 6.604326 6.622076 6.957324 6.59141 6.576165 6.604219 6.972655 6.544325 6.615629 6.951339 7.051145 6.865467 6.56155 0.280589 6.859509 6.594221 6.916114 6.545232 6.595515 16.9523 6.891653 6.60426 6.887502 6.525764 6.499726 6.619395 6.979164 6.544148 6.59813 0.347623 6.623905 6.97172 6.589547 6.571641 6.954727 6.553485 6.612437 6.985514 6.594291 6.568038 7.016157 6.494173 6.552231 6.603468 6.887857 6.598263 6.851629 6.521615 6.583711 6.611792 6.528488 6.81206 6.99957 6.569788 6.592214 6.453578 6.557373 6.62056 6.887078 6.526638 6.589172 6.539767 6.954256 6.539218 6.986309 6.539294 6.603735 6.551034 6.591432 6.604716 6.958854 6.559315 6.586597 6.940635 
sleepT=32.484538 32.81634 32.406038 32.877201 32.840563 32.49371 33.023495 32.840479 32.920861 33.038689 32.998511 32.573864 33.049462 32.982047 32.74255 33.005767 33.047589 32.98432 33.117639 33.188407 32.998096 32.98734 33.086164 33.022979 32.976767 33.058099 32.971906 33.112591 33.039945 33.279832 33.061728 32.974017 32.739164 32.924524 32.897775 32.612888 32.898359 32.469169 31.73254 32.874136 32.887549 29.792025 32.897779 32.82155 29.989381 30.328186 32.469654 32.936606 31.018133 32.447151 32.553344 32.896163 33.029286 32.618072 32.916894 32.488838 32.627155 32.899443 32.918772 32.877924 32.447104 32.769758 32.479779 32.941891 32.885548 32.650079 32.924244 32.927384 32.542831 32.975143 32.94443 32.651829 32.424698 32.950306 32.933814 33.221563 32.991814 32.940694 32.523314 33.050077 32.938053 32.519562 32.921371 33.054761 32.961574 32.894852 33.04871 32.937995 32.670389 32.62815 32.940254 32.93476 32.965043 32.941368 31.753169 32.952827 32.68397 32.668465 33.146203 32.526612 32.947547 32.936279 32.951269 33.053244 32.976668 32.937861 32.520207 33.000777 32.93861 32.99354 32.92199 32.523438 32.944132 32.966695 32.908079 32.974266 32.946006 33.043651 32.944065 32.406366 32.984355 33.112942 32.995484 32.945882 32.585765 32.961906 32.938435 32.526191 32.97411 32.999558 32.962664 32.697387 33.030398 32.960715 32.539549 32.528347 32.71071 33.018998 39.341396 32.715408 32.980777 32.574265 33.019072 32.981458 22.795249 32.684561 32.966186 32.602553 33.043362 33.078303 32.959612 32.513053 33.028781 32.970712 39.403689 32.952175 32.518372 32.987372 32.998043 32.537925 33.023497 32.947871 32.502533 32.984032 32.999632 32.545888 33.08192 33.024701 32.971386 32.687986 32.964447 32.721083 33.055588 32.985298 32.957307 33.044254 32.756842 32.755498 33.00814 32.985036 33.121129 33.021658 32.957211 32.692113 33.042749 32.987112 33.037175 32.530082 32.946817 32.49727 33.039185 32.974518 33.027155 32.967656 32.967555 32.527933 33.012715 32.98542 32.540428 
