RUN=0
name=cam1
width=640
height=480
fps=5
realfps=4.997
reads=199
time=5
samples=2e+02
start_time=10697.9
end_time=11698.1
energy=52082000 52082000 52039000 52039000 52039000 51985000 51985000 51985000 51942000 51942000 51942000 51942000 51898000 51898000 51898000 51855000 51855000 51855000 51812000 51812000 51812000 51812000 51769000 51769000 51769000 51715000 51715000 51715000 51660000 51660000 51660000 51660000 51617000 51617000 51617000 51574000 51574000 51574000 51520000 51520000 51520000 51520000 51477000 51477000 51477000 51433000 51433000 51433000 51390000 51390000 51390000 51390000 51347000 51347000 51347000 51282000 51282000 51282000 51239000 51239000 51239000 51196000 51196000 51196000 51196000 51152000 51152000 51152000 51109000 51109000 51109000 51055000 51055000 51055000 51055000 51012000 51012000 51012000 50969000 50969000 50969000 50915000 50915000 50915000 50915000 50861000 50861000 50861000 50817000 50817000 50817000 50774000 50774000 50774000 50774000 50731000 50731000 50731000 50688000 50688000 50688000 50644000 50644000 50644000 50644000 50579000 50579000 50579000 50536000 50536000 50536000 50493000 50493000 50493000 50450000 50450000 50450000 50450000 50396000 50396000 50396000 50352000 50352000 50352000 50309000 50309000 50309000 50309000 50266000 50266000 50266000 50201000 50201000 50201000 50158000 50158000 50158000 50158000 50115000 50115000 50115000 50071000 50071000 50071000 50028000 50028000 50028000 50028000 49985000 49985000 49985000 49931000 49931000 49931000 49877000 49877000 49877000 49877000 49834000 49834000 49834000 49790000 49790000 49790000 49736000 49736000 49736000 49693000 49693000 49693000 49693000 49650000 49650000 49650000 49596000 49596000 49596000 49542000 49542000 49542000 49542000 49498000 49498000 49498000 49455000 49455000 49455000 49412000 49412000 49412000 49412000 49369000 49369000 49369000 49326000 49326000 49326000 49261000 49261000 
power=10301000 10301000 10745000 10745000 10745000 10831000 10831000 10831000 10972000 10972000 10972000 10972000 10939000 10939000 10939000 10820000 10820000 10820000 10820000 10820000 10820000 10820000 10799000 10799000 10799000 10799000 10799000 10799000 10799000 10799000 10799000 10799000 10799000 10799000 10799000 10799000 10799000 10799000 10799000 10799000 10799000 10799000 10896000 10896000 10896000 10842000 10842000 10842000 10820000 10820000 10820000 10820000 10918000 10918000 10918000 10950000 10950000 10950000 10874000 10874000 10874000 10842000 10842000 10842000 10842000 10820000 10820000 10820000 10896000 10896000 10896000 10950000 10950000 10950000 10950000 10982000 10982000 10982000 11015000 11015000 11015000 11015000 11015000 11015000 11015000 11015000 11015000 11015000 10896000 10896000 10896000 10842000 10842000 10842000 10842000 10820000 10820000 10820000 10896000 10896000 10896000 10950000 10950000 10950000 10950000 10982000 10982000 10982000 10896000 10896000 10896000 10950000 10950000 10950000 10982000 10982000 10982000 10982000 10982000 10982000 10982000 11015000 11015000 11015000 11015000 11015000 11015000 11015000 11015000 11015000 11015000 11015000 11015000 11015000 10896000 10896000 10896000 10896000 10950000 10950000 10950000 10982000 10982000 10982000 10982000 10982000 10982000 10982000 11015000 11015000 11015000 10896000 10896000 10896000 10842000 10842000 10842000 10842000 10918000 10918000 10918000 10950000 10950000 10950000 10982000 10982000 10982000 11015000 11015000 11015000 11015000 11015000 11015000 11015000 11015000 11015000 11015000 11015000 11015000 11015000 11015000 10799000 10799000 10799000 10853000 10853000 10853000 10885000 10885000 10885000 10885000 10885000 10885000 10885000 10918000 10918000 10918000 10918000 10918000 
voltage=10810000 10810000 10810000 10810000 10810000 10810000 10810000 10810000 10810000 10810000 10810000 10810000 10810000 10810000 10810000 10810000 10810000 10810000 10810000 10810000 10810000 10810000 10810000 10810000 10810000 10810000 10810000 10810000 10810000 10810000 10810000 10810000 10810000 10810000 10810000 10810000 10810000 10810000 10810000 10810000 10810000 10810000 10810000 10810000 10810000 10810000 10810000 10810000 10810000 10810000 10810000 10810000 10810000 10810000 10810000 10810000 10810000 10810000 10810000 10810000 10810000 10810000 10810000 10810000 10810000 10810000 10810000 10810000 10810000 10810000 10810000 10810000 10810000 10810000 10810000 10810000 10810000 10810000 10810000 10810000 10810000 10810000 10810000 10810000 10810000 10810000 10810000 10810000 10810000 10810000 10810000 10810000 10810000 10810000 10810000 10810000 10810000 10810000 10810000 10810000 10810000 10810000 10810000 10810000 10810000 10810000 10810000 10810000 10810000 10810000 10810000 10810000 10810000 10810000 10810000 10810000 10810000 10810000 10810000 10810000 10810000 10810000 10810000 10810000 10810000 10810000 10810000 10810000 10810000 10810000 10810000 10810000 10810000 10810000 10810000 10810000 10810000 10810000 10810000 10810000 10810000 10810000 10810000 10810000 10810000 10810000 10810000 10810000 10810000 10810000 10810000 10810000 10810000 10810000 10810000 10810000 10810000 10810000 10810000 10810000 10810000 10810000 10810000 10810000 10810000 10810000 10810000 10810000 10810000 10810000 10810000 10810000 10810000 10810000 10810000 10810000 10810000 10810000 10810000 10810000 10810000 10810000 10810000 10810000 10810000 10810000 10810000 10810000 10810000 10810000 10810000 10810000 10810000 10810000 10810000 10810000 10810000 10810000 10810000 
captureT=5.946688 5.981895 5.991268 5.983939 6.313003 6.367954 5.985949 5.969185 6.382594 5.860521 5.910483 6.278086 6.369631 5.911437 5.840425 6.259288 5.86917 5.934887 5.909874 5.889021 5.882671 5.847147 6.300538 5.915391 5.904175 5.823958 5.795645 5.875948 5.889676 6.215302 5.890484 5.851608 6.279599 6.003281 6.135845 6.390309 5.927425 6.138569 6.001813 6.389628 6.010307 6.506493 5.951765 6.013294 5.979412 6.498991 6.006096 6.023126 5.988572 6.316434 6.003053 6.020082 6.374537 6.512956 5.997911 6.045654 6.371663 6.507101 6.032518 5.966988 6.370195 6.082401 6.024718 6.380785 6.016917 5.976168 5.930564 6.323022 5.925417 5.974806 5.91452 6.339773 5.865462 5.985568 5.894914 6.325277 5.957969 5.938705 6.332381 5.950151 5.977108 6.330971 6.255924 5.970295 5.918407 6.340492 5.945112 5.980904 5.939509 6.34259 5.906614 5.997036 5.899256 6.315222 5.943724 5.988644 5.904457 5.944531 5.980376 5.943994 5.939609 6.268184 5.880187 5.906455 5.868854 6.294116 5.919061 5.948231 5.897636 5.877935 5.919431 5.901997 6.266155 6.307459 6.023489 5.887503 6.286232 5.953264 5.954268 5.875372 6.305066 5.939318 5.888568 6.303094 5.952613 5.962701 6.292549 6.311462 5.949151 5.838901 6.253277 5.830277 5.803135 6.202427 5.884788 5.858226 5.864468 6.273511 5.890891 5.831835 6.25319 5.883313 5.810595 6.267616 5.868063 6.247078 5.801439 6.256612 5.841048 5.862575 5.896191 5.979867 5.855319 5.785656 6.271946 5.873932 5.816128 6.248164 5.837357 5.877805 5.784116 5.792666 5.832571 5.82639 6.210613 5.876396 5.811491 6.249527 5.844459 5.862077 6.210697 6.264378 5.856782 6.198644 5.854747 5.832859 6.252515 5.85599 5.817979 6.255556 5.854571 5.874797 5.772021 6.255075 5.883562 5.839187 6.247035 5.873745 5.806764 6.188542 5.823539 5.853037 5.850936 6.260371 5.881383 5.843004 5.812289 5.83646 6.224024 
sleepT=193.51325 193.57335 193.57884 193.59356 193.24447 193.19931 193.58429 193.52054 193.37233 193.71005 193.66329 193.2945 193.20096 193.66374 193.64925 193.31206 193.69544 193.65339 193.84662 193.68118 193.68854 193.71441 193.25467 193.6576 193.66763 193.74821 193.77139 193.6994 193.86462 193.35402 193.68212 193.63315 193.29742 193.56979 193.4322 193.1001 193.64202 193.4345 193.48657 193.17348 193.5621 193.08288 193.62147 193.55307 193.51338 193.07357 193.56597 193.55045 193.58087 193.23858 193.57046 193.55444 193.18667 193.06471 193.57271 193.53043 193.13323 193.04658 193.52516 193.51673 193.1902 193.67884 193.54698 193.19073 193.53895 193.6015 193.64481 193.25221 193.63963 193.59877 193.56844 193.41482 193.70417 193.58658 193.67647 193.22613 193.61607 193.54896 193.23635 193.61757 193.60056 193.41333 193.31766 193.59771 193.6508 193.23346 193.62706 193.58826 193.62999 193.23317 193.66863 193.57306 193.59046 193.24743 193.63808 193.58639 193.67183 193.62766 193.58966 193.62684 193.62869 193.30152 193.69676 193.66362 193.63188 193.27965 193.64991 193.62415 193.68152 193.7046 193.6523 193.5839 193.29186 193.25492 193.73522 193.60581 193.27983 193.62016 193.61567 193.7034 193.25483 193.62369 193.60447 193.26804 193.80281 193.61174 193.19538 193.24926 193.6127 193.65132 193.30978 193.73772 193.68802 193.37716 193.86884 193.71366 193.70646 193.28582 193.69016 193.73491 193.30747 193.68691 193.67717 193.3108 193.69914 193.32252 193.68714 193.33143 193.731 193.70906 193.67441 193.58894 193.71662 193.79 193.28405 193.69519 193.67259 193.31963 193.72777 193.69278 193.7747 193.78043 193.74313 193.74675 193.34074 193.68718 193.68056 193.51179 193.72841 193.71079 193.35999 193.2932 193.71633 193.37215 193.70982 193.73769 193.29203 193.89911 193.67113 193.31747 193.71775 193.69535 193.80213 193.30223 193.68785 193.65222 193.32067 193.87851 193.68419 193.37229 193.74726 193.73216 193.72272 193.27348 193.68452 193.63838 193.68663 193.73255 193.33739 
