RUN=0
name=cam1
width=640
height=480
fps=15
realfps=14.97
reads=199
time=5
samples=2e+02
start_time=12752.2
end_time=13752.2
energy=44958000 44958000 44915000 44915000 44915000 44850000 44850000 44850000 44850000 44807000 44807000 44807000 44764000 44764000 44764000 44710000 44710000 44710000 44710000 44656000 44656000 44656000 44612000 44612000 44612000 44558000 44558000 44558000 44558000 44515000 44515000 44515000 44461000 44461000 44461000 44407000 44407000 44407000 44364000 44364000 44364000 44364000 44310000 44310000 44310000 44256000 44256000 44256000 44212000 44212000 44212000 44212000 44148000 44148000 44148000 44104000 44104000 44104000 44061000 44061000 44061000 44061000 43996000 43996000 43996000 43953000 43953000 43953000 43910000 43910000 43910000 43910000 43845000 43845000 43845000 43802000 43802000 43802000 43758000 43758000 43758000 43758000 43704000 43704000 43704000 43650000 43650000 43650000 43607000 43607000 43607000 43553000 43553000 43553000 43553000 43510000 43510000 43510000 43445000 43445000 43445000 43402000 43402000 43402000 43402000 43358000 43358000 43358000 43294000 43294000 43294000 43250000 43250000 43250000 43250000 43185000 43185000 43185000 43142000 43142000 43142000 43099000 43099000 43099000 43099000 43045000 43045000 43045000 42991000 42991000 42991000 42948000 42948000 42948000 42894000 42894000 42894000 42894000 42850000 42850000 42850000 42796000 42796000 42796000 42742000 42742000 42742000 42742000 42699000 42699000 42699000 42634000 42634000 42634000 42591000 42591000 42591000 42591000 42548000 42548000 42548000 42483000 42483000 42483000 42440000 42440000 42440000 42386000 42386000 42386000 42386000 42331000 42331000 42331000 42288000 42288000 42288000 42234000 42234000 42234000 42234000 42191000 42191000 42191000 42137000 42137000 42137000 42083000 42083000 42083000 42040000 42040000 42040000 42040000 41975000 41975000 41975000 41931000 41931000 
power=10701000 10701000 11112000 11112000 11112000 11274000 11274000 11274000 11274000 11253000 11253000 11253000 11415000 11415000 11415000 11436000 11436000 11436000 11436000 11436000 11436000 11436000 11469000 11469000 11469000 11469000 11469000 11469000 11469000 11469000 11469000 11469000 11469000 11469000 11469000 11469000 11469000 11469000 11469000 11469000 11469000 11469000 11566000 11566000 11566000 11512000 11512000 11512000 11491000 11491000 11491000 11491000 11393000 11393000 11393000 11469000 11469000 11469000 11372000 11372000 11372000 11372000 11372000 11372000 11372000 11372000 11372000 11372000 11469000 11469000 11469000 11469000 11415000 11415000 11415000 11393000 11393000 11393000 11393000 11393000 11393000 11393000 11372000 11372000 11372000 11469000 11469000 11469000 11415000 11415000 11415000 11491000 11491000 11491000 11491000 11447000 11447000 11447000 11491000 11491000 11491000 11447000 11447000 11447000 11447000 11491000 11491000 11491000 11447000 11447000 11447000 11491000 11491000 11491000 11491000 11447000 11447000 11447000 11393000 11393000 11393000 11393000 11393000 11393000 11393000 11372000 11372000 11372000 11372000 11372000 11372000 11469000 11469000 11469000 11415000 11415000 11415000 11415000 11491000 11491000 11491000 11447000 11447000 11447000 11393000 11393000 11393000 11393000 11491000 11491000 11491000 11415000 11415000 11415000 11393000 11393000 11393000 11393000 11393000 11393000 11393000 11469000 11469000 11469000 11523000 11523000 11523000 11545000 11545000 11545000 11545000 11577000 11577000 11577000 11577000 11577000 11577000 11577000 11577000 11577000 11577000 11577000 11577000 11577000 11577000 11577000 11577000 11469000 11469000 11469000 11523000 11523000 11523000 11523000 11545000 11545000 11545000 11545000 11545000 
voltage=10810000 10810000 10810000 10810000 10810000 10810000 10810000 10810000 10810000 10810000 10810000 10810000 10810000 10810000 10810000 10810000 10810000 10810000 10810000 10810000 10810000 10810000 10810000 10810000 10810000 10810000 10810000 10810000 10810000 10810000 10810000 10810000 10810000 10810000 10810000 10810000 10810000 10810000 10810000 10810000 10810000 10810000 10810000 10810000 10810000 10810000 10810000 10810000 10810000 10810000 10810000 10810000 10810000 10810000 10810000 10810000 10810000 10810000 10810000 10810000 10810000 10810000 10810000 10810000 10810000 10810000 10810000 10810000 10810000 10810000 10810000 10810000 10810000 10810000 10810000 10810000 10810000 10810000 10810000 10810000 10810000 10810000 10810000 10810000 10810000 10810000 10810000 10810000 10810000 10810000 10810000 10810000 10810000 10810000 10810000 10810000 10810000 10810000 10810000 10810000 10810000 10810000 10810000 10810000 10810000 10810000 10810000 10810000 10810000 10810000 10810000 10810000 10810000 10810000 10810000 10810000 10810000 10810000 10810000 10810000 10810000 10810000 10810000 10810000 10810000 10810000 10810000 10810000 10810000 10810000 10810000 10810000 10810000 10810000 10810000 10810000 10810000 10810000 10810000 10810000 10810000 10810000 10810000 10810000 10810000 10810000 10810000 10810000 10810000 10810000 10810000 10810000 10810000 10810000 10810000 10810000 10810000 10810000 10810000 10810000 10810000 10810000 10810000 10810000 10810000 10810000 10810000 10810000 10810000 10810000 10810000 10810000 10810000 10810000 10810000 10810000 10810000 10810000 10810000 10810000 10810000 10810000 10810000 10810000 10810000 10810000 10810000 10810000 10810000 10810000 10810000 10810000 10810000 10810000 10810000 10810000 10810000 10810000 10810000 
captureT=6.565588 6.447496 6.476272 6.402892 6.49896 6.444643 6.367845 6.292309 6.692167 6.167344 6.181685 6.256231 6.222948 6.178978 6.197119 6.174103 6.223191 6.237717 6.199999 6.187598 6.383008 6.525387 6.12774 6.509942 6.506663 6.083028 6.158546 6.219936 6.22175 6.187329 6.184606 6.106575 6.522109 6.353597 6.341475 6.575017 6.582856 6.884164 6.960772 6.542724 6.574802 6.51942 6.536902 6.574584 6.540316 6.54981 6.462275 6.856555 6.563755 6.493742 6.504397 6.501511 6.491291 6.496583 6.499923 6.797564 6.829497 6.425544 6.862075 6.800682 6.880655 6.451043 6.480727 6.641236 6.791966 6.812194 6.779164 6.525651 6.53618 6.469502 6.502604 6.597864 6.493756 6.490919 6.808438 6.920197 6.469667 6.813678 6.38629 6.372128 6.454666 6.510279 6.449677 6.81998 6.422064 6.724327 6.768027 6.472949 6.42429 6.774296 6.376764 6.447288 6.475853 6.446467 6.419972 6.674921 6.746861 6.37373 6.427905 6.433641 6.377696 6.526623 6.370517 6.427743 6.413449 6.377288 6.733785 6.363237 6.808655 6.353058 6.381317 6.443504 6.421116 6.419632 6.377994 6.740813 6.739726 6.423461 6.37681 6.432818 6.39983 6.418788 6.689053 6.702229 6.262623 6.389264 6.38387 6.306187 6.32144 6.352181 6.724098 6.677464 6.705841 6.439548 6.457796 6.416432 6.67714 6.683362 6.669992 6.316348 6.375058 6.370336 6.392019 6.374016 6.360407 6.710787 6.659078 6.69329 6.3658 6.387545 6.345346 6.308742 6.300454 6.558112 6.167191 6.456577 6.448721 6.404465 6.39609 6.422483 6.314065 6.299885 6.693407 6.328376 6.352167 6.282898 6.239392 6.2377 6.156609 6.552164 6.547512 6.45661 6.379961 6.407335 6.338708 6.340242 6.31246 6.273146 6.328484 6.434057 6.367477 6.339898 6.712589 6.378763 6.337597 6.391589 6.373603 6.372396 6.373548 7.112309 7.361404 6.701327 6.679719 6.332904 6.417847 11.755088 9.495708 6.435672 6.518974 
sleepT=59.555318 59.771445 59.752864 59.815497 59.733508 59.964266 59.872098 59.949894 59.547626 60.082809 59.9857 59.993273 60.007753 60.054242 60.052228 60.156153 60.010009 60.001415 60.027991 60.053472 59.862703 59.711077 60.105083 59.726406 59.738082 60.150142 59.994852 60.021655 60.019293 60.032401 60.044744 60.138739 59.71192 59.886507 59.891675 59.652332 59.663123 59.362617 59.45474 59.680973 59.576707 59.718174 59.700532 59.649132 59.701887 59.686849 59.778323 59.388571 59.848162 59.747498 59.738259 59.730586 59.735884 59.741192 59.740451 59.439462 59.323312 59.748799 59.552745 59.354907 59.353604 59.780502 59.765162 59.602884 59.436813 59.341658 59.381207 59.720775 59.695523 59.770358 59.724731 59.657899 59.751046 59.752954 59.432592 59.318781 59.766293 59.429938 59.844687 59.786168 59.773361 59.72678 59.787005 59.421326 59.824744 59.510941 59.398145 59.773728 59.809428 59.464939 59.867995 59.967873 59.764658 59.787281 59.825154 59.561651 59.419117 59.785415 59.805759 59.80816 59.785917 59.884445 59.869139 59.803625 59.828854 59.856694 59.508779 59.79816 59.415749 59.87799 59.851883 59.968293 59.808572 59.821588 59.865538 59.42282 59.508822 59.823884 59.857757 59.796189 59.833667 59.8123 59.549163 59.537988 59.978617 59.85363 59.855479 59.920992 59.907015 59.892034 59.518138 59.556 59.448745 59.800757 59.951705 59.804307 59.559549 59.475526 59.566316 59.834162 59.868993 59.860051 59.849181 59.868681 60.050938 59.528973 59.582994 59.456889 59.792329 59.854758 59.895914 59.920475 59.921621 59.683249 60.061133 59.697719 59.787319 59.832217 59.817294 59.807389 59.92088 59.933332 59.54282 59.909021 59.791192 59.957801 59.992963 60.161302 60.082794 59.691001 59.612692 59.774719 59.865891 59.834076 59.883314 59.89642 59.924543 60.140328 59.827142 59.807861 59.891157 59.903845 59.531809 59.838961 59.901959 59.863332 59.866748 59.860369 59.863238 59.148069 59.05874 59.548715 59.493925 59.835838 59.833889 54.485825 56.155892 59.809869 59.735121 
