RUN=0
name=cam1
width=640
height=480
fps=25
realfps=24.92
reads=199
time=5
samples=2e+02
start_time=14905
end_time=15905.1
energy=39867000 39867000 39867000 39813000 39813000 39813000 39759000 39759000 39759000 39759000 39715000 39715000 39715000 39651000 39651000 39651000 39607000 39607000 39607000 39553000 39553000 39553000 39553000 39499000 39499000 39499000 39445000 39445000 39445000 39402000 39402000 39402000 39402000 39337000 39337000 39337000 39294000 39294000 39294000 39229000 39229000 39229000 39186000 39186000 39186000 39186000 39132000 39132000 39132000 39088000 39088000 39088000 39024000 39024000 39024000 39024000 38980000 38980000 38980000 38916000 38916000 38916000 38872000 38872000 38872000 38872000 38818000 38818000 38818000 38764000 38764000 38764000 38710000 38710000 38710000 38667000 38667000 38667000 38667000 38602000 38602000 38602000 38559000 38559000 38559000 38494000 38494000 38494000 38494000 38451000 38451000 38451000 38397000 38397000 38397000 38353000 38353000 38353000 38289000 38289000 38289000 38289000 38245000 38245000 38245000 38180000 38180000 38180000 38137000 38137000 38137000 38137000 38083000 38083000 38083000 38018000 38018000 38018000 37975000 37975000 37975000 37910000 37910000 37910000 37910000 37867000 37867000 37867000 37813000 37813000 37813000 37770000 37770000 37770000 37770000 37705000 37705000 37705000 37662000 37662000 37662000 37597000 37597000 37597000 37553000 37553000 37553000 37553000 37499000 37499000 37499000 37445000 37445000 37445000 37391000 37391000 37391000 37391000 37348000 37348000 37348000 37283000 37283000 37283000 37240000 37240000 37240000 37175000 37175000 37175000 37175000 37132000 37132000 37132000 37078000 37078000 37078000 37013000 37013000 37013000 37013000 36970000 36970000 36970000 36905000 36905000 36905000 36862000 36862000 36862000 36862000 36808000 36808000 36808000 36764000 36764000 36764000 36699000 36699000 
power=10647000 10647000 10647000 11253000 11253000 11253000 11469000 11469000 11469000 11469000 11577000 11577000 11577000 11707000 11707000 11707000 11685000 11685000 11685000 11685000 11685000 11685000 11685000 11793000 11793000 11793000 11847000 11847000 11847000 11869000 11869000 11869000 11869000 11901000 11901000 11901000 11793000 11793000 11793000 11847000 11847000 11847000 11869000 11869000 11869000 11869000 11869000 11869000 11869000 11793000 11793000 11793000 11847000 11847000 11847000 11847000 11869000 11869000 11869000 11869000 11869000 11869000 11793000 11793000 11793000 11793000 11847000 11847000 11847000 11869000 11869000 11869000 11761000 11761000 11761000 11847000 11847000 11847000 11847000 11869000 11869000 11869000 11869000 11869000 11869000 11782000 11782000 11782000 11782000 11674000 11674000 11674000 11631000 11631000 11631000 11696000 11696000 11696000 11631000 11631000 11631000 11631000 11696000 11696000 11696000 11663000 11663000 11663000 11804000 11804000 11804000 11804000 11804000 11804000 11804000 11782000 11782000 11782000 11804000 11804000 11804000 11782000 11782000 11782000 11782000 11782000 11782000 11782000 11891000 11891000 11891000 11836000 11836000 11836000 11836000 11804000 11804000 11804000 11707000 11707000 11707000 11631000 11631000 11631000 11804000 11804000 11804000 11804000 11674000 11674000 11674000 11728000 11728000 11728000 11782000 11782000 11782000 11782000 11750000 11750000 11750000 11674000 11674000 11674000 11728000 11728000 11728000 11663000 11663000 11663000 11663000 11696000 11696000 11696000 11750000 11750000 11750000 11750000 11750000 11750000 11750000 11782000 11782000 11782000 11782000 11782000 11782000 11782000 11782000 11782000 11782000 11782000 11782000 11782000 11782000 11782000 11782000 11782000 11782000 
voltage=10810000 10810000 10810000 10810000 10810000 10810000 10810000 10810000 10810000 10810000 10810000 10810000 10810000 10810000 10810000 10810000 10810000 10810000 10810000 10810000 10810000 10810000 10810000 10810000 10810000 10810000 10810000 10810000 10810000 10810000 10810000 10810000 10810000 10810000 10810000 10810000 10810000 10810000 10810000 10810000 10810000 10810000 10810000 10810000 10810000 10810000 10810000 10810000 10810000 10810000 10810000 10810000 10810000 10810000 10810000 10810000 10810000 10810000 10810000 10810000 10810000 10810000 10810000 10810000 10810000 10810000 10810000 10810000 10810000 10810000 10810000 10810000 10810000 10810000 10810000 10810000 10810000 10810000 10810000 10810000 10810000 10810000 10810000 10810000 10810000 10810000 10810000 10810000 10810000 10810000 10810000 10810000 10810000 10810000 10810000 10810000 10810000 10810000 10810000 10810000 10810000 10810000 10810000 10810000 10810000 10810000 10810000 10810000 10810000 10810000 10810000 10810000 10810000 10810000 10810000 10810000 10810000 10810000 10810000 10810000 10810000 10810000 10810000 10810000 10810000 10810000 10810000 10810000 10810000 10810000 10810000 10810000 10810000 10810000 10810000 10810000 10810000 10810000 10810000 10810000 10810000 10810000 10810000 10810000 10810000 10810000 10810000 10810000 10810000 10810000 10810000 10810000 10810000 10810000 10810000 10810000 10810000 10810000 10810000 10810000 10810000 10810000 10810000 10810000 10810000 10810000 10810000 10810000 10810000 10810000 10810000 10810000 10810000 10810000 10810000 10810000 10810000 10810000 10810000 10810000 10810000 10810000 10810000 10810000 10810000 10810000 10810000 10810000 10810000 10810000 10810000 10810000 10810000 10810000 10810000 10810000 10810000 10810000 10810000 
captureT=6.443038 6.225692 6.606794 6.557377 6.606443 6.22223 6.107464 6.229649 6.557631 6.25517 6.251055 6.575619 6.161173 6.164026 6.492067 6.230063 6.561143 6.230977 6.18087 6.513798 6.59847 6.173339 6.360889 6.218911 6.161989 6.260592 6.646653 6.264618 6.293251 6.676034 6.21445 6.588929 6.190296 6.24586 6.474797 6.235767 6.544745 6.15273 6.153723 6.207971 6.690269 6.181542 6.293766 6.150006 6.162249 6.1841 6.131538 6.347144 6.1627 6.541341 6.148132 6.192646 6.158316 6.151496 6.185311 6.137079 6.203204 6.446179 6.149062 6.511024 6.254716 6.147254 6.122477 6.304625 6.143198 6.096671 6.221167 6.470767 6.159708 6.212633 6.531392 6.13329 6.485451 6.194445 6.544004 6.146531 6.463205 6.128565 6.20088 6.1916 6.11103 6.521066 6.179033 6.113638 6.144712 6.184589 6.545314 6.181653 6.502323 6.451863 6.168727 6.5185 6.134694 6.183364 6.460789 6.149098 6.196079 6.075847 6.44256 6.488929 6.174053 6.538389 6.176926 6.106856 6.527616 6.1867 6.096148 6.066995 6.172949 6.52253 6.166711 6.179456 6.124597 6.19614 6.537859 6.133994 6.108791 6.549351 6.164773 6.535286 6.154338 6.102708 6.456885 6.158177 6.189085 6.485704 6.178808 6.11875 6.177219 6.466533 6.035467 6.34812 6.071151 6.45219 6.047258 6.06369 6.03707 5.983806 6.104895 6.455208 6.043275 6.440391 6.044948 6.048213 6.09723 6.127039 6.098607 6.43061 6.062108 6.037398 6.369715 6.476234 6.042629 6.023507 6.363643 6.064541 6.034354 6.118142 6.064524 6.069871 6.017544 6.062408 6.099333 6.361895 6.029296 6.036677 6.034719 6.177863 6.394233 6.072829 6.508027 6.101115 6.358603 6.059136 6.085875 6.027375 6.04566 6.019461 6.354994 6.049649 6.060686 6.030622 6.03079 6.093078 6.039054 6.030658 6.09201 6.452849 5.973736 6.102218 6.018206 6.472899 6.074043 6.43852 6.029249 6.45333 6.066291 6.45987 6.124051 
sleepT=33.011328 33.331291 32.881824 32.925483 32.956986 33.353108 33.457789 33.325004 33.015869 33.325381 33.323281 32.909905 33.410142 33.326574 33.086379 33.331046 32.998937 33.340622 33.310566 33.234035 32.975157 33.393184 33.21611 33.346325 33.413162 33.315615 32.919241 33.303238 33.269064 33.075181 33.357717 32.903378 33.379478 33.33033 33.100598 33.337129 33.021952 33.415865 33.342694 33.345472 32.880518 33.396179 33.459518 33.41655 33.412602 33.306119 33.357261 33.228478 33.411212 32.941192 33.422989 33.304744 33.592064 33.423161 33.308136 33.438019 33.36932 33.051261 33.424826 33.054874 33.312706 33.341077 33.443652 33.251098 33.329501 33.478771 33.350906 33.10163 33.398214 33.358685 33.041901 33.437166 33.078673 33.37688 33.036551 33.603751 33.10812 33.443505 33.375274 33.378789 33.378347 33.046456 33.386788 33.45875 33.428912 33.366833 33.024758 33.383179 32.986061 33.117718 33.402458 32.962763 33.430616 33.391429 33.112424 33.414261 33.360917 33.411271 33.299154 33.076691 33.39635 33.027496 33.405376 33.382782 33.0466 33.379686 33.390211 33.508227 33.379225 33.046456 33.410084 33.388551 33.445825 33.366443 33.034917 33.431443 33.385896 33.025052 33.400386 32.948073 33.413324 33.558017 33.113644 33.405696 33.370323 33.081607 33.392594 33.453755 33.372927 33.102195 33.45926 33.216565 33.497999 33.039582 33.541959 33.501065 33.537022 33.589687 33.467763 33.030062 33.527869 33.043345 33.5248 33.521458 33.641583 33.436239 33.467097 33.136367 33.504121 33.444002 33.205112 33.080761 33.523139 33.469723 33.384581 33.507175 33.542592 33.456381 33.500792 33.481701 33.5549 33.50365 33.472042 33.214958 33.458536 33.531046 33.539961 33.580576 33.173583 33.498201 33.050395 33.471339 33.213995 33.514872 33.468705 33.540945 33.521662 33.729829 33.213029 33.518946 33.430228 33.537347 33.543767 33.479975 33.524184 33.541275 33.474319 33.113503 33.594748 33.464332 33.552447 33.091304 33.496874 33.048778 33.454624 33.113985 33.507427 33.10519 33.446776 
