RUN=0
name=cam1
width=640
height=480
fps=15
realfps=14.97
reads=199
time=5
samples=2e+02
start_time=4383.68
end_time=5383.8
energy=71691000 71691000 71691000 71691000 71627000 71627000 71627000 71583000 71583000 71583000 71540000 71540000 71540000 71540000 71497000 71497000 71497000 71454000 71454000 71454000 71410000 71410000 71410000 71410000 71346000 71346000 71346000 71302000 71302000 71302000 71259000 71259000 71259000 71259000 71205000 71205000 71205000 71162000 71162000 71162000 71118000 71118000 71118000 71118000 71064000 71064000 71064000 71010000 71010000 71010000 70967000 70967000 70967000 70924000 70924000 70924000 70924000 70881000 70881000 70881000 70837000 70837000 70837000 70773000 70773000 70773000 70773000 70729000 70729000 70729000 70686000 70686000 70686000 70643000 70643000 70643000 70643000 70600000 70600000 70600000 70546000 70546000 70546000 70492000 70492000 70492000 70492000 70448000 70448000 70448000 70405000 70405000 70405000 70351000 70351000 70351000 70351000 70308000 70308000 70308000 70254000 70254000 70254000 70210000 70210000 70210000 70156000 70156000 70156000 70156000 70113000 70113000 70113000 70070000 70070000 70070000 70027000 70027000 70027000 70027000 69962000 69962000 69962000 69919000 69919000 69919000 69875000 69875000 69875000 69875000 69832000 69832000 69832000 69789000 69789000 69789000 69746000 69746000 69746000 69746000 69681000 69681000 69681000 69638000 69638000 69638000 69594000 69594000 69594000 69594000 69551000 69551000 69551000 69497000 69497000 69497000 69443000 69443000 69443000 69400000 69400000 69400000 69400000 69356000 69356000 69356000 69302000 69302000 69302000 69259000 69259000 69259000 69259000 69205000 69205000 69205000 69162000 69162000 69162000 69108000 69108000 69108000 69108000 69065000 69065000 69065000 69021000 69021000 69021000 68956000 68956000 68956000 68956000 68913000 68913000 68913000 68870000 68870000 68870000 
power=11004000 11004000 11004000 11004000 11242000 11242000 11242000 11350000 11350000 11350000 11555000 11555000 11555000 11555000 11555000 11555000 11555000 11523000 11523000 11523000 11523000 11523000 11523000 11523000 11501000 11501000 11501000 11501000 11501000 11501000 11501000 11501000 11501000 11501000 11501000 11501000 11501000 11501000 11501000 11501000 11501000 11501000 11501000 11501000 11501000 11501000 11501000 11501000 11501000 11501000 11501000 11501000 11501000 11501000 11501000 11501000 11501000 11501000 11501000 11501000 11620000 11620000 11620000 11555000 11555000 11555000 11555000 11642000 11642000 11642000 11577000 11577000 11577000 11523000 11523000 11523000 11523000 11642000 11642000 11642000 11555000 11555000 11555000 11523000 11523000 11523000 11523000 11642000 11642000 11642000 11555000 11555000 11555000 11523000 11523000 11523000 11523000 11523000 11523000 11523000 11501000 11501000 11501000 11501000 11501000 11501000 11501000 11501000 11501000 11501000 11501000 11501000 11501000 11620000 11620000 11620000 11555000 11555000 11555000 11555000 11523000 11523000 11523000 11523000 11523000 11523000 11620000 11620000 11620000 11620000 11555000 11555000 11555000 11523000 11523000 11523000 11523000 11523000 11523000 11523000 11620000 11620000 11620000 11555000 11555000 11555000 11642000 11642000 11642000 11642000 11577000 11577000 11577000 11642000 11642000 11642000 11577000 11577000 11577000 11545000 11545000 11545000 11545000 11815000 11815000 11815000 11663000 11663000 11663000 11545000 11545000 11545000 11545000 11599000 11599000 11599000 11599000 11599000 11599000 11599000 11599000 11599000 11599000 11523000 11523000 11523000 11577000 11577000 11577000 11480000 11480000 11480000 11480000 11545000 11545000 11545000 11599000 11599000 11599000 
voltage=10810000 10810000 10810000 10810000 10810000 10810000 10810000 10810000 10810000 10810000 10810000 10810000 10810000 10810000 10810000 10810000 10810000 10810000 10810000 10810000 10810000 10810000 10810000 10810000 10810000 10810000 10810000 10810000 10810000 10810000 10810000 10810000 10810000 10810000 10810000 10810000 10810000 10810000 10810000 10810000 10810000 10810000 10810000 10810000 10810000 10810000 10810000 10810000 10810000 10810000 10810000 10810000 10810000 10810000 10810000 10810000 10810000 10810000 10810000 10810000 10810000 10810000 10810000 10810000 10810000 10810000 10810000 10810000 10810000 10810000 10810000 10810000 10810000 10810000 10810000 10810000 10810000 10810000 10810000 10810000 10810000 10810000 10810000 10810000 10810000 10810000 10810000 10810000 10810000 10810000 10810000 10810000 10810000 10810000 10810000 10810000 10810000 10810000 10810000 10810000 10810000 10810000 10810000 10810000 10810000 10810000 10810000 10810000 10810000 10810000 10810000 10810000 10810000 10810000 10810000 10810000 10810000 10810000 10810000 10810000 10810000 10810000 10810000 10810000 10810000 10810000 10810000 10810000 10810000 10810000 10810000 10810000 10810000 10810000 10810000 10810000 10810000 10810000 10810000 10810000 10810000 10810000 10810000 10810000 10810000 10810000 10810000 10810000 10810000 10810000 10810000 10810000 10810000 10810000 10810000 10810000 10810000 10810000 10810000 10810000 10810000 10810000 10810000 10810000 10810000 10810000 10810000 10810000 10810000 10810000 10810000 10810000 10810000 10810000 10810000 10810000 10810000 10810000 10810000 10810000 10810000 10810000 10810000 10810000 10810000 10810000 10810000 10810000 10810000 10810000 10810000 10810000 10810000 10810000 10810000 10810000 10810000 10810000 10810000 
captureT=6.124257 6.014959 6.008411 6.041914 6.063874 6.465801 6.449948 6.07548 6.127084 5.92733 6.037616 6.021033 5.999009 5.97925 6.31196 6.378736 6.017862 6.030069 5.918338 5.884352 6.390713 5.97653 5.930376 5.871751 5.970724 5.920415 5.842234 6.257289 6.306663 6.004156 5.949535 5.939041 5.933554 6.415578 6.425834 6.019243 6.02793 6.488184 6.078465 6.014455 6.335569 6.081968 6.09554 6.174146 6.167515 6.155558 6.142713 6.088661 6.482603 6.53049 6.616261 6.166265 6.281165 6.179753 6.545196 6.158881 6.479034 6.089841 6.064533 6.209603 6.1775 6.14765 6.074455 6.173307 6.552237 6.563468 6.560007 6.276383 6.255937 6.238373 6.16945 6.133419 6.622265 6.588552 6.142295 6.240956 6.255958 6.144517 6.127545 6.580691 6.095979 6.336958 6.142618 6.233705 6.26341 6.255122 6.236898 6.174515 6.286097 6.191012 6.206217 6.585146 6.61872 6.524614 6.536324 6.222268 6.243189 6.234251 6.185161 6.201124 6.61774 6.107831 6.147019 6.131805 6.092605 6.139567 6.621821 6.564494 6.637132 6.617637 6.2764 6.230177 6.252139 6.55345 6.573978 6.232611 6.654389 6.187977 6.198437 6.201659 6.642095 6.567676 6.502941 6.198533 6.074388 6.084024 6.244568 6.287402 6.192592 6.486326 6.516919 6.193388 6.29172 6.132764 7.416562 7.665843 6.089686 6.101247 6.480511 6.535191 6.132267 6.202386 7.135824 6.219558 6.237019 6.298788 6.177378 6.58958 6.479607 7.464008 6.324207 6.244051 6.217692 6.221967 7.848565 7.663476 6.240383 6.226139 6.207917 6.258926 6.507051 6.218673 6.140397 6.233924 6.247619 6.201905 6.529634 6.605102 6.277354 6.199909 6.183813 6.185032 6.630105 6.594827 6.532187 6.56696 6.197602 6.363513 6.215252 6.224042 6.231933 6.180218 6.119163 6.22871 6.183057 6.15529 6.176921 6.268923 6.56675 6.595435 6.534803 6.221028 6.198467 6.097561 6.50702 6.573122 6.180108 6.307453 6.227514 
sleepT=60.098915 60.209535 60.232097 60.207827 60.169216 59.776137 59.792833 60.161362 60.014513 60.211504 60.379985 60.221306 60.243684 60.261412 59.925962 59.868007 60.222228 60.200841 60.318972 60.361743 60.024234 60.253906 60.317497 60.37404 60.277002 60.32932 60.393219 59.977605 59.923973 60.240723 60.28169 60.305567 60.30636 59.834046 59.819733 60.211631 60.138533 59.778811 60.162577 60.254226 59.898927 60.179095 60.057833 60.081256 60.072568 60.102267 60.099586 60.168599 59.772488 59.717203 59.541043 60.088158 59.97173 60.239863 59.698867 60.082629 59.768228 60.161167 60.088824 60.041504 60.057146 60.098542 60.169318 60.253159 59.673912 59.663279 59.595676 59.970134 59.988895 60.006359 60.064903 60.11137 59.628078 59.745083 60.018176 60.006609 59.993221 60.104776 60.121953 59.668278 60.136653 59.818457 60.022054 60.006876 59.975811 59.979996 60.016552 60.060382 59.884723 60.055749 60.030712 59.663034 59.618146 59.716806 59.692468 60.0129 59.924744 60.009676 60.058532 60.042394 59.621745 60.125803 60.098448 60.109903 60.151097 60.102117 59.794748 59.669962 59.522861 59.617808 59.963777 60.016179 59.994203 59.671984 59.577461 59.944876 59.761688 60.055819 60.038709 60.043688 59.585354 59.659168 59.657407 60.037875 60.166334 60.167057 60.174653 59.957317 60.048487 59.747843 59.720034 59.967845 59.970041 60.112493 58.848487 58.033673 60.160346 60.156237 59.773461 59.650694 60.047329 60.059178 59.122061 60.037809 60.025791 59.964621 60.07381 59.671653 59.768881 58.798989 59.853631 60.016377 60.042057 60.038157 58.416337 58.597016 60.019246 60.036074 60.041771 60.1591 59.746877 60.031236 60.039285 60.025979 60.000906 60.05752 59.716956 59.65592 59.980303 60.215493 60.07066 60.071303 59.62383 59.654266 59.72258 59.683432 59.935635 59.884323 60.036441 60.193482 60.019302 60.06702 60.122709 60.029609 60.065935 60.0928 60.067364 59.980026 59.653835 59.824662 59.625177 60.029505 60.053025 60.151128 59.718634 59.670039 59.979778 59.944083 60.021315 
