RUN=0
name=cam1
width=640
height=480
fps=25
realfps=24.81
reads=198
time=5
samples=2e+02
start_time=14855.2
end_time=15855.3
energy=38710000 38667000 38667000 38667000 38667000 38602000 38602000 38602000 38559000 38559000 38559000 38494000 38494000 38494000 38494000 38451000 38451000 38451000 38397000 38397000 38397000 38353000 38353000 38353000 38353000 38289000 38289000 38289000 38245000 38245000 38245000 38180000 38180000 38180000 38180000 38137000 38137000 38137000 38083000 38083000 38083000 38029000 38029000 38029000 37975000 37975000 37975000 37975000 37932000 37932000 37932000 37867000 37867000 37867000 37813000 37813000 37813000 37813000 37770000 37770000 37770000 37705000 37705000 37705000 37662000 37662000 37662000 37597000 37597000 37597000 37597000 37553000 37553000 37553000 37499000 37499000 37499000 37445000 37445000 37445000 37445000 37391000 37391000 37391000 37348000 37348000 37348000 37283000 37283000 37283000 37240000 37240000 37240000 37240000 37175000 37175000 37175000 37121000 37121000 37121000 37078000 37078000 37078000 37078000 37013000 37013000 37013000 36970000 36970000 36970000 36905000 36905000 36905000 36862000 36862000 36862000 36862000 36808000 36808000 36808000 36743000 36743000 36743000 36699000 36699000 36699000 36699000 36645000 36645000 36645000 36591000 36591000 36591000 36537000 36537000 36537000 36494000 36494000 36494000 36494000 36429000 36429000 36429000 36386000 36386000 36386000 36321000 36321000 36321000 36278000 36278000 36278000 36224000 36224000 36224000 36181000 36181000 36181000 36181000 36116000 36116000 36116000 36072000 36072000 36072000 36008000 36008000 36008000 36008000 35964000 35964000 35964000 35910000 35910000 35910000 35856000 35856000 35856000 35802000 35802000 35802000 35802000 35737000 35737000 35737000 35694000 35694000 35694000 35640000 35640000 35640000 35640000 35586000 35586000 35586000 35532000 35532000 35532000 
power=10755000 11015000 11015000 11015000 11015000 11436000 11436000 11436000 11653000 11653000 11653000 11707000 11707000 11707000 11707000 11728000 11728000 11728000 11815000 11815000 11815000 11847000 11847000 11847000 11847000 11750000 11750000 11750000 11782000 11782000 11782000 11782000 11782000 11782000 11782000 11782000 11782000 11782000 11782000 11782000 11782000 11782000 11782000 11782000 11891000 11891000 11891000 11891000 11836000 11836000 11836000 11707000 11707000 11707000 11750000 11750000 11750000 11750000 11750000 11750000 11750000 11750000 11750000 11750000 11674000 11674000 11674000 11836000 11836000 11836000 11836000 11804000 11804000 11804000 11782000 11782000 11782000 11912000 11912000 11912000 11912000 11836000 11836000 11836000 11804000 11804000 11804000 11804000 11804000 11804000 11891000 11891000 11891000 11891000 11945000 11945000 11945000 11858000 11858000 11858000 11945000 11945000 11945000 11945000 11858000 11858000 11858000 11912000 11912000 11912000 11966000 11966000 11966000 11966000 11966000 11966000 11966000 11891000 11891000 11891000 11945000 11945000 11945000 11858000 11858000 11858000 11858000 11804000 11804000 11804000 11804000 11804000 11804000 11674000 11674000 11674000 11631000 11631000 11631000 11631000 11609000 11609000 11609000 11480000 11480000 11480000 11534000 11534000 11534000 11555000 11555000 11555000 11555000 11555000 11555000 11588000 11588000 11588000 11588000 11674000 11674000 11674000 11836000 11836000 11836000 11912000 11912000 11912000 11912000 11858000 11858000 11858000 11945000 11945000 11945000 11966000 11966000 11966000 11858000 11858000 11858000 11858000 11945000 11945000 11945000 11858000 11858000 11858000 11804000 11804000 11804000 11804000 11804000 11804000 11804000 11891000 11891000 11891000 
voltage=10810000 10810000 10810000 10810000 10810000 10810000 10810000 10810000 10810000 10810000 10810000 10810000 10810000 10810000 10810000 10810000 10810000 10810000 10810000 10810000 10810000 10810000 10810000 10810000 10810000 10810000 10810000 10810000 10810000 10810000 10810000 10810000 10810000 10810000 10810000 10810000 10810000 10810000 10810000 10810000 10810000 10810000 10810000 10810000 10810000 10810000 10810000 10810000 10810000 10810000 10810000 10810000 10810000 10810000 10810000 10810000 10810000 10810000 10810000 10810000 10810000 10810000 10810000 10810000 10810000 10810000 10810000 10810000 10810000 10810000 10810000 10810000 10810000 10810000 10810000 10810000 10810000 10810000 10810000 10810000 10810000 10810000 10810000 10810000 10810000 10810000 10810000 10810000 10810000 10810000 10810000 10810000 10810000 10810000 10810000 10810000 10810000 10810000 10810000 10810000 10810000 10810000 10810000 10810000 10810000 10810000 10810000 10810000 10810000 10810000 10810000 10810000 10810000 10810000 10810000 10810000 10810000 10810000 10810000 10810000 10810000 10810000 10810000 10810000 10810000 10810000 10810000 10810000 10810000 10810000 10810000 10810000 10810000 10810000 10810000 10810000 10810000 10810000 10810000 10810000 10810000 10810000 10810000 10810000 10810000 10810000 10810000 10810000 10810000 10810000 10810000 10810000 10810000 10810000 10810000 10810000 10810000 10810000 10810000 10810000 10810000 10810000 10810000 10810000 10810000 10810000 10810000 10810000 10810000 10810000 10810000 10810000 10810000 10810000 10810000 10810000 10810000 10810000 10810000 10810000 10810000 10810000 10810000 10810000 10810000 10810000 10810000 10810000 10810000 10810000 10810000 10810000 10810000 10810000 10810000 10810000 10810000 10810000 
captureT=6.920524 6.448582 6.449483 6.831984 6.479071 6.796311 6.435789 6.420073 6.344785 6.358825 6.683492 6.710532 6.286593 6.698847 6.297328 6.349163 6.685855 6.323032 6.696812 6.337926 6.698513 6.294655 6.355761 6.257049 6.361444 6.291473 6.689113 6.308792 6.692686 6.30057 6.339274 6.703479 6.299425 6.486494 6.533128 6.504421 6.427417 6.491022 6.484714 6.496269 6.833979 6.486374 6.808569 6.474422 6.491148 6.388712 6.478373 6.437006 6.477218 6.794984 6.464769 6.79343 6.481011 6.795696 6.495934 6.601262 6.415013 6.500672 6.495611 6.834907 6.484194 6.595597 6.495932 6.553246 6.573228 6.981207 6.56147 6.542577 6.998179 6.476159 6.599173 6.851108 6.497135 6.914065 6.5589 6.590198 6.485653 6.585788 6.903275 6.5131 6.631736 6.488214 6.490425 6.555555 6.531569 6.910794 6.477691 6.571835 6.927432 6.458938 6.553318 6.922981 6.497549 6.920993 6.925484 6.564865 6.898875 6.541884 6.981751 6.924325 6.510454 6.992311 6.937294 6.549058 6.457799 6.612515 6.55822 6.615197 6.569379 6.60083 6.617603 6.931466 6.537479 6.495145 6.935519 6.548531 6.923128 6.898884 6.521213 6.580308 6.890199 6.533282 6.441671 6.518276 6.550511 6.825089 6.536276 6.491648 6.490593 6.831957 6.870162 7.048696 39.997565 40.005853 43.772709 43.905021 39.971337 39.989221 39.986568 44.013523 39.910247 40.054067 39.945389 43.911394 43.991086 39.91167 39.800012 39.854278 44.014575 39.811434 39.730201 39.980743 44.01946 43.97515 40.132322 39.966504 23.933243 8.799472 7.035429 6.666945 7.082022 6.738889 6.691972 6.803483 6.426516 6.504498 6.90391 6.495034 7.037056 6.408998 6.870112 6.471817 6.518934 6.838844 6.470984 6.925859 6.422614 6.496053 6.501309 6.471086 6.457419 6.450481 6.451614 6.840391 6.437709 6.422069 6.466716 6.882349 6.448208 6.431008 6.448854 6.89703 6.429134 6.589469 6.460388 6.466632 6.898844 6.416149 
sleepT=32.446062 33.279531 33.119222 32.726102 33.08395 32.756271 33.133809 33.068001 33.21719 33.215558 32.812203 33.035085 33.206794 32.880017 33.276259 33.232083 32.802031 33.251498 32.860478 33.2351 32.797955 33.262658 33.218949 33.315459 33.228614 33.196427 32.857373 33.262182 32.862098 33.269108 33.232739 32.850061 33.263552 33.087652 33.037579 33.071874 33.14734 33.082395 33.085311 33.076954 32.733166 33.081767 32.687736 33.09305 33.258115 33.175175 33.096347 33.133928 33.09272 32.782793 33.110523 32.779021 33.088586 32.697537 33.072193 32.960443 33.159898 33.078987 33.078889 32.722483 33.085063 32.974933 33.086881 33.016826 32.979691 32.592966 33.010991 33.205924 32.574082 33.094648 32.974046 32.718229 33.078946 32.659933 33.010176 32.977829 33.090939 33.16158 32.658971 33.046001 32.941835 33.077658 32.996305 33.013257 33.042205 32.657981 33.093831 32.998631 32.552514 33.115137 33.19257 32.639419 33.076496 32.566322 32.645089 33.010564 32.589476 33.025361 32.591001 32.650629 33.232637 32.570783 32.546101 33.021381 33.035247 32.963254 33.015284 32.955005 32.999242 32.970177 32.947674 32.554957 33.032325 33.17743 32.620201 33.023035 32.571321 32.588718 33.055699 32.994225 32.678846 33.030828 33.053096 33.231672 33.02188 32.726005 33.035867 33.080318 33.07313 32.731251 32.586647 32.520093 -0.420863 -0.43927 -4.198818 -4.329749 -0.222277 -0.417031 -0.414177 -4.433222 -0.319159 -0.477201 -0.363357 -4.33384 -4.411413 -0.336071 -0.228383 -0.2765 -4.442348 -0.234665 -0.154735 -0.406852 -4.446975 -4.402782 -0.56235 -0.215694 15.635191 30.769711 32.515596 32.907037 32.402877 32.831831 32.873786 32.766051 33.143522 33.058075 32.580274 33.078259 32.537286 33.164168 32.609754 33.099919 33.050706 32.661958 33.091017 32.63479 33.138114 33.101591 33.24109 33.099179 33.114899 33.123925 33.129924 32.655389 33.13784 33.144755 33.10526 32.69357 33.035932 33.140691 33.121265 32.678616 33.139391 32.981659 33.10942 33.095574 32.676338 33.158069 
