RUN=0
name=cam1
width=640
height=480
fps=5
realfps=4.997
reads=199
time=5
samples=2e+02
start_time=2277.98
end_time=3278.2
energy=77356000 77313000 77313000 77313000 77269000 77269000 77269000 77226000 77226000 77226000 77172000 77172000 77172000 77172000 77129000 77129000 77129000 77086000 77086000 77086000 77042000 77042000 77042000 77042000 76999000 76999000 76999000 76956000 76956000 76956000 76902000 76902000 76902000 76859000 76859000 76859000 76859000 76815000 76815000 76815000 76772000 76772000 76772000 76740000 76740000 76740000 76740000 76696000 76696000 76696000 76653000 76653000 76653000 76610000 76610000 76610000 76610000 76567000 76567000 76567000 76513000 76513000 76513000 76469000 76469000 76469000 76469000 76426000 76426000 76426000 76383000 76383000 76383000 76340000 76340000 76340000 76296000 76296000 76296000 76296000 76242000 76242000 76242000 76199000 76199000 76199000 76156000 76156000 76156000 76156000 76113000 76113000 76113000 76069000 76069000 76069000 76026000 76026000 76026000 76026000 75972000 75972000 75972000 75929000 75929000 75929000 75886000 75886000 75886000 75886000 75842000 75842000 75842000 75799000 75799000 75799000 75756000 75756000 75756000 75756000 75702000 75702000 75702000 75659000 75659000 75659000 75615000 75615000 75615000 75615000 75572000 75572000 75572000 75529000 75529000 75529000 75486000 75486000 75486000 75442000 75442000 75442000 75442000 75388000 75388000 75388000 75367000 75367000 75367000 75313000 75313000 75313000 75313000 75270000 75270000 75270000 75226000 75226000 75226000 75183000 75183000 75183000 75183000 75140000 75140000 75140000 75097000 75097000 75097000 75043000 75043000 75043000 75043000 74999000 74999000 74999000 74956000 74956000 74956000 74913000 74913000 74913000 74913000 74870000 74870000 74870000 74826000 74826000 74826000 74783000 74783000 74783000 74783000 74729000 74729000 74729000 74686000 74686000 74686000 
power=10312000 10637000 10637000 10637000 10907000 10907000 10907000 10939000 10939000 10939000 10961000 10961000 10961000 10961000 10874000 10874000 10874000 10939000 10939000 10939000 10842000 10842000 10842000 10842000 10907000 10907000 10907000 10842000 10842000 10842000 10907000 10907000 10907000 10961000 10961000 10961000 10961000 10961000 10961000 10961000 10993000 10993000 10993000 10993000 10993000 10993000 10993000 10993000 10993000 10993000 10993000 10993000 10993000 10993000 10993000 10993000 10993000 10993000 10993000 10993000 10993000 10993000 10993000 10993000 10993000 10993000 10993000 10993000 10993000 10993000 10993000 10993000 10993000 10993000 10993000 10993000 10993000 10993000 10993000 10993000 11101000 11101000 11101000 11047000 11047000 11047000 11026000 11026000 11026000 11026000 11026000 11026000 11026000 10993000 10993000 10993000 10993000 10993000 10993000 10993000 10993000 10993000 10993000 10993000 10993000 10993000 10993000 10993000 10993000 10993000 10874000 10874000 10874000 10939000 10939000 10939000 10961000 10961000 10961000 10961000 10961000 10961000 10961000 10993000 10993000 10993000 10907000 10907000 10907000 10907000 10907000 10907000 10907000 10907000 10907000 10907000 10907000 10907000 10907000 10907000 10907000 10907000 10907000 10907000 10907000 10907000 10907000 10907000 10907000 10907000 10907000 10907000 10907000 10907000 10907000 10907000 11015000 11015000 11015000 11069000 11069000 11069000 11069000 10993000 10993000 10993000 10950000 10950000 10950000 10928000 10928000 10928000 10928000 11015000 11015000 11015000 10950000 10950000 10950000 10928000 10928000 10928000 10928000 10928000 10928000 10928000 10907000 10907000 10907000 11015000 11015000 11015000 11015000 10950000 10950000 10950000 10928000 10928000 10928000 
voltage=10810000 10810000 10810000 10810000 10810000 10810000 10810000 10810000 10810000 10810000 10810000 10810000 10810000 10810000 10810000 10810000 10810000 10810000 10810000 10810000 10810000 10810000 10810000 10810000 10810000 10810000 10810000 10810000 10810000 10810000 10810000 10810000 10810000 10810000 10810000 10810000 10810000 10810000 10810000 10810000 10810000 10810000 10810000 10810000 10810000 10810000 10810000 10810000 10810000 10810000 10810000 10810000 10810000 10810000 10810000 10810000 10810000 10810000 10810000 10810000 10810000 10810000 10810000 10810000 10810000 10810000 10810000 10810000 10810000 10810000 10810000 10810000 10810000 10810000 10810000 10810000 10810000 10810000 10810000 10810000 10810000 10810000 10810000 10810000 10810000 10810000 10810000 10810000 10810000 10810000 10810000 10810000 10810000 10810000 10810000 10810000 10810000 10810000 10810000 10810000 10810000 10810000 10810000 10810000 10810000 10810000 10810000 10810000 10810000 10810000 10810000 10810000 10810000 10810000 10810000 10810000 10810000 10810000 10810000 10810000 10810000 10810000 10810000 10810000 10810000 10810000 10810000 10810000 10810000 10810000 10810000 10810000 10810000 10810000 10810000 10810000 10810000 10810000 10810000 10810000 10810000 10810000 10810000 10810000 10810000 10810000 10810000 10810000 10810000 10810000 10810000 10810000 10810000 10810000 10810000 10810000 10810000 10810000 10810000 10810000 10810000 10810000 10810000 10810000 10810000 10810000 10810000 10810000 10810000 10810000 10810000 10810000 10810000 10810000 10810000 10810000 10810000 10810000 10810000 10810000 10810000 10810000 10810000 10810000 10810000 10810000 10810000 10810000 10810000 10810000 10810000 10810000 10810000 10810000 10810000 10810000 10810000 10810000 10810000 
captureT=5.901756 5.841591 5.78325 5.828566 5.867907 5.937208 5.852585 5.902487 5.883 6.054105 13.813386 5.768627 5.711358 6.056117 6.188253 5.805392 5.742585 6.100597 5.778652 5.689013 5.684604 5.764933 5.793429 5.686842 6.089944 6.06846 6.089584 5.930248 5.846846 6.156247 5.674236 5.713944 5.75819 6.15577 6.381988 6.086632 6.066224 6.383873 6.38823 6.060508 6.002073 6.385343 6.073564 6.175036 6.399675 5.996118 6.129455 6.061065 6.332317 5.98899 6.075395 6.000942 5.948495 5.949189 6.032015 5.916305 6.325761 6.023958 5.979252 6.383348 6.177151 6.072436 6.004189 6.076236 6.09499 5.985567 6.293019 6.047289 5.992651 6.267819 6.126673 6.015712 6.35208 6.323529 5.987544 5.99448 6.350396 5.891174 5.992229 6.238412 6.251207 5.978624 6.010225 6.377226 5.979146 6.412487 6.375321 6.304645 6.025409 5.941636 5.841938 6.0032 5.927023 5.965451 6.224995 5.992111 6.033197 6.346366 6.227555 5.999044 5.950139 6.195578 5.977626 6.007215 6.340371 5.997237 5.994605 6.354526 6.288103 6.038448 5.958227 6.244822 5.998969 5.862969 5.916455 5.954668 6.024817 6.058865 6.247237 5.94512 5.881016 6.364898 5.983539 6.048089 6.263114 5.948129 6.038867 5.954674 6.374516 5.948435 5.998585 6.31857 5.866761 5.947081 5.982443 5.872959 6.360381 5.941195 6.044998 6.335107 5.927603 5.993857 5.865908 6.243882 5.966521 5.937233 6.315772 5.932851 5.967011 6.335261 5.861616 5.962189 5.907581 6.282382 5.967819 5.945398 6.366432 5.964131 6.029658 5.982165 6.369179 5.925139 6.276694 6.269984 5.868335 5.969461 6.429296 5.902249 5.877549 5.979326 5.986727 6.192266 5.947895 5.901329 6.347101 5.91622 5.998469 6.350375 6.262179 5.994774 5.934643 6.3627 6.000436 6.040959 5.983523 5.879527 6.015699 5.987337 6.264585 6.003638 5.890441 6.480979 5.965789 5.971493 6.05449 5.899626 5.975479 6.226673 5.987989 
sleepT=193.54776 193.70707 193.78204 193.73914 193.69539 193.62111 193.7186 193.6629 193.59809 193.53255 185.9465 193.7854 193.85817 193.51121 193.39639 193.7486 193.81864 193.46643 193.78631 193.7981 193.88293 193.7942 193.76135 193.89275 193.48068 193.4984 193.47723 193.64062 193.73531 193.41206 193.89238 193.84861 193.79359 193.59434 193.18799 193.48125 193.48751 193.09907 193.1801 193.49519 193.48032 193.17935 193.50369 193.55445 193.08743 193.57087 193.43944 193.51015 193.15635 193.57917 193.49087 193.56856 193.62377 193.60241 193.53912 193.65443 193.25485 193.54875 193.51099 193.18534 193.39819 193.49623 193.56712 193.49014 193.46327 193.50409 193.28026 193.52188 193.50329 193.30413 193.44428 193.55688 193.21774 193.24201 193.58083 193.5613 193.39905 193.67784 193.57597 193.24956 193.31976 193.58534 193.55828 193.19033 193.58763 193.15536 193.37777 193.26461 193.54226 193.54665 193.72607 193.56504 193.56742 193.60383 193.34155 193.57919 193.7106 193.14361 193.34423 193.57142 193.55662 193.367 193.59056 193.56446 193.22829 193.57461 193.74763 193.14458 193.28151 193.53038 193.53514 193.32157 193.56943 193.70895 193.56898 193.60617 193.54676 193.43261 193.31927 193.63657 193.61074 193.19832 193.58615 193.45555 193.32347 193.62202 193.52905 193.53377 193.18917 193.61966 193.55689 193.25069 193.7011 193.62269 193.58799 193.61083 193.20613 193.62643 193.51136 193.4084 193.64099 193.57297 193.70224 193.32255 193.60495 193.55495 193.25502 193.63646 193.59209 193.41481 193.71045 193.60602 193.66099 193.29086 193.60454 193.54233 193.20404 193.60334 193.52319 193.77045 193.20467 193.64231 193.29405 193.31471 193.6207 193.6009 193.14177 193.66962 193.6933 193.77092 193.58308 193.3735 193.62021 193.5839 193.22385 193.65394 193.56471 193.13971 193.31023 193.57252 193.55758 193.20655 193.58447 193.51877 193.58493 193.69078 193.55221 193.5811 193.3043 193.56423 193.59593 193.08914 193.60557 193.59096 193.51381 193.66497 193.59474 193.34583 193.5794 
