RUN=0
name=cam1
width=640
height=480
fps=25
realfps=24.92
reads=199
time=5
samples=2e+02
start_time=6586
end_time=7586.06
energy=65573000 65530000 65530000 65530000 65465000 65465000 65465000 65465000 65422000 65422000 65422000 65378000 65378000 65378000 65324000 65324000 65324000 65270000 65270000 65270000 65270000 65227000 65227000 65227000 65173000 65173000 65173000 65119000 65119000 65119000 65119000 65076000 65076000 65076000 65032000 65032000 65032000 64978000 64978000 64978000 64924000 64924000 64924000 64924000 64881000 64881000 64881000 64827000 64827000 64827000 64784000 64784000 64784000 64784000 64730000 64730000 64730000 64676000 64676000 64676000 64632000 64632000 64632000 64589000 64589000 64589000 64589000 64524000 64524000 64524000 64481000 64481000 64481000 64438000 64438000 64438000 64438000 64373000 64373000 64373000 64330000 64330000 64330000 64287000 64287000 64287000 64222000 64222000 64222000 64222000 64178000 64178000 64178000 64135000 64135000 64135000 64070000 64070000 64070000 64070000 64027000 64027000 64027000 63984000 63984000 63984000 63930000 63930000 63930000 63930000 63876000 63876000 63876000 63833000 63833000 63833000 63779000 63779000 63779000 63735000 63735000 63735000 63735000 63670000 63670000 63670000 63627000 63627000 63627000 63584000 63584000 63584000 63584000 63519000 63519000 63519000 63476000 63476000 63476000 63433000 63433000 63433000 63368000 63368000 63368000 63368000 63324000 63324000 63324000 63281000 63281000 63281000 63216000 63216000 63216000 63216000 63173000 63173000 63173000 63130000 63130000 63130000 63076000 63076000 63076000 63022000 63022000 63022000 63022000 62979000 62979000 62979000 62925000 62925000 62925000 62870000 62870000 62870000 62870000 62827000 62827000 62827000 62773000 62773000 62773000 62730000 62730000 62730000 62676000 62676000 62676000 62676000 62622000 62622000 62622000 62579000 62579000 62579000 62535000 
power=10518000 10831000 10831000 10831000 11307000 11307000 11307000 11307000 11642000 11642000 11642000 11836000 11836000 11836000 11955000 11955000 11955000 11869000 11869000 11869000 11869000 11934000 11934000 11934000 11955000 11955000 11955000 11836000 11836000 11836000 11836000 11934000 11934000 11934000 11955000 11955000 11955000 11836000 11836000 11836000 11934000 11934000 11934000 11934000 11836000 11836000 11836000 11891000 11891000 11891000 11955000 11955000 11955000 11955000 11955000 11955000 11955000 11988000 11988000 11988000 11988000 11988000 11988000 11988000 11988000 11988000 11988000 11869000 11869000 11869000 11815000 11815000 11815000 12009000 12009000 12009000 12009000 11977000 11977000 11977000 11977000 11977000 11977000 11891000 11891000 11891000 11934000 11934000 11934000 11934000 11955000 11955000 11955000 11955000 11955000 11955000 11988000 11988000 11988000 11988000 11988000 11988000 11988000 11988000 11988000 11988000 11988000 11988000 11988000 11988000 11988000 11988000 11988000 11891000 11891000 11891000 11891000 11891000 11891000 11891000 11891000 11891000 11891000 11891000 11891000 11891000 11891000 11891000 11891000 11891000 11891000 11891000 11891000 11891000 11891000 11891000 11891000 11891000 11891000 11988000 11988000 11988000 11934000 11934000 11934000 11934000 11912000 11912000 11912000 11912000 11912000 11912000 11772000 11772000 11772000 11772000 11826000 11826000 11826000 11847000 11847000 11847000 11847000 11847000 11847000 11988000 11988000 11988000 11988000 11934000 11934000 11934000 11912000 11912000 11912000 11912000 11912000 11912000 11912000 11891000 11891000 11891000 11891000 11891000 11891000 11891000 11891000 11891000 11891000 11891000 11891000 11891000 11891000 11891000 11891000 11891000 11891000 11891000 11891000 
voltage=10810000 10810000 10810000 10810000 10810000 10810000 10810000 10810000 10810000 10810000 10810000 10810000 10810000 10810000 10810000 10810000 10810000 10810000 10810000 10810000 10810000 10810000 10810000 10810000 10810000 10810000 10810000 10810000 10810000 10810000 10810000 10810000 10810000 10810000 10810000 10810000 10810000 10810000 10810000 10810000 10810000 10810000 10810000 10810000 10810000 10810000 10810000 10810000 10810000 10810000 10810000 10810000 10810000 10810000 10810000 10810000 10810000 10810000 10810000 10810000 10810000 10810000 10810000 10810000 10810000 10810000 10810000 10810000 10810000 10810000 10810000 10810000 10810000 10810000 10810000 10810000 10810000 10810000 10810000 10810000 10810000 10810000 10810000 10810000 10810000 10810000 10810000 10810000 10810000 10810000 10810000 10810000 10810000 10810000 10810000 10810000 10810000 10810000 10810000 10810000 10810000 10810000 10810000 10810000 10810000 10810000 10810000 10810000 10810000 10810000 10810000 10810000 10810000 10810000 10810000 10810000 10810000 10810000 10810000 10810000 10810000 10810000 10810000 10810000 10810000 10810000 10810000 10810000 10810000 10810000 10810000 10810000 10810000 10810000 10810000 10810000 10810000 10810000 10810000 10810000 10810000 10810000 10810000 10810000 10810000 10810000 10810000 10810000 10810000 10810000 10810000 10810000 10810000 10810000 10810000 10810000 10810000 10810000 10810000 10810000 10810000 10810000 10810000 10810000 10810000 10810000 10810000 10810000 10810000 10810000 10810000 10810000 10810000 10810000 10810000 10810000 10810000 10810000 10810000 10810000 10810000 10810000 10810000 10810000 10810000 10810000 10810000 10810000 10810000 10810000 10810000 10810000 10810000 10810000 10810000 10810000 10810000 10810000 10810000 
captureT=6.581788 6.826065 6.314326 6.414195 6.697019 6.325216 6.767154 6.299498 6.365173 6.641029 6.354791 6.287082 6.250072 6.34519 6.290919 6.270995 6.347055 6.713417 6.375513 6.388085 6.364955 6.401316 6.818737 6.373355 6.399194 6.633035 6.372537 6.702081 6.309391 6.374103 6.597329 6.386126 6.796173 6.150492 6.300961 6.535264 6.218403 6.262416 6.216365 6.520197 6.307507 6.631548 6.219079 6.296644 6.215803 6.308481 6.263174 6.664634 6.284291 6.542706 6.234629 6.268134 6.201163 6.358507 6.262852 6.223339 6.17485 6.562769 6.222667 6.587956 6.646012 6.503923 6.132974 6.24068 6.613033 6.304876 6.336476 6.606676 6.279468 6.320753 6.685153 6.295035 6.295002 6.336432 6.303046 6.348026 6.272284 6.225614 6.317732 6.656334 6.316529 6.66543 6.347596 6.334898 6.351588 6.663087 6.311594 6.331465 6.275815 6.233796 6.335782 6.293818 6.227854 6.580317 6.326071 6.621787 6.330731 6.341943 6.644985 6.256245 6.345389 6.257166 6.614616 6.293384 6.33172 6.590475 6.285456 6.292394 6.334591 6.637998 6.224531 6.325891 6.308952 6.293211 6.254843 6.666981 6.648234 6.638305 6.318083 6.246133 6.274488 6.31849 6.700541 6.293455 6.738092 6.328779 6.32856 6.626121 6.280236 6.775522 6.355442 6.384295 6.638653 6.327053 6.339997 6.415847 6.278402 6.337969 6.399642 6.265072 6.330498 6.351928 15.000194 6.291844 6.341818 6.698393 6.310433 6.34599 6.291719 6.697573 6.304444 6.223749 6.223601 6.317629 6.646082 6.661009 6.326386 6.659108 6.251178 6.283972 6.628815 6.2727 6.263236 6.598843 6.190423 6.732187 6.246454 6.276304 6.551288 6.518864 6.160438 6.257499 6.245123 6.268002 6.263985 6.606473 6.241487 6.275248 6.582616 6.184958 6.234386 6.328016 6.272771 6.207673 6.628 6.389813 6.227234 6.27922 6.325359 6.371427 6.267511 6.706823 6.268208 6.298567 6.393562 6.67502 6.351313 6.723899 6.313261 
sleepT=32.863501 32.740502 33.260574 33.088248 32.855412 33.256147 32.817771 33.288118 33.215378 32.948732 33.223013 33.209222 33.327168 33.226141 33.203399 33.31385 33.246749 32.963031 33.203341 33.200643 33.222708 33.187336 32.684407 33.207781 33.162704 32.949437 33.212412 32.781788 33.26978 33.194301 32.991028 33.192196 32.777143 33.431703 33.261271 33.056632 33.352908 33.305527 33.284935 33.06512 33.443654 32.865548 33.367992 33.277508 33.276444 33.280514 33.316923 32.914761 33.29201 33.04535 33.332362 33.318543 33.383455 33.231287 33.302575 33.274976 33.317551 33.01134 33.351586 32.992478 32.919813 33.075369 33.451888 33.500122 32.965594 33.281436 33.22995 32.969103 33.297224 33.258298 32.800551 33.291464 33.286304 33.416501 33.27969 33.236084 33.231846 33.35769 33.251087 32.923462 33.258305 32.909554 33.236931 33.230736 33.220753 32.917464 33.440911 33.233434 33.19714 33.33163 33.240207 33.291776 33.272477 32.988411 33.256107 32.968007 33.418579 33.243216 32.854022 33.328216 33.235019 33.233848 32.969504 33.275658 33.240581 32.992114 33.282971 33.28382 33.242803 32.859957 33.351235 33.258128 33.262634 33.279023 33.243616 32.916348 32.838723 32.945237 33.165251 33.508166 33.306097 33.256865 32.882697 33.289392 32.838396 33.254409 33.242274 32.870928 33.293599 32.712668 33.22531 33.180212 32.941901 33.254143 33.156581 33.16703 33.294018 33.243905 33.184776 33.306614 33.246124 33.233542 24.757945 33.286301 33.2308 32.886108 33.277066 33.24059 33.292177 32.874884 33.276431 33.279361 33.342765 33.257722 32.932712 32.923145 33.232481 32.926807 33.329785 33.275066 32.953584 33.306474 33.306395 32.895582 33.389991 33.020251 33.328109 33.30523 33.023338 33.051214 33.420177 33.327847 33.328752 33.314818 33.323002 33.146399 33.337494 33.309086 33.014296 33.392576 33.341257 33.244796 33.305554 33.297275 32.954597 33.180118 33.34747 33.301044 33.415229 33.205719 33.231412 32.87593 33.324721 33.284554 33.182451 32.892157 33.239331 32.781347 33.448457 
