RUN=0
name=cam1
width=640
height=480
fps=5
realfps=4.997
reads=199
time=5
samples=2e+02
start_time=10647.9
end_time=11648.1
energy=50915000 50915000 50861000 50861000 50861000 50817000 50817000 50817000 50774000 50774000 50774000 50774000 50731000 50731000 50731000 50688000 50688000 50688000 50644000 50644000 50644000 50644000 50590000 50590000 50590000 50536000 50536000 50536000 50493000 50493000 50493000 50493000 50450000 50450000 50450000 50396000 50396000 50396000 50352000 50352000 50352000 50309000 50309000 50309000 50309000 50266000 50266000 50266000 50223000 50223000 50223000 50158000 50158000 50158000 50158000 50115000 50115000 50115000 50071000 50071000 50071000 50028000 50028000 50028000 50028000 49985000 49985000 49985000 49931000 49931000 49931000 49888000 49888000 49888000 49888000 49834000 49834000 49834000 49790000 49790000 49790000 49736000 49736000 49736000 49736000 49693000 49693000 49693000 49650000 49650000 49650000 49607000 49607000 49607000 49607000 49563000 49563000 49563000 49520000 49520000 49520000 49455000 49455000 49455000 49412000 49412000 49412000 49412000 49369000 49369000 49369000 49326000 49326000 49326000 49271000 49271000 49271000 49271000 49228000 49228000 49228000 49174000 49174000 49174000 49131000 49131000 49131000 49131000 49077000 49077000 49077000 49034000 49034000 49034000 48990000 48990000 48990000 48990000 48947000 48947000 48947000 48904000 48904000 48904000 48839000 48839000 48839000 48839000 48796000 48796000 48796000 48753000 48753000 48753000 48709000 48709000 48709000 48666000 48666000 48666000 48666000 48612000 48612000 48612000 48558000 48558000 48558000 48515000 48515000 48515000 48515000 48472000 48472000 48472000 48417000 48417000 48417000 48374000 48374000 48374000 48374000 48331000 48331000 48331000 48288000 48288000 48288000 48223000 48223000 48223000 48223000 48180000 48180000 48180000 48136000 48136000 48136000 48093000 48093000 
power=10323000 10323000 10701000 10701000 10701000 10766000 10766000 10766000 10896000 10896000 10896000 10896000 10842000 10842000 10842000 10918000 10918000 10918000 10982000 10982000 10982000 10982000 10982000 10982000 10982000 10896000 10896000 10896000 10842000 10842000 10842000 10842000 10820000 10820000 10820000 10799000 10799000 10799000 10896000 10896000 10896000 10950000 10950000 10950000 10950000 10874000 10874000 10874000 10842000 10842000 10842000 10918000 10918000 10918000 10918000 10950000 10950000 10950000 10874000 10874000 10874000 10950000 10950000 10950000 10950000 10982000 10982000 10982000 10982000 10982000 10982000 11015000 11015000 11015000 11015000 11015000 11015000 11015000 10896000 10896000 10896000 10950000 10950000 10950000 10950000 10982000 10982000 10982000 10982000 10982000 10982000 11015000 11015000 11015000 11015000 11015000 11015000 11015000 11015000 11015000 11015000 11015000 11015000 11015000 10896000 10896000 10896000 10896000 10950000 10950000 10950000 10885000 10885000 10885000 10885000 10885000 10885000 10885000 11026000 11026000 11026000 10972000 10972000 10972000 10939000 10939000 10939000 10939000 10939000 10939000 10939000 10918000 10918000 10918000 10918000 10918000 10918000 10918000 10918000 10918000 10918000 10918000 10918000 10918000 10918000 10918000 10918000 10918000 10918000 10918000 10918000 10918000 10918000 10918000 10918000 10918000 10918000 10918000 10918000 10918000 10918000 10918000 10918000 10918000 10918000 10918000 10918000 10918000 10918000 10918000 10918000 10918000 10918000 10918000 10799000 10799000 10799000 10745000 10745000 10745000 10745000 10820000 10820000 10820000 10853000 10853000 10853000 10885000 10885000 10885000 10885000 10918000 10918000 10918000 10918000 10918000 10918000 10918000 10918000 
voltage=10810000 10810000 10810000 10810000 10810000 10810000 10810000 10810000 10810000 10810000 10810000 10810000 10810000 10810000 10810000 10810000 10810000 10810000 10810000 10810000 10810000 10810000 10810000 10810000 10810000 10810000 10810000 10810000 10810000 10810000 10810000 10810000 10810000 10810000 10810000 10810000 10810000 10810000 10810000 10810000 10810000 10810000 10810000 10810000 10810000 10810000 10810000 10810000 10810000 10810000 10810000 10810000 10810000 10810000 10810000 10810000 10810000 10810000 10810000 10810000 10810000 10810000 10810000 10810000 10810000 10810000 10810000 10810000 10810000 10810000 10810000 10810000 10810000 10810000 10810000 10810000 10810000 10810000 10810000 10810000 10810000 10810000 10810000 10810000 10810000 10810000 10810000 10810000 10810000 10810000 10810000 10810000 10810000 10810000 10810000 10810000 10810000 10810000 10810000 10810000 10810000 10810000 10810000 10810000 10810000 10810000 10810000 10810000 10810000 10810000 10810000 10810000 10810000 10810000 10810000 10810000 10810000 10810000 10810000 10810000 10810000 10810000 10810000 10810000 10810000 10810000 10810000 10810000 10810000 10810000 10810000 10810000 10810000 10810000 10810000 10810000 10810000 10810000 10810000 10810000 10810000 10810000 10810000 10810000 10810000 10810000 10810000 10810000 10810000 10810000 10810000 10810000 10810000 10810000 10810000 10810000 10810000 10810000 10810000 10810000 10810000 10810000 10810000 10810000 10810000 10810000 10810000 10810000 10810000 10810000 10810000 10810000 10810000 10810000 10810000 10810000 10810000 10810000 10810000 10810000 10810000 10810000 10810000 10810000 10810000 10810000 10810000 10810000 10810000 10810000 10810000 10810000 10810000 10810000 10810000 10810000 10810000 10810000 10810000 
captureT=6.482624 6.352489 6.753277 6.423978 6.372869 6.280942 6.787055 6.339632 6.737537 6.31928 6.229794 6.586226 6.169333 6.246128 6.188331 6.240501 6.592023 6.221393 6.269225 6.207751 6.139515 6.259304 6.187498 6.614673 6.230978 6.246067 6.201655 6.589103 6.212395 6.598613 6.208873 6.20376 6.578771 6.326115 6.371431 6.388289 6.721273 6.425318 6.388438 6.7023 6.370975 6.784381 6.375997 6.356319 6.388722 6.70157 6.300945 6.335912 6.582126 6.681808 6.371888 6.380911 6.691302 6.345283 6.378931 6.280492 6.284486 6.335361 6.746637 6.563474 6.342408 6.428438 6.471984 6.635887 6.318267 6.412674 6.706299 6.346485 6.337977 6.740612 6.242385 6.403802 6.299327 6.770245 6.343554 6.386524 6.697313 6.358129 6.374921 6.327631 6.705832 6.390922 6.358363 6.693136 6.364262 6.395838 6.71461 6.256752 6.410922 6.647188 6.260738 6.312956 6.356377 6.739408 6.716164 6.325653 6.654587 6.666276 6.31338 6.349387 6.64371 6.2856 6.68813 6.455262 6.323343 6.443324 6.186595 6.20825 6.31578 6.277237 6.658353 6.210233 6.312205 6.255138 6.350379 6.280401 6.289345 6.2634 6.23536 6.269974 6.253745 6.328421 6.625029 6.181432 6.334239 6.2484 6.589968 6.235818 6.314131 6.212912 6.151249 6.284774 6.194151 6.606106 6.246935 6.266623 6.606904 6.236425 6.228378 6.52137 6.153798 6.241695 6.188495 6.569314 6.230507 6.233488 6.599523 6.185556 6.220272 6.594269 6.148516 6.562026 6.20073 6.208185 6.228492 6.100442 6.273181 6.589965 6.566423 6.196011 6.144387 6.570126 6.2769 6.380534 6.390091 6.373504 6.517811 6.432086 6.374252 6.768171 6.786744 6.385658 6.728498 6.344489 6.726076 6.344299 6.399678 6.353749 6.679853 6.41347 6.29716 6.653791 6.34063 6.348718 6.409989 6.75617 6.682002 6.734914 6.281947 6.721858 6.334636 6.3321 6.317279 6.304522 6.723229 6.325875 6.301358 6.743362 6.294045 
sleepT=192.97685 193.19863 192.81531 193.14797 193.19876 193.27454 192.78558 193.15748 193.01317 193.25326 193.33266 192.90253 193.40306 193.32804 193.30156 193.33059 192.97333 193.35525 193.48195 193.36414 193.40899 193.29403 193.31186 192.95806 193.34598 193.32187 193.28766 192.98492 193.36059 192.97265 193.36555 193.37905 192.98993 193.23188 193.20084 193.10605 192.86496 193.14883 193.1835 192.87057 193.20269 192.97921 193.19801 193.20829 193.18696 192.87164 193.25956 193.23647 192.98692 192.89173 193.20116 193.37483 192.80336 193.22942 193.19349 193.29021 193.20928 193.23709 192.82424 193.0084 193.23657 193.32801 193.10376 192.94043 193.24254 193.16942 192.86856 193.22803 193.23291 192.74213 193.31961 193.35032 193.19218 192.80327 193.22811 193.18977 192.87621 193.21239 193.19708 193.24349 192.86956 193.17096 193.215 192.87985 193.2145 193.17933 192.77665 193.31612 193.1662 192.8578 193.29772 193.25268 193.21665 192.82262 192.86076 193.24752 192.92073 192.90888 193.26022 193.23151 192.92913 193.19376 192.88254 193.10917 193.42958 193.13386 193.38828 193.351 193.26034 193.29932 192.8393 193.34495 193.2612 193.24987 193.40845 193.29136 193.28406 193.30762 193.33441 193.30136 193.23783 193.23507 192.86585 193.38678 193.41915 193.3246 192.98459 193.33616 193.25437 193.36309 193.41222 193.28505 193.29709 192.97169 193.32679 193.30667 192.9671 193.3475 193.34537 192.9675 193.40712 193.33022 193.29863 193.00443 193.33953 193.33829 192.97587 193.39061 193.35317 192.89746 193.428 193.01269 193.37904 193.36645 193.33985 193.45031 193.30463 193.0914 193.00211 193.37734 193.34951 193.0012 193.30025 193.19581 193.18252 193.19943 193.0593 193.32064 193.12238 192.80664 192.788 193.18786 192.84593 193.14493 192.84137 193.22919 193.17162 193.31752 192.89271 193.158 193.20105 192.92979 193.23448 193.22724 193.16299 192.81826 192.89504 193.01927 193.21594 192.852 193.24011 193.2467 193.25512 193.27014 192.84605 193.23881 193.27279 192.74493 193.27907 
