RUN=0
name=cam1
width=640
height=480
fps=15
realfps=14.97
reads=199
time=5
samples=2e+02
start_time=13496.1
end_time=14496.2
energy=47466000 47466000 47423000 47423000 47423000 47358000 47358000 47358000 47358000 47315000 47315000 47315000 47261000 47261000 47261000 47207000 47207000 47207000 47207000 47164000 47164000 47164000 47109000 47109000 47109000 47066000 47066000 47066000 47012000 47012000 47012000 47012000 46958000 46958000 46958000 46915000 46915000 46915000 46850000 46850000 46850000 46850000 46807000 46807000 46807000 46764000 46764000 46764000 46699000 46699000 46699000 46699000 46655000 46655000 46655000 46601000 46601000 46601000 46547000 46547000 46547000 46504000 46504000 46504000 46504000 46450000 46450000 46450000 46407000 46407000 46407000 46342000 46342000 46342000 46342000 46299000 46299000 46299000 46255000 46255000 46255000 46191000 46191000 46191000 46147000 46147000 46147000 46147000 46083000 46083000 46083000 46039000 46039000 46039000 45985000 45985000 45985000 45985000 45942000 45942000 45942000 45888000 45888000 45888000 45834000 45834000 45834000 45834000 45791000 45791000 45791000 45726000 45726000 45726000 45683000 45683000 45683000 45639000 45639000 45639000 45639000 45574000 45574000 45574000 45531000 45531000 45531000 45477000 45477000 45477000 45477000 45423000 45423000 45423000 45369000 45369000 45369000 45326000 45326000 45326000 45283000 45283000 45283000 45283000 45218000 45218000 45218000 45174000 45174000 45174000 45110000 45110000 45110000 45110000 45066000 45066000 45066000 45023000 45023000 45023000 44958000 44958000 44958000 44958000 44915000 44915000 44915000 44861000 44861000 44861000 44818000 44818000 44818000 44753000 44753000 44753000 44753000 44710000 44710000 44710000 44666000 44666000 44666000 44602000 44602000 44602000 44602000 44558000 44558000 44558000 44493000 44493000 44493000 44450000 44450000 44450000 44396000 44396000 44396000 
power=10820000 10820000 11112000 11112000 11112000 11339000 11339000 11339000 11339000 11436000 11436000 11436000 11545000 11545000 11545000 11577000 11577000 11577000 11577000 11577000 11577000 11577000 11469000 11469000 11469000 11523000 11523000 11523000 11447000 11447000 11447000 11447000 11491000 11491000 11491000 11545000 11545000 11545000 11545000 11545000 11545000 11545000 11577000 11577000 11577000 11577000 11577000 11577000 11577000 11577000 11577000 11577000 11577000 11577000 11577000 11577000 11577000 11577000 11577000 11577000 11577000 11577000 11577000 11577000 11577000 11577000 11577000 11577000 11577000 11577000 11577000 11577000 11577000 11577000 11577000 11577000 11577000 11577000 11577000 11577000 11577000 11577000 11577000 11577000 11577000 11577000 11577000 11577000 11577000 11577000 11577000 11577000 11577000 11577000 11577000 11577000 11577000 11577000 11577000 11577000 11577000 11577000 11577000 11577000 11577000 11577000 11577000 11577000 11577000 11577000 11577000 11577000 11577000 11577000 11577000 11577000 11577000 11577000 11577000 11577000 11577000 11577000 11577000 11577000 11685000 11685000 11685000 11739000 11739000 11739000 11739000 11653000 11653000 11653000 11577000 11577000 11577000 11631000 11631000 11631000 11545000 11545000 11545000 11545000 11491000 11491000 11491000 11491000 11491000 11491000 11469000 11469000 11469000 11469000 11469000 11469000 11469000 11469000 11469000 11469000 11469000 11469000 11469000 11469000 11577000 11577000 11577000 11631000 11631000 11631000 11653000 11653000 11653000 11577000 11577000 11577000 11577000 11523000 11523000 11523000 11599000 11599000 11599000 11523000 11523000 11523000 11523000 11491000 11491000 11491000 11491000 11491000 11491000 11469000 11469000 11469000 11469000 11469000 11469000 
voltage=10810000 10810000 10810000 10810000 10810000 10810000 10810000 10810000 10810000 10810000 10810000 10810000 10810000 10810000 10810000 10810000 10810000 10810000 10810000 10810000 10810000 10810000 10810000 10810000 10810000 10810000 10810000 10810000 10810000 10810000 10810000 10810000 10810000 10810000 10810000 10810000 10810000 10810000 10810000 10810000 10810000 10810000 10810000 10810000 10810000 10810000 10810000 10810000 10810000 10810000 10810000 10810000 10810000 10810000 10810000 10810000 10810000 10810000 10810000 10810000 10810000 10810000 10810000 10810000 10810000 10810000 10810000 10810000 10810000 10810000 10810000 10810000 10810000 10810000 10810000 10810000 10810000 10810000 10810000 10810000 10810000 10810000 10810000 10810000 10810000 10810000 10810000 10810000 10810000 10810000 10810000 10810000 10810000 10810000 10810000 10810000 10810000 10810000 10810000 10810000 10810000 10810000 10810000 10810000 10810000 10810000 10810000 10810000 10810000 10810000 10810000 10810000 10810000 10810000 10810000 10810000 10810000 10810000 10810000 10810000 10810000 10810000 10810000 10810000 10810000 10810000 10810000 10810000 10810000 10810000 10810000 10810000 10810000 10810000 10810000 10810000 10810000 10810000 10810000 10810000 10810000 10810000 10810000 10810000 10810000 10810000 10810000 10810000 10810000 10810000 10810000 10810000 10810000 10810000 10810000 10810000 10810000 10810000 10810000 10810000 10810000 10810000 10810000 10810000 10810000 10810000 10810000 10810000 10810000 10810000 10810000 10810000 10810000 10810000 10810000 10810000 10810000 10810000 10810000 10810000 10810000 10810000 10810000 10810000 10810000 10810000 10810000 10810000 10810000 10810000 10810000 10810000 10810000 10810000 10810000 10810000 10810000 10810000 10810000 
captureT=5.915851 6.102796 6.174928 6.115069 6.162844 6.471175 6.463265 6.180322 6.07917 6.295097 5.954591 6.31212 5.971279 6.410583 6.012654 5.941553 6.300945 5.968052 6.034267 5.969533 5.927005 6.310646 6.04927 5.96272 5.915937 6.280524 5.945316 5.931208 6.000559 5.982184 5.938981 6.322376 5.955 6.078701 6.619221 6.106348 6.037983 6.248452 6.382376 6.358339 6.019312 6.076673 6.163281 6.041287 6.475322 6.350607 5.995981 6.065034 6.026286 6.11072 6.329153 6.0121 6.13616 6.023108 6.445079 6.028153 6.230375 6.329443 6.01572 6.361877 6.073527 6.05952 6.000881 6.09493 6.035593 6.368404 6.334004 5.973273 6.090701 6.320815 6.143371 6.246684 5.922118 5.81221 5.785796 5.713794 6.084955 6.085537 6.409577 6.315441 6.081954 6.308638 6.00369 6.014971 5.944438 6.305473 5.959885 6.039472 6.011051 6.008506 5.977553 6.29495 6.364093 6.034965 6.025766 6.310813 5.897143 5.9627 5.945953 6.30936 5.970244 5.954455 6.04656 5.963345 5.978596 6.312508 5.994259 5.984349 5.962825 6.015073 6.012582 5.990726 6.306382 6.323959 5.974896 6.039925 5.997758 5.964121 6.040616 6.003167 5.994684 5.897104 5.960123 6.018444 6.307178 5.987583 6.33478 5.952542 6.015078 5.942133 6.237016 6.364104 5.895092 5.93193 5.836107 5.925375 5.949697 5.906581 6.335164 5.920053 5.904298 6.25759 5.940735 5.90834 5.878224 6.359515 5.914319 6.377126 5.930777 5.903461 6.239933 5.917346 5.94203 5.89932 6.321152 5.957318 5.932199 5.908258 6.273029 6.235826 5.902757 5.891905 6.221176 5.91443 5.967085 5.942877 6.23089 5.917992 5.958119 5.9287 5.875665 6.213955 5.917309 6.000799 6.242475 5.926359 5.93562 5.869968 5.803143 5.907388 5.972225 5.914883 6.201934 5.899042 6.241711 5.914591 5.85805 5.952164 5.920586 5.872608 5.99392 8.330932 7.972865 5.977478 5.94488 5.927246 5.902481 10.781014 8.865822 
sleepT=60.202775 60.036686 60.05638 60.118038 60.072431 59.94112 59.692843 60.057161 60.155861 59.941475 60.278802 59.925114 60.175755 59.824238 60.223019 60.295186 59.935914 60.192409 60.218973 60.260077 60.316266 59.924502 60.195275 60.280642 60.326486 59.953792 60.296271 60.227585 60.412677 60.251661 60.302272 59.913902 60.198039 60.160741 59.539192 60.125278 60.182161 59.994212 60.034059 59.878059 60.134863 60.162809 60.06374 60.19889 59.767231 59.882897 60.155568 60.153111 60.202847 60.116321 59.912996 60.151934 60.101922 60.218499 59.793374 60.209435 60.010444 59.914433 60.21888 59.875673 60.163078 60.352858 60.160988 60.142708 60.174495 59.863322 59.901548 60.179422 60.140707 59.902196 60.091587 59.911311 60.313554 60.428629 60.455343 60.527472 60.155587 60.156592 59.831325 59.918571 60.15962 59.918279 60.242231 60.224374 60.47197 59.931884 60.277686 60.197694 60.223152 60.221081 60.261635 59.940278 59.78891 60.210863 60.392083 59.924809 60.342927 60.195475 60.295688 59.934059 60.272864 60.197271 60.191769 60.264077 60.253715 59.923827 60.24246 60.259564 60.276249 60.223045 60.204812 60.246621 59.936713 59.914828 60.179283 60.192763 60.225807 60.445587 60.196774 60.235246 60.242118 60.331602 60.19332 60.218779 59.92401 60.248056 59.901364 60.279803 60.215438 60.300046 60.010336 59.878587 60.257629 60.308397 60.402145 60.240897 60.291172 60.24168 59.882841 60.292759 60.508965 59.977922 60.297394 60.218167 60.355904 59.88103 60.238507 59.857637 60.303903 60.34217 60.174964 60.244469 60.285255 60.343216 59.834721 60.284129 60.295243 60.32682 59.959445 59.993454 60.244849 60.346087 60.00491 60.246616 60.272347 60.294794 60.006347 60.234636 60.284364 60.296035 60.357034 60.021494 60.321993 60.415264 59.996252 60.314356 60.3004 60.368986 60.433656 60.25433 60.263585 60.311179 60.038918 60.331625 59.995606 60.3247 60.305733 60.288892 60.307427 60.368695 60.248129 57.914328 58.281865 60.269226 60.297014 60.316915 60.512403 55.477108 57.390539 
