RUN=0
name=system_usb
width=0
height=0
fps=5
realfps=5
reads=200
time=5
samples=2e+02
start_time=10337.5
end_time=11337.6
energy=55714000 55714000 55714000 55682000 55682000 55682000 55639000 55639000 55639000 55639000 55606000 55606000 55606000 55574000 55574000 55574000 55541000 55541000 55541000 55541000 55520000 55520000 55520000 55466000 55466000 55466000 55444000 55444000 55444000 55412000 55412000 55412000 55412000 55368000 55368000 55368000 55336000 55336000 55336000 55303000 55303000 55303000 55303000 55271000 55271000 55271000 55228000 55228000 55228000 55206000 55206000 55206000 55206000 55174000 55174000 55174000 55141000 55141000 55141000 55098000 55098000 55098000 55066000 55066000 55066000 55066000 55033000 55033000 55033000 55001000 55001000 55001000 54958000 54958000 54958000 54958000 54936000 54936000 54936000 54903000 54903000 54903000 54871000 54871000 54871000 54871000 54828000 54828000 54828000 54795000 54795000 54795000 54763000 54763000 54763000 54741000 54741000 54741000 54741000 54687000 54687000 54687000 54666000 54666000 54666000 54633000 54633000 54633000 54633000 54601000 54601000 54601000 54558000 54558000 54558000 54525000 54525000 54525000 54525000 54493000 54493000 54493000 54449000 54449000 54449000 54417000 54417000 54417000 54395000 54395000 54395000 54395000 54363000 54363000 54363000 54320000 54320000 54320000 54287000 54287000 54287000 54287000 54255000 54255000 54255000 54222000 54222000 54222000 54179000 54179000 54179000 54179000 54147000 54147000 54147000 54125000 54125000 54125000 54093000 54093000 54093000 54050000 54050000 54050000 54050000 54017000 54017000 54017000 53985000 53985000 53985000 53952000 53952000 53952000 53952000 53909000 53909000 53909000 53877000 53877000 53877000 53855000 53855000 53855000 53855000 53822000 53822000 53822000 53779000 53779000 53779000 53747000 53747000 53747000 53747000 53714000 53714000 53714000 53682000 53682000 
power=8161000 8161000 8161000 7966000 7966000 7966000 7826000 7826000 7826000 7826000 7804000 7804000 7804000 7880000 7880000 7880000 7826000 7826000 7826000 7826000 7804000 7804000 7804000 7902000 7902000 7902000 7826000 7826000 7826000 7804000 7804000 7804000 7804000 7902000 7902000 7902000 7945000 7945000 7945000 7966000 7966000 7966000 7966000 7999000 7999000 7999000 7999000 7999000 7999000 7999000 7999000 7999000 7999000 7999000 7999000 7999000 7999000 7999000 7999000 7880000 7880000 7880000 7826000 7826000 7826000 7826000 7739000 7739000 7739000 7707000 7707000 7707000 7815000 7815000 7815000 7815000 7869000 7869000 7869000 7891000 7891000 7891000 7815000 7815000 7815000 7815000 7869000 7869000 7869000 7794000 7794000 7794000 7837000 7837000 7837000 7891000 7891000 7891000 7891000 7794000 7794000 7794000 7869000 7869000 7869000 7794000 7794000 7794000 7794000 7837000 7837000 7837000 7891000 7891000 7891000 7891000 7891000 7891000 7891000 7923000 7923000 7923000 7815000 7815000 7815000 7869000 7869000 7869000 7891000 7891000 7891000 7891000 7891000 7891000 7891000 7923000 7923000 7923000 7815000 7815000 7815000 7815000 7869000 7869000 7869000 7891000 7891000 7891000 7891000 7891000 7891000 7891000 7923000 7923000 7923000 7923000 7923000 7923000 7815000 7815000 7815000 7869000 7869000 7869000 7869000 7891000 7891000 7891000 7891000 7891000 7891000 7815000 7815000 7815000 7815000 7869000 7869000 7869000 7891000 7891000 7891000 7891000 7891000 7891000 7891000 7923000 7923000 7923000 7923000 7923000 7923000 7923000 7923000 7923000 7923000 7923000 7923000 7923000 7923000 7923000 
voltage=10810000 10810000 10810000 10810000 10810000 10810000 10810000 10810000 10810000 10810000 10810000 10810000 10810000 10810000 10810000 10810000 10810000 10810000 10810000 10810000 10810000 10810000 10810000 10810000 10810000 10810000 10810000 10810000 10810000 10810000 10810000 10810000 10810000 10810000 10810000 10810000 10810000 10810000 10810000 10810000 10810000 10810000 10810000 10810000 10810000 10810000 10810000 10810000 10810000 10810000 10810000 10810000 10810000 10810000 10810000 10810000 10810000 10810000 10810000 10810000 10810000 10810000 10810000 10810000 10810000 10810000 10810000 10810000 10810000 10810000 10810000 10810000 10810000 10810000 10810000 10810000 10810000 10810000 10810000 10810000 10810000 10810000 10810000 10810000 10810000 10810000 10810000 10810000 10810000 10810000 10810000 10810000 10810000 10810000 10810000 10810000 10810000 10810000 10810000 10810000 10810000 10810000 10810000 10810000 10810000 10810000 10810000 10810000 10810000 10810000 10810000 10810000 10810000 10810000 10810000 10810000 10810000 10810000 10810000 10810000 10810000 10810000 10810000 10810000 10810000 10810000 10810000 10810000 10810000 10810000 10810000 10810000 10810000 10810000 10810000 10810000 10810000 10810000 10810000 10810000 10810000 10810000 10810000 10810000 10810000 10810000 10810000 10810000 10810000 10810000 10810000 10810000 10810000 10810000 10810000 10810000 10810000 10810000 10810000 10810000 10810000 10810000 10810000 10810000 10810000 10810000 10810000 10810000 10810000 10810000 10810000 10810000 10810000 10810000 10810000 10810000 10810000 10810000 10810000 10810000 10810000 10810000 10810000 10810000 10810000 10810000 10810000 10810000 10810000 10810000 10810000 10810000 10810000 10810000 10810000 10810000 10810000 10810000 10810000 10810000 
captureT=
sleepT=
