RUN=0
name=system
width=0
height=0
fps=5
realfps=5
reads=200
time=5
samples=2e+02
start_time=8544.29
end_time=9544.39
energy=55141000 55141000 55109000 55109000 55109000 55076000 55076000 55076000 55044000 55044000 55044000 55044000 55022000 55022000 55022000 54990000 54990000 54990000 54958000 54958000 54958000 54958000 54925000 54925000 54925000 54893000 54893000 54893000 54871000 54871000 54871000 54828000 54828000 54828000 54828000 54795000 54795000 54795000 54763000 54763000 54763000 54731000 54731000 54731000 54731000 54698000 54698000 54698000 54676000 54676000 54676000 54644000 54644000 54644000 54644000 54612000 54612000 54612000 54579000 54579000 54579000 54558000 54558000 54558000 54504000 54504000 54504000 54504000 54482000 54482000 54482000 54449000 54449000 54449000 54417000 54417000 54417000 54417000 54385000 54385000 54385000 54363000 54363000 54363000 54331000 54331000 54331000 54331000 54287000 54287000 54287000 54255000 54255000 54255000 54222000 54222000 54222000 54190000 54190000 54190000 54190000 54168000 54168000 54168000 54136000 54136000 54136000 54104000 54104000 54104000 54104000 54071000 54071000 54071000 54039000 54039000 54039000 53995000 53995000 53995000 53995000 53963000 53963000 53963000 53941000 53941000 53941000 53909000 53909000 53909000 53909000 53877000 53877000 53877000 53844000 53844000 53844000 53822000 53822000 53822000 53822000 53790000 53790000 53790000 53758000 53758000 53758000 53714000 53714000 53714000 53714000 53682000 53682000 53682000 53650000 53650000 53650000 53628000 53628000 53628000 53595000 53595000 53595000 53595000 53563000 53563000 53563000 53531000 53531000 53531000 53509000 53509000 53509000 53509000 53477000 53477000 53477000 53444000 53444000 53444000 53412000 53412000 53412000 53412000 53368000 53368000 53368000 53336000 53336000 53336000 53304000 53304000 53304000 53304000 53282000 53282000 53282000 53250000 53250000 53250000 
power=8010000 8010000 7599000 7599000 7599000 7404000 7404000 7404000 7404000 7404000 7404000 7404000 7404000 7404000 7404000 7404000 7404000 7404000 7502000 7502000 7502000 7502000 7448000 7448000 7448000 7426000 7426000 7426000 7426000 7426000 7426000 7404000 7404000 7404000 7404000 7404000 7404000 7404000 7404000 7404000 7404000 7404000 7404000 7404000 7404000 7404000 7404000 7404000 7404000 7404000 7404000 7404000 7404000 7404000 7404000 7404000 7404000 7404000 7404000 7404000 7404000 7404000 7404000 7404000 7404000 7404000 7404000 7404000 7404000 7404000 7404000 7404000 7404000 7404000 7404000 7404000 7404000 7404000 7621000 7621000 7621000 7729000 7729000 7729000 7567000 7567000 7567000 7567000 7502000 7502000 7502000 7448000 7448000 7448000 7502000 7502000 7502000 7448000 7448000 7448000 7448000 7426000 7426000 7426000 7426000 7426000 7426000 7404000 7404000 7404000 7404000 7502000 7502000 7502000 7448000 7448000 7448000 7426000 7426000 7426000 7426000 7426000 7426000 7426000 7404000 7404000 7404000 7404000 7404000 7404000 7404000 7404000 7404000 7404000 7404000 7404000 7404000 7502000 7502000 7502000 7502000 7567000 7567000 7567000 7480000 7480000 7480000 7448000 7448000 7448000 7448000 7426000 7426000 7426000 7404000 7404000 7404000 7404000 7404000 7404000 7404000 7404000 7404000 7404000 7404000 7404000 7404000 7404000 7404000 7404000 7404000 7404000 7404000 7404000 7404000 7404000 7404000 7404000 7404000 7404000 7404000 7404000 7404000 7404000 7339000 7339000 7339000 7339000 7339000 7339000 7339000 7339000 7339000 7339000 7339000 7339000 7339000 7339000 7339000 7339000 
voltage=10810000 10810000 10810000 10810000 10810000 10810000 10810000 10810000 10810000 10810000 10810000 10810000 10810000 10810000 10810000 10810000 10810000 10810000 10810000 10810000 10810000 10810000 10810000 10810000 10810000 10810000 10810000 10810000 10810000 10810000 10810000 10810000 10810000 10810000 10810000 10810000 10810000 10810000 10810000 10810000 10810000 10810000 10810000 10810000 10810000 10810000 10810000 10810000 10810000 10810000 10810000 10810000 10810000 10810000 10810000 10810000 10810000 10810000 10810000 10810000 10810000 10810000 10810000 10810000 10810000 10810000 10810000 10810000 10810000 10810000 10810000 10810000 10810000 10810000 10810000 10810000 10810000 10810000 10810000 10810000 10810000 10810000 10810000 10810000 10810000 10810000 10810000 10810000 10810000 10810000 10810000 10810000 10810000 10810000 10810000 10810000 10810000 10810000 10810000 10810000 10810000 10810000 10810000 10810000 10810000 10810000 10810000 10810000 10810000 10810000 10810000 10810000 10810000 10810000 10810000 10810000 10810000 10810000 10810000 10810000 10810000 10810000 10810000 10810000 10810000 10810000 10810000 10810000 10810000 10810000 10810000 10810000 10810000 10810000 10810000 10810000 10810000 10810000 10810000 10810000 10810000 10810000 10810000 10810000 10810000 10810000 10810000 10810000 10810000 10810000 10810000 10810000 10810000 10810000 10810000 10810000 10810000 10810000 10810000 10810000 10810000 10810000 10810000 10810000 10810000 10810000 10810000 10810000 10810000 10810000 10810000 10810000 10810000 10810000 10810000 10810000 10810000 10810000 10810000 10810000 10810000 10810000 10810000 10810000 10810000 10810000 10810000 10810000 10810000 10810000 10810000 10810000 10810000 10810000 10810000 10810000 10810000 10810000 10810000 10810000 
captureT=
sleepT=
