RUN=0
name=system_usb
width=0
height=0
fps=5
realfps=5
reads=200
time=5
samples=2e+02
start_time=9645.56
end_time=10645.6
energy=54255000 54255000 54255000 54222000 54222000 54222000 54222000 54190000 54190000 54190000 54147000 54147000 54147000 54114000 54114000 54114000 54114000 54093000 54093000 54093000 54060000 54060000 54060000 54017000 54017000 54017000 54017000 53985000 53985000 53985000 53952000 53952000 53952000 53920000 53920000 53920000 53920000 53877000 53877000 53877000 53844000 53844000 53844000 53822000 53822000 53822000 53768000 53768000 53768000 53768000 53747000 53747000 53747000 53714000 53714000 53714000 53682000 53682000 53682000 53682000 53639000 53639000 53639000 53606000 53606000 53606000 53574000 53574000 53574000 53574000 53552000 53552000 53552000 53509000 53509000 53509000 53477000 53477000 53477000 53477000 53444000 53444000 53444000 53412000 53412000 53412000 53368000 53368000 53368000 53368000 53336000 53336000 53336000 53304000 53304000 53304000 53282000 53282000 53282000 53282000 53239000 53239000 53239000 53206000 53206000 53206000 53174000 53174000 53174000 53141000 53141000 53141000 53141000 53098000 53098000 53098000 53066000 53066000 53066000 53044000 53044000 53044000 53044000 53012000 53012000 53012000 52969000 52969000 52969000 52936000 52936000 52936000 52936000 52904000 52904000 52904000 52860000 52860000 52860000 52828000 52828000 52828000 52828000 52796000 52796000 52796000 52774000 52774000 52774000 52720000 52720000 52720000 52720000 52698000 52698000 52698000 52666000 52666000 52666000 52633000 52633000 52633000 52590000 52590000 52590000 52590000 52558000 52558000 52558000 52525000 52525000 52525000 52504000 52504000 52504000 52504000 52450000 52450000 52450000 52428000 52428000 52428000 52396000 52396000 52396000 52396000 52352000 52352000 52352000 52320000 52320000 52320000 52287000 52287000 52287000 52287000 52255000 52255000 52255000 52212000 
power=8064000 8064000 8064000 7956000 7956000 7956000 7956000 7977000 7977000 7977000 7891000 7891000 7891000 7869000 7869000 7869000 7869000 7977000 7977000 7977000 7891000 7891000 7891000 7977000 7977000 7977000 7977000 8031000 8031000 8031000 8031000 8031000 8031000 8064000 8064000 8064000 8064000 7999000 7999000 7999000 7999000 7999000 7999000 7880000 7880000 7880000 7945000 7945000 7945000 7945000 7966000 7966000 7966000 7858000 7858000 7858000 7945000 7945000 7945000 7945000 7966000 7966000 7966000 7966000 7966000 7966000 7999000 7999000 7999000 7999000 7999000 7999000 7999000 7999000 7999000 7999000 7999000 7999000 7999000 7999000 7999000 7999000 7999000 7999000 7999000 7999000 7999000 7999000 7999000 7999000 7880000 7880000 7880000 7826000 7826000 7826000 7902000 7902000 7902000 7902000 7826000 7826000 7826000 7902000 7902000 7902000 7966000 7966000 7966000 7858000 7858000 7858000 7858000 7945000 7945000 7945000 7858000 7858000 7858000 7902000 7902000 7902000 7902000 7966000 7966000 7966000 7966000 7966000 7966000 7999000 7999000 7999000 7999000 7999000 7999000 7999000 7999000 7999000 7999000 7880000 7880000 7880000 7880000 7945000 7945000 7945000 7966000 7966000 7966000 7966000 7966000 7966000 7966000 7999000 7999000 7999000 7999000 7999000 7999000 7999000 7999000 7999000 7999000 7999000 7999000 7999000 7999000 7999000 7999000 7880000 7880000 7880000 7945000 7945000 7945000 7945000 7966000 7966000 7966000 7966000 7966000 7966000 7999000 7999000 7999000 7999000 7999000 7999000 7999000 7999000 7999000 7999000 7999000 7999000 7999000 7999000 7999000 7999000 7999000 7999000 
voltage=10810000 10810000 10810000 10810000 10810000 10810000 10810000 10810000 10810000 10810000 10810000 10810000 10810000 10810000 10810000 10810000 10810000 10810000 10810000 10810000 10810000 10810000 10810000 10810000 10810000 10810000 10810000 10810000 10810000 10810000 10810000 10810000 10810000 10810000 10810000 10810000 10810000 10810000 10810000 10810000 10810000 10810000 10810000 10810000 10810000 10810000 10810000 10810000 10810000 10810000 10810000 10810000 10810000 10810000 10810000 10810000 10810000 10810000 10810000 10810000 10810000 10810000 10810000 10810000 10810000 10810000 10810000 10810000 10810000 10810000 10810000 10810000 10810000 10810000 10810000 10810000 10810000 10810000 10810000 10810000 10810000 10810000 10810000 10810000 10810000 10810000 10810000 10810000 10810000 10810000 10810000 10810000 10810000 10810000 10810000 10810000 10810000 10810000 10810000 10810000 10810000 10810000 10810000 10810000 10810000 10810000 10810000 10810000 10810000 10810000 10810000 10810000 10810000 10810000 10810000 10810000 10810000 10810000 10810000 10810000 10810000 10810000 10810000 10810000 10810000 10810000 10810000 10810000 10810000 10810000 10810000 10810000 10810000 10810000 10810000 10810000 10810000 10810000 10810000 10810000 10810000 10810000 10810000 10810000 10810000 10810000 10810000 10810000 10810000 10810000 10810000 10810000 10810000 10810000 10810000 10810000 10810000 10810000 10810000 10810000 10810000 10810000 10810000 10810000 10810000 10810000 10810000 10810000 10810000 10810000 10810000 10810000 10810000 10810000 10810000 10810000 10810000 10810000 10810000 10810000 10810000 10810000 10810000 10810000 10810000 10810000 10810000 10810000 10810000 10810000 10810000 10810000 10810000 10810000 10810000 10810000 10810000 10810000 10810000 10810000 
captureT=
sleepT=
