RUN=0
name=system_usb
width=0
height=0
fps=5
realfps=5
reads=200
time=5
samples=2e+02
start_time=9595.55
end_time=10595.6
energy=53109000 53109000 53109000 53066000 53066000 53066000 53066000 53044000 53044000 53044000 53012000 53012000 53012000 52979000 52979000 52979000 52979000 52936000 52936000 52936000 52904000 52904000 52904000 52871000 52871000 52871000 52828000 52828000 52828000 52828000 52796000 52796000 52796000 52774000 52774000 52774000 52741000 52741000 52741000 52741000 52698000 52698000 52698000 52666000 52666000 52666000 52633000 52633000 52633000 52633000 52590000 52590000 52590000 52558000 52558000 52558000 52525000 52525000 52525000 52525000 52504000 52504000 52504000 52450000 52450000 52450000 52428000 52428000 52428000 52428000 52396000 52396000 52396000 52352000 52352000 52352000 52320000 52320000 52320000 52320000 52287000 52287000 52287000 52244000 52244000 52244000 52212000 52212000 52212000 52179000 52179000 52179000 52179000 52158000 52158000 52158000 52115000 52115000 52115000 52082000 52082000 52082000 52082000 52050000 52050000 52050000 52006000 52006000 52006000 51974000 51974000 51974000 51974000 51942000 51942000 51942000 51920000 51920000 51920000 51866000 51866000 51866000 51866000 51844000 51844000 51844000 51812000 51812000 51812000 51769000 51769000 51769000 51769000 51736000 51736000 51736000 51704000 51704000 51704000 51671000 51671000 51671000 51671000 51628000 51628000 51628000 51596000 51596000 51596000 51574000 51574000 51574000 51520000 51520000 51520000 51520000 51498000 51498000 51498000 51466000 51466000 51466000 51433000 51433000 51433000 51433000 51390000 51390000 51390000 51358000 51358000 51358000 51325000 51325000 51325000 51325000 51282000 51282000 51282000 51261000 51261000 51261000 51228000 51228000 51228000 51228000 51196000 51196000 51196000 51152000 51152000 51152000 51120000 51120000 51120000 51120000 51088000 51088000 51088000 51044000 
power=8053000 8053000 8053000 8021000 8021000 8021000 8021000 7966000 7966000 7966000 7999000 7999000 7999000 7999000 7999000 7999000 7999000 7999000 7999000 7999000 7999000 7999000 7999000 7999000 7999000 7999000 7999000 7999000 7999000 7999000 7999000 7999000 7999000 7999000 7999000 7999000 7999000 7999000 7999000 7999000 7999000 7999000 7999000 7999000 7999000 7999000 7999000 7999000 7999000 7999000 7999000 7999000 7999000 7999000 7999000 7999000 8107000 8107000 8107000 8107000 8053000 8053000 8053000 8021000 8021000 8021000 8021000 8021000 8021000 8021000 7999000 7999000 7999000 7999000 7999000 7999000 7999000 7999000 7999000 7999000 7999000 7999000 7999000 7999000 7999000 7999000 7999000 7999000 7999000 7999000 7999000 7999000 7999000 7999000 7999000 7999000 7999000 7999000 7999000 7999000 7999000 7999000 7999000 7999000 7999000 7999000 7999000 7999000 7999000 7999000 7999000 7999000 7999000 7999000 7999000 7999000 7999000 7999000 7999000 7999000 7999000 7999000 7999000 7999000 7999000 7999000 8107000 8107000 8107000 8053000 8053000 8053000 8053000 8021000 8021000 8021000 8021000 8021000 8021000 7999000 7999000 7999000 7999000 7999000 7999000 7999000 7999000 7999000 7999000 7999000 7999000 7999000 7999000 7999000 7999000 7999000 7999000 7999000 7999000 7999000 7999000 7999000 7999000 7999000 7999000 7999000 7999000 7999000 7999000 7999000 7999000 7999000 7999000 7999000 7999000 7999000 7999000 7999000 7999000 7999000 7999000 7999000 7999000 7999000 7999000 7999000 7999000 7999000 7999000 7999000 7999000 7999000 7999000 7999000 7999000 7999000 7999000 7999000 7999000 7999000 
voltage=10810000 10810000 10810000 10810000 10810000 10810000 10810000 10810000 10810000 10810000 10810000 10810000 10810000 10810000 10810000 10810000 10810000 10810000 10810000 10810000 10810000 10810000 10810000 10810000 10810000 10810000 10810000 10810000 10810000 10810000 10810000 10810000 10810000 10810000 10810000 10810000 10810000 10810000 10810000 10810000 10810000 10810000 10810000 10810000 10810000 10810000 10810000 10810000 10810000 10810000 10810000 10810000 10810000 10810000 10810000 10810000 10810000 10810000 10810000 10810000 10810000 10810000 10810000 10810000 10810000 10810000 10810000 10810000 10810000 10810000 10810000 10810000 10810000 10810000 10810000 10810000 10810000 10810000 10810000 10810000 10810000 10810000 10810000 10810000 10810000 10810000 10810000 10810000 10810000 10810000 10810000 10810000 10810000 10810000 10810000 10810000 10810000 10810000 10810000 10810000 10810000 10810000 10810000 10810000 10810000 10810000 10810000 10810000 10810000 10810000 10810000 10810000 10810000 10810000 10810000 10810000 10810000 10810000 10810000 10810000 10810000 10810000 10810000 10810000 10810000 10810000 10810000 10810000 10810000 10810000 10810000 10810000 10810000 10810000 10810000 10810000 10810000 10810000 10810000 10810000 10810000 10810000 10810000 10810000 10810000 10810000 10810000 10810000 10810000 10810000 10810000 10810000 10810000 10810000 10810000 10810000 10810000 10810000 10810000 10810000 10810000 10810000 10810000 10810000 10810000 10810000 10810000 10810000 10810000 10810000 10810000 10810000 10810000 10810000 10810000 10810000 10810000 10810000 10810000 10810000 10810000 10810000 10810000 10810000 10810000 10810000 10810000 10810000 10810000 10810000 10810000 10810000 10810000 10810000 10810000 10810000 10810000 10810000 10810000 10810000 
captureT=
sleepT=
