RUN=0
name=cam1
width=640
height=480
fps=25
realfps=0
reads=199
time=5
samples=2e+02
start_time=7493.64
end_time=8493.68
energy=58006000 57952000 57952000 57952000 57909000 57909000 57909000 57855000 57855000 57855000 57855000 57801000 57801000 57801000 57757000 57757000 57757000 57714000 57714000 57714000 57671000 57671000 57671000 57671000 57628000 57628000 57628000 57584000 57584000 57584000 57541000 57541000 57541000 57541000 57487000 57487000 57487000 57444000 57444000 57444000 57401000 57401000 57401000 57357000 57357000 57357000 57357000 57314000 57314000 57314000 57271000 57271000 57271000 57217000 57217000 57217000 57217000 57174000 57174000 57174000 57130000 57130000 57130000 57087000 57087000 57087000 57044000 57044000 57044000 57044000 57001000 57001000 57001000 56947000 56947000 56947000 56903000 56903000 56903000 56903000 56860000 56860000 56860000 56817000 56817000 56817000 56774000 56774000 56774000 56774000 56730000 56730000 56730000 56676000 56676000 56676000 56633000 56633000 56633000 56590000 56590000 56590000 56590000 56547000 56547000 56547000 56503000 56503000 56503000 56460000 56460000 56460000 56460000 56417000 56417000 56417000 56363000 56363000 56363000 56320000 56320000 56320000 56276000 56276000 56276000 56276000 56233000 56233000 56233000 56190000 56190000 56190000 56147000 56147000 56147000 56147000 56093000 56093000 56093000 56049000 56049000 56049000 56006000 56006000 56006000 55963000 55963000 55963000 55963000 55920000 55920000 55920000 55876000 55876000 55876000 55822000 55822000 55822000 55822000 55779000 55779000 55779000 55736000 55736000 55736000 55693000 55693000 55693000 55649000 55649000 55649000 55649000 55606000 55606000 55606000 55552000 55552000 55552000 55509000 55509000 55509000 55509000 55466000 55466000 55466000 55422000 55422000 55422000 55379000 55379000 55379000 55336000 55336000 55336000 55336000 55293000 55293000 55293000 55239000 
power=10972000 10842000 10842000 10842000 10755000 10755000 10755000 10755000 10755000 10755000 10755000 10755000 10755000 10755000 10755000 10755000 10755000 10755000 10755000 10755000 10647000 10647000 10647000 10647000 10582000 10582000 10582000 10561000 10561000 10561000 10647000 10647000 10647000 10647000 10701000 10701000 10701000 10723000 10723000 10723000 10647000 10647000 10647000 10582000 10582000 10582000 10582000 10669000 10669000 10669000 10582000 10582000 10582000 10561000 10561000 10561000 10561000 10669000 10669000 10669000 10701000 10701000 10701000 10615000 10615000 10615000 10701000 10701000 10701000 10701000 10723000 10723000 10723000 10615000 10615000 10615000 10582000 10582000 10582000 10582000 10561000 10561000 10561000 10647000 10647000 10647000 10582000 10582000 10582000 10582000 10669000 10669000 10669000 10615000 10615000 10615000 10561000 10561000 10561000 10561000 10561000 10561000 10561000 10647000 10647000 10647000 10701000 10701000 10701000 10723000 10723000 10723000 10723000 10647000 10647000 10647000 10582000 10582000 10582000 10669000 10669000 10669000 10701000 10701000 10701000 10701000 10723000 10723000 10723000 10647000 10647000 10647000 10701000 10701000 10701000 10701000 10723000 10723000 10723000 10723000 10723000 10723000 10755000 10755000 10755000 10647000 10647000 10647000 10647000 10582000 10582000 10582000 10561000 10561000 10561000 10647000 10647000 10647000 10647000 10582000 10582000 10582000 10669000 10669000 10669000 10723000 10723000 10723000 10615000 10615000 10615000 10615000 10582000 10582000 10582000 10669000 10669000 10669000 10701000 10701000 10701000 10701000 10723000 10723000 10723000 10755000 10755000 10755000 10755000 10755000 10755000 10755000 10755000 10755000 10755000 10647000 10647000 10647000 10701000 
voltage=10810000 10810000 10810000 10810000 10810000 10810000 10810000 10810000 10810000 10810000 10810000 10810000 10810000 10810000 10810000 10810000 10810000 10810000 10810000 10810000 10810000 10810000 10810000 10810000 10810000 10810000 10810000 10810000 10810000 10810000 10810000 10810000 10810000 10810000 10810000 10810000 10810000 10810000 10810000 10810000 10810000 10810000 10810000 10810000 10810000 10810000 10810000 10810000 10810000 10810000 10810000 10810000 10810000 10810000 10810000 10810000 10810000 10810000 10810000 10810000 10810000 10810000 10810000 10810000 10810000 10810000 10810000 10810000 10810000 10810000 10810000 10810000 10810000 10810000 10810000 10810000 10810000 10810000 10810000 10810000 10810000 10810000 10810000 10810000 10810000 10810000 10810000 10810000 10810000 10810000 10810000 10810000 10810000 10810000 10810000 10810000 10810000 10810000 10810000 10810000 10810000 10810000 10810000 10810000 10810000 10810000 10810000 10810000 10810000 10810000 10810000 10810000 10810000 10810000 10810000 10810000 10810000 10810000 10810000 10810000 10810000 10810000 10810000 10810000 10810000 10810000 10810000 10810000 10810000 10810000 10810000 10810000 10810000 10810000 10810000 10810000 10810000 10810000 10810000 10810000 10810000 10810000 10810000 10810000 10810000 10810000 10810000 10810000 10810000 10810000 10810000 10810000 10810000 10810000 10810000 10810000 10810000 10810000 10810000 10810000 10810000 10810000 10810000 10810000 10810000 10810000 10810000 10810000 10810000 10810000 10810000 10810000 10810000 10810000 10810000 10810000 10810000 10810000 10810000 10810000 10810000 10810000 10810000 10810000 10810000 10810000 10810000 10810000 10810000 10810000 10810000 10810000 10810000 10810000 10810000 10810000 10810000 10810000 10810000 
captureT=0.00022800032 0.0002200004 0.00022299992 0.00022299992 0.00022800032 0.00026399994 0.00022099994 0.00023099983 0.00022600034 0.00022299992 0.0002200004 0.00022299992 0.00027099941 0.0002250008 0.00026699945 0.00022299992 0.00022499989 0.00022599943 0.00022299992 0.00022299992 0.00022299992 0.00026399994 0.00022099994 0.00022099994 0.0002200004 0.00022099994 0.00026699945 0.0002300003 0.00022800032 0.00022299992 0.00026699945 0.00022300082 0.00026700036 0.0002200004 0.00026700036 0.00022299992 0.00026799989 0.00026399994 0.0002200004 0.00026699945 0.00022299992 0.00022299992 0.00022099994 0.00026399994 0.00022499989 0.00022499989 0.00022299992 0.00022799941 0.00022599943 0.00022600034 0.00027100032 0.00022499989 0.00022099994 0.00021999949 0.0002200004 0.00022499989 0.00026799989 0.00022600034 0.00026700036 0.00021999949 0.00022800032 0.00022600034 0.00022099994 0.00026699945 0.00022299992 0.00022099994 0.00022799941 0.00022299992 0.00022299992 0.00026799989 0.00022599943 0.00026399994 0.00022499989 0.00022799941 0.00022800032 0.00022099994 0.00022099994 0.00022499989 0.00022299992 0.00022300082 0.00022299992 0.00022800032 0.0002200004 0.00026399994 0.00022800032 0.00022499989 0.00022300082 0.00026399994 0.0002200004 0.00026799989 0.00026399994 0.00022799941 0.00026399994 0.00022099994 0.00021999949 0.00022800032 0.00026399994 0.00022099994 0.00026799989 0.00022600034 0.00026399994 0.00022300082 0.00022599943 0.00022099994 0.00027100032 0.00022099994 0.00026799989 0.00022800032 0.00022099994 0.00022800032 0.00026700036 0.00022499989 0.00022099994 0.00022300082 0.00026799989 0.0002200004 0.00022099994 0.00022099994 0.00022099994 0.00022599943 0.00027099941 0.00022499989 0.00026999987 0.00022299992 0.00022499989 0.0002250008 0.00022099994 0.00022800032 0.00022299992 0.00026399994 0.00022600034 0.00022800032 0.00026999987 0.0002250008 0.00020100015 0.00022300082 0.00026700036 0.00022299992 0.00026399994 0.00022499989 0.00026799898 0.00021999949 0.00026700036 0.00022099994 0.00026400085 0.00022300082 0.00026799898 0.00022300082 0.00026700036 0.00022299901 0.00026999987 0.00022299901 0.00022399945 0.00022299901 0.0002709985 0.00022400127 0.00026700036 0.00022300082 0.00026700036 0.00022300082 0.00022600034 0.00022300082 0.00022600034 0.00022299901 0.00026700036 0.00022800123 0.00022799941 0.00022099994 0.00026399903 0.00022600034 0.00021999949 0.00022299901 0.00022499989 0.00022099994 0.00022799941 0.00026699854 0.00022499989 0.00022099994 0.00026400085 0.00026699854 0.00022099994 0.00021999949 0.00026400085 0.00026700036 0.00022799941 0.00026400085 0.00022300082 0.00026700036 0.00022300082 0.0002709985 0.00022799941 0.00022300082 0.00021999949 0.0002680008 0.00022299901 0.00022299901 0.00022499989 0.00026400085 0.00022099994 
sleepT=39.602366 39.643055 39.723711 39.723586 39.633884 39.644294 39.725867 39.641143 39.690238 39.726136 39.72876 39.631481 39.655893 39.725298 39.5959 39.720859 39.716544 39.666835 39.706418 39.019276 39.79995 39.628254 39.72526 39.661541 39.626777 39.726193 39.598667 39.638622 39.70302 39.72369 39.613414 39.706629 39.666376 39.731236 39.631573 39.662885 39.667054 39.623252 39.714682 39.674984 39.67486 39.707699 39.727942 39.780374 39.698712 39.730003 39.727855 39.677135 39.662949 39.73222 39.636368 39.711251 39.729962 39.822093 39.706827 39.731163 39.675368 39.694804 39.675977 39.689587 39.672496 39.728338 39.729313 39.632297 39.704574 39.71986 39.809701 39.696506 39.73001 39.675492 39.677671 39.640682 39.726068 39.685386 39.714918 39.73 39.809732 39.707331 39.728805 39.669694 39.684268 39.729606 39.730825 39.635094 39.708589 39.67308 39.684075 39.65599 39.713682 39.672842 39.629216 39.667975 39.676221 39.681509 39.729928 39.688083 39.620037 39.710894 39.675385 39.813213 39.652348 39.730313 39.728541 39.694659 39.623986 39.735702 39.611695 39.686313 39.724581 39.655972 39.656846 39.730213 39.7309 39.690163 39.674282 39.729065 39.667731 39.66318 39.732857 39.627814 39.6561 39.730416 39.811562 39.645957 39.731136 39.67175 39.685263 39.728887 39.716526 39.634199 39.709894 39.692591 39.589313 39.644797 39.728541 39.731072 39.631646 39.728995 39.673921 39.667501 39.673807 39.730993 39.591683 39.659175 39.673474 39.808586 39.640594 39.730557 39.676184 39.62111 39.67065 39.72829 39.674609 39.712832 39.674844 39.810839 39.648999 39.718552 39.674523 39.68713 39.671135 39.732063 39.667188 39.726416 39.676131 39.648917 39.707268 39.621376 39.786764 39.690704 39.728181 39.72902 39.671883 39.7302 39.730922 39.602523 39.712181 39.672789 39.787569 39.639863 39.727082 39.730697 39.634349 39.674423 39.721874 39.632528 39.683253 39.672485 39.64022 39.650155 39.730945 39.812862 39.649426 39.672795 39.727855 39.669363 39.727008 39.674178 39.639243 
