RUN=0
name=cam1
width=640
height=480
fps=5
realfps=0
reads=199
time=5
samples=2e+02
start_time=4558.64
end_time=5559
energy=74999000 74956000 74956000 74956000 74913000 74913000 74913000 74870000 74870000 74870000 74826000 74826000 74826000 74826000 74783000 74783000 74783000 74729000 74729000 74729000 74686000 74686000 74686000 74686000 74643000 74643000 74643000 74599000 74599000 74599000 74556000 74556000 74556000 74513000 74513000 74513000 74513000 74459000 74459000 74459000 74416000 74416000 74416000 74372000 74372000 74372000 74372000 74329000 74329000 74329000 74286000 74286000 74286000 74253000 74253000 74253000 74253000 74210000 74210000 74210000 74167000 74167000 74167000 74113000 74113000 74113000 74070000 74070000 74070000 74070000 74026000 74026000 74026000 73983000 73983000 73983000 73940000 73940000 73940000 73940000 73897000 73897000 73897000 73853000 73853000 73853000 73799000 73799000 73799000 73799000 73756000 73756000 73756000 73713000 73713000 73713000 73670000 73670000 73670000 73626000 73626000 73626000 73626000 73583000 73583000 73583000 73529000 73529000 73529000 73486000 73486000 73486000 73486000 73453000 73453000 73453000 73410000 73410000 73410000 73367000 73367000 73367000 73367000 73324000 73324000 73324000 73280000 73280000 73280000 73237000 73237000 73237000 73194000 73194000 73194000 73194000 73140000 73140000 73140000 73097000 73097000 73097000 73053000 73053000 73053000 73053000 73010000 73010000 73010000 72967000 72967000 72967000 72924000 72924000 72924000 72924000 72870000 72870000 72870000 72826000 72826000 72826000 72783000 72783000 72783000 72740000 72740000 72740000 72740000 72697000 72697000 72697000 72654000 72654000 72654000 72599000 72599000 72599000 72599000 72556000 72556000 72556000 72535000 72535000 72535000 72481000 72481000 72481000 72481000 72437000 72437000 72437000 72394000 72394000 72394000 72351000 72351000 72351000 72308000 
power=10874000 10896000 10896000 10896000 10874000 10874000 10874000 10755000 10755000 10755000 10842000 10842000 10842000 10842000 10755000 10755000 10755000 10810000 10810000 10810000 10755000 10755000 10755000 10755000 10691000 10691000 10691000 10810000 10810000 10810000 10723000 10723000 10723000 10810000 10810000 10810000 10810000 10755000 10755000 10755000 10810000 10810000 10810000 10874000 10874000 10874000 10874000 10874000 10874000 10874000 10907000 10907000 10907000 10788000 10788000 10788000 10788000 10842000 10842000 10842000 10755000 10755000 10755000 10810000 10810000 10810000 10874000 10874000 10874000 10874000 10755000 10755000 10755000 10842000 10842000 10842000 10874000 10874000 10874000 10874000 10874000 10874000 10874000 10907000 10907000 10907000 10907000 10907000 10907000 10907000 10907000 10907000 10907000 10907000 10907000 10907000 10788000 10788000 10788000 10842000 10842000 10842000 10842000 10874000 10874000 10874000 10874000 10874000 10874000 10907000 10907000 10907000 10907000 10907000 10907000 10907000 10788000 10788000 10788000 10842000 10842000 10842000 10842000 10755000 10755000 10755000 10810000 10810000 10810000 10874000 10874000 10874000 10874000 10874000 10874000 10874000 10788000 10788000 10788000 10842000 10842000 10842000 10874000 10874000 10874000 10874000 10755000 10755000 10755000 10842000 10842000 10842000 10874000 10874000 10874000 10874000 10874000 10874000 10874000 10907000 10907000 10907000 10907000 10907000 10907000 10907000 10907000 10907000 10907000 10907000 10907000 10907000 10907000 10907000 10907000 10907000 10907000 10907000 10907000 10907000 10907000 10907000 10907000 10907000 10907000 10788000 10788000 10788000 10788000 10842000 10842000 10842000 10874000 10874000 10874000 10874000 10874000 10874000 10907000 
voltage=10810000 10810000 10810000 10810000 10810000 10810000 10810000 10810000 10810000 10810000 10810000 10810000 10810000 10810000 10810000 10810000 10810000 10810000 10810000 10810000 10810000 10810000 10810000 10810000 10810000 10810000 10810000 10810000 10810000 10810000 10810000 10810000 10810000 10810000 10810000 10810000 10810000 10810000 10810000 10810000 10810000 10810000 10810000 10810000 10810000 10810000 10810000 10810000 10810000 10810000 10810000 10810000 10810000 10810000 10810000 10810000 10810000 10810000 10810000 10810000 10810000 10810000 10810000 10810000 10810000 10810000 10810000 10810000 10810000 10810000 10810000 10810000 10810000 10810000 10810000 10810000 10810000 10810000 10810000 10810000 10810000 10810000 10810000 10810000 10810000 10810000 10810000 10810000 10810000 10810000 10810000 10810000 10810000 10810000 10810000 10810000 10810000 10810000 10810000 10810000 10810000 10810000 10810000 10810000 10810000 10810000 10810000 10810000 10810000 10810000 10810000 10810000 10810000 10810000 10810000 10810000 10810000 10810000 10810000 10810000 10810000 10810000 10810000 10810000 10810000 10810000 10810000 10810000 10810000 10810000 10810000 10810000 10810000 10810000 10810000 10810000 10810000 10810000 10810000 10810000 10810000 10810000 10810000 10810000 10810000 10810000 10810000 10810000 10810000 10810000 10810000 10810000 10810000 10810000 10810000 10810000 10810000 10810000 10810000 10810000 10810000 10810000 10810000 10810000 10810000 10810000 10810000 10810000 10810000 10810000 10810000 10810000 10810000 10810000 10810000 10810000 10810000 10810000 10810000 10810000 10810000 10810000 10810000 10810000 10810000 10810000 10810000 10810000 10810000 10810000 10810000 10810000 10810000 10810000 10810000 10810000 10810000 10810000 10810000 
captureT=0.00021800042 0.00022099994 0.00026100042 0.00025999998 0.00022099994 0.00026700036 0.00026099951 0.00021799951 0.00022099994 0.00025999998 0.00022299992 0.00021800042 0.00025999998 0.00022300082 0.00021800042 0.00022099994 0.00026399994 0.00022099994 0.00021600044 0.00026099951 0.00021800042 0.00021999949 0.00026100042 0.00022599943 0.00022299992 0.00026100042 0.00022099994 0.00019799973 0.00021999949 0.00025999998 0.00021800042 0.00021800042 0.00026099951 0.00032000025 0.00022099994 0.00025999998 0.00022299992 0.00021800042 0.00026099951 0.00022099994 0.0002200004 0.0002200004 0.00022299992 0.00022499989 0.00022600034 0.00026100042 0.00021800042 0.00021800042 0.00026100042 0.0002200004 0.00028799968 0.00026100042 0.00021800042 0.00022299992 0.00025999998 0.00021899996 0.00021800042 0.00025999998 0.00021999949 0.00022099994 0.00019799973 0.00022099994 0.00022099994 0.00022300082 0.00022099994 0.00025999998 0.00048299989 0.00021799951 0.00021799951 0.00026099951 0.00022099994 0.0002200004 0.00026099951 0.00021800042 0.00021800042 0.00026099951 0.000301 0.00022099994 0.00021799951 0.00022299992 0.00022100085 0.00021999949 0.00022299992 0.00021799951 0.0002200004 0.00026099951 0.00022099994 0.00022099994 0.00022299992 0.00026100042 0.00021800042 0.00021799951 0.00025999998 0.00022099994 0.00022099994 0.00022099994 0.00022499989 0.00021799951 0.00022099994 0.00043800082 0.00039099996 0.00021799951 0.00025999998 0.00022099994 0.00022299992 0.00026100042 0.00022299992 0.00021799951 0.00026099951 0.00042600004 0.00021999949 0.00021800042 0.00022499989 0.00021999949 0.00021799951 0.00025999998 0.00021800042 0.00021800042 0.00026399994 0.00022099994 0.00021800042 0.00025999998 0.00021799951 0.00022099994 0.00026099951 0.00021999949 0.0002200004 0.0002200004 0.00022099994 0.00026100042 0.00022099994 0.00022100085 0.00026399994 0.00022099994 0.00021799951 0.00025999998 0.00026399994 0.00027399983 0.00022099994 0.00025999998 0.00022099994 0.00021799951 0.00026099951 0.00022299992 0.00022300082 0.00026100042 0.0002200004 0.00022099994 0.00026399994 0.00022300082 0.00022099994 0.00026100042 0.00022099994 0.0002200004 0.00022299992 0.00026100042 0.00022099994 0.00022999939 0.00026100042 0.00022099994 0.00022800032 0.0002909992 0.00021799951 0.0002200004 0.0002200004 0.00022799941 0.00022300082 0.00022299992 0.00026099951 0.00025999998 0.00024400015 0.00022299992 0.00022099994 0.00022099994 0.00022299992 0.00021899996 0.00021800042 0.00022099994 0.00025999998 0.00022099994 0.00022099994 0.00026100042 0.00022599943 0.00022299992 0.00022099994 0.00026099951 0.0002200004 0.00022299992 0.00025999998 0.00022099994 0.00022099994 0.00025999998 0.00021799951 0.00021799951 0.0002300003 0.00022099994 0.00022099994 0.00022099994 0.00026699945 
sleepT=199.61606 199.67897 199.67936 199.60957 199.65027 199.66629 199.68211 199.65577 199.69552 199.6825 199.83558 199.68705 199.68108 199.7321 199.67591 199.66729 199.66869 199.64703 199.70905 199.67132 199.83111 199.71077 199.68508 199.7392 199.67678 199.68575 199.73563 199.65002 199.73532 199.68435 199.65936 199.71765 199.68082 199.81416 199.69132 199.68182 199.73695 199.66099 199.6788 199.66507 199.6579 199.71047 199.67719 199.82413 199.7009 199.68353 199.73737 199.68137 199.68211 199.73764 199.61605 199.60322 199.72901 199.64418 199.65711 199.73706 199.72546 199.63313 199.6758 199.72785 199.59795 199.73525 199.73512 199.65278 199.68355 199.68464 199.82363 199.66908 199.72489 199.68294 199.66799 199.73691 199.68289 199.64759 199.71775 199.61585 199.82118 199.71975 199.7362 199.68005 199.69223 199.72848 199.73806 199.64371 199.7173 199.68405 199.6848 199.66572 199.70996 199.6725 199.68634 199.72113 199.68381 199.59226 199.73426 199.73698 199.66702 199.69481 199.73467 199.79374 199.68983 199.74021 199.68547 199.65728 199.73415 199.68483 199.66937 199.71966 199.68352 199.81508 199.7063 199.6651 199.728 199.63134 199.72652 199.6749 199.66778 199.71533 199.68217 199.64543 199.6945 199.68463 199.72513 199.66603 199.66777 199.73757 199.6616 199.74036 199.71999 199.59957 199.7113 199.72161 199.78359 199.69096 199.73374 199.54136 199.61644 199.68134 199.73615 199.58798 199.71165 199.73804 199.79672 199.70975 199.72261 199.68419 199.62776 199.65908 199.6821 199.59175 199.70009 199.68573 199.68165 199.71357 199.73631 199.67443 199.68753 199.73773 199.68374 199.66546 199.7199 199.68402 199.60133 199.70724 199.73624 199.82497 199.6833 199.73749 199.68184 199.59339 199.63564 199.60195 199.6568 199.72129 199.73655 199.81406 199.69954 199.73737 199.68485 199.62348 199.73507 199.68543 199.68364 199.66021 199.73041 199.59337 199.70889 199.73754 199.68452 199.68771 199.7344 199.68393 199.60643 199.73432 199.71987 199.60453 199.71855 199.73582 199.79457 
