RUN=0
name=cam1
width=640
height=480
fps=15
realfps=0
reads=199
time=5
samples=2e+02
start_time=5436.14
end_time=6436.24
energy=68697000 68697000 68643000 68643000 68643000 68643000 68600000 68600000 68600000 68557000 68557000 68557000 68513000 68513000 68513000 68513000 68448000 68448000 68448000 68405000 68405000 68405000 68362000 68362000 68362000 68362000 68319000 68319000 68319000 68275000 68275000 68275000 68232000 68232000 68232000 68232000 68178000 68178000 68178000 68135000 68135000 68135000 68092000 68092000 68092000 68048000 68048000 68048000 68048000 68005000 68005000 68005000 67962000 67962000 67962000 67908000 67908000 67908000 67908000 67865000 67865000 67865000 67821000 67821000 67821000 67778000 67778000 67778000 67778000 67735000 67735000 67735000 67692000 67692000 67692000 67638000 67638000 67638000 67638000 67594000 67594000 67594000 67551000 67551000 67551000 67508000 67508000 67508000 67508000 67465000 67465000 67465000 67421000 67421000 67421000 67367000 67367000 67367000 67324000 67324000 67324000 67324000 67281000 67281000 67281000 67238000 67238000 67238000 67194000 67194000 67194000 67194000 67151000 67151000 67151000 67108000 67108000 67108000 67054000 67054000 67054000 67054000 67011000 67011000 67011000 66967000 66967000 66967000 66924000 66924000 66924000 66924000 66881000 66881000 66881000 66838000 66838000 66838000 66784000 66784000 66784000 66740000 66740000 66740000 66740000 66697000 66697000 66697000 66654000 66654000 66654000 66611000 66611000 66611000 66611000 66567000 66567000 66567000 66513000 66513000 66513000 66470000 66470000 66470000 66470000 66427000 66427000 66427000 66384000 66384000 66384000 66340000 66340000 66340000 66340000 66297000 66297000 66297000 66243000 66243000 66243000 66200000 66200000 66200000 66157000 66157000 66157000 66157000 66113000 66113000 66113000 66070000 66070000 66070000 66027000 66027000 66027000 66027000 65962000 
power=11091000 11091000 11004000 11004000 11004000 11004000 10972000 10972000 10972000 10950000 10950000 10950000 10831000 10831000 10831000 10831000 10885000 10885000 10885000 10810000 10810000 10810000 10853000 10853000 10853000 10853000 10907000 10907000 10907000 10907000 10907000 10907000 10950000 10950000 10950000 10950000 10950000 10950000 10950000 10950000 10950000 10950000 10831000 10831000 10831000 10885000 10885000 10885000 10885000 10907000 10907000 10907000 10907000 10907000 10907000 10831000 10831000 10831000 10831000 10766000 10766000 10766000 10853000 10853000 10853000 10885000 10885000 10885000 10885000 10907000 10907000 10907000 10831000 10831000 10831000 10885000 10885000 10885000 10885000 10907000 10907000 10907000 10810000 10810000 10810000 10766000 10766000 10766000 10766000 10853000 10853000 10853000 10885000 10885000 10885000 10907000 10907000 10907000 10950000 10950000 10950000 10950000 10950000 10950000 10950000 10950000 10950000 10950000 10831000 10831000 10831000 10831000 10885000 10885000 10885000 10907000 10907000 10907000 10907000 10907000 10907000 10907000 10831000 10831000 10831000 10885000 10885000 10885000 10907000 10907000 10907000 10907000 10907000 10907000 10907000 10950000 10950000 10950000 10950000 10950000 10950000 10950000 10950000 10950000 10950000 10950000 10950000 10950000 10950000 10950000 10950000 10950000 10950000 10950000 10950000 10831000 10831000 10831000 10885000 10885000 10885000 10810000 10810000 10810000 10810000 10853000 10853000 10853000 10907000 10907000 10907000 10907000 10907000 10907000 10907000 10950000 10950000 10950000 10950000 10950000 10950000 10950000 10950000 10950000 10950000 10950000 10950000 10950000 10950000 10950000 10950000 10950000 10950000 10950000 10950000 10950000 10950000 10950000 10950000 
voltage=10810000 10810000 10810000 10810000 10810000 10810000 10810000 10810000 10810000 10810000 10810000 10810000 10810000 10810000 10810000 10810000 10810000 10810000 10810000 10810000 10810000 10810000 10810000 10810000 10810000 10810000 10810000 10810000 10810000 10810000 10810000 10810000 10810000 10810000 10810000 10810000 10810000 10810000 10810000 10810000 10810000 10810000 10810000 10810000 10810000 10810000 10810000 10810000 10810000 10810000 10810000 10810000 10810000 10810000 10810000 10810000 10810000 10810000 10810000 10810000 10810000 10810000 10810000 10810000 10810000 10810000 10810000 10810000 10810000 10810000 10810000 10810000 10810000 10810000 10810000 10810000 10810000 10810000 10810000 10810000 10810000 10810000 10810000 10810000 10810000 10810000 10810000 10810000 10810000 10810000 10810000 10810000 10810000 10810000 10810000 10810000 10810000 10810000 10810000 10810000 10810000 10810000 10810000 10810000 10810000 10810000 10810000 10810000 10810000 10810000 10810000 10810000 10810000 10810000 10810000 10810000 10810000 10810000 10810000 10810000 10810000 10810000 10810000 10810000 10810000 10810000 10810000 10810000 10810000 10810000 10810000 10810000 10810000 10810000 10810000 10810000 10810000 10810000 10810000 10810000 10810000 10810000 10810000 10810000 10810000 10810000 10810000 10810000 10810000 10810000 10810000 10810000 10810000 10810000 10810000 10810000 10810000 10810000 10810000 10810000 10810000 10810000 10810000 10810000 10810000 10810000 10810000 10810000 10810000 10810000 10810000 10810000 10810000 10810000 10810000 10810000 10810000 10810000 10810000 10810000 10810000 10810000 10810000 10810000 10810000 10810000 10810000 10810000 10810000 10810000 10810000 10810000 10810000 10810000 10810000 10810000 10810000 10810000 10810000 
captureT=0.00022299992 0.00023299981 0.00026700036 0.00026700036 0.00022299992 0.00022600034 0.00022299992 0.00022299992 0.00022299992 0.00022499989 0.00022299992 0.00022599943 0.00022499989 0.00022299992 0.00026699945 0.00026799989 0.00026799989 0.0002680008 0.00022499989 0.00022299992 0.00022299992 0.00022299992 0.00027099941 0.00022299992 0.00022499989 0.00022299992 0.00022399945 0.00022599943 0.00022299992 0.0002200004 0.00026700036 0.00026799989 0.00026700036 0.00022299992 0.00022299992 0.00022299992 0.00022600034 0.00022599943 0.00026700036 0.00022099994 0.00022499989 0.00022600034 0.00022599943 0.00022099994 0.00022499989 0.0002200004 0.00022299992 0.00026799989 0.00022299992 0.00022300082 0.00022599943 0.00022299992 0.00022099994 0.00022299992 0.00022599943 0.00022299992 0.00022599943 0.00022600034 0.00022800032 0.00026700036 0.00026700036 0.00026799989 0.00026699945 0.00022499989 0.00022299992 0.00022299992 0.00022099994 0.0002200004 0.00022299992 0.00022299992 0.00022499989 0.00022300082 0.00022099994 0.063807 0.00026700036 0.00026700036 0.00026699945 0.00022499989 0.00022299992 0.00022499989 0.00022299992 0.00022400036 0.00022600034 0.00022400036 0.00022499989 0.00021999949 0.00022600034 0.00027399983 0.00026700036 0.00026699945 0.00026700036 0.00022399945 0.00026700036 0.0002680008 0.00022299992 0.00022299992 0.00022099994 0.00022099994 0.00022299992 0.00022299992 0.00022300082 0.00022499989 0.00022600034 0.0002200004 0.00022499989 0.00029399962 0.00022099994 0.00022599943 0.00030800038 0.00022800032 0.00022799941 0.00026699945 0.00026700036 0.00026700036 0.00022499989 0.00022299992 0.00022599943 0.00022299992 0.00022299992 0.00022499989 0.00022499989 0.00026699945 0.0002680008 0.00026699945 0.00022299992 0.00026700036 0.00026799989 0.00026700036 0.00022299992 0.00022299992 0.00022599943 0.00022299992 0.00022300082 0.00022399945 0.0002200004 0.00022299992 0.00021999949 0.00022299992 0.00022299992 0.0002200004 0.00022299992 0.00022400036 0.00022299992 0.00026699945 0.00026799989 0.00026700036 0.00026700036 0.00026700036 0.00027100032 0.00022400036 0.00026799989 0.00022299992 0.0002200004 0.00022299992 0.00022599943 0.00022299992 0.00022099994 0.00026700036 0.00027399983 0.00022099994 0.00026699945 0.00026700036 0.00026700036 0.00022299992 0.00023099983 0.00022599943 0.00022600034 0.00022499989 0.00022299992 0.00022099994 0.00022599943 0.00022600034 0.00026799989 0.00026699945 0.00022600034 0.0002250008 0.00022499989 0.00022600034 0.00022299992 0.00022299992 0.00022299992 0.00022299992 0.00022299992 0.00022299992 0.00022799941 0.00026799989 0.00026799989 0.00026700036 0.00022599943 0.00022499989 0.00022299992 0.00022299992 0.00022400036 0.00022299992 0.00022499989 0.00026700036 0.00026700036 0.00022299992 0.00022600034 
sleepT=66.219918 66.390412 66.462971 66.317123 66.393398 66.394707 66.363027 66.399935 66.401644 66.344339 66.372714 66.403283 66.479334 66.335664 66.265895 66.34128 66.297711 66.347786 66.403429 66.345271 66.384995 66.385734 66.271435 66.372459 66.386517 66.367797 66.326107 66.395912 66.342704 66.294311 66.338781 66.338964 66.267402 66.387075 66.395321 66.404922 66.354095 66.394484 66.257732 66.358732 66.401396 66.395145 66.326995 66.378135 66.407432 66.491382 66.353168 66.342255 66.40687 66.351203 66.329221 66.381131 66.335383 66.393867 66.404248 66.486517 66.369671 66.347062 66.406985 66.306627 66.353357 66.353624 66.263386 66.376214 66.383742 66.475494 66.385712 66.405229 66.406747 66.361066 66.406522 66.395063 66.287181 66.325589 66.267459 66.256462 66.321852 66.395492 66.401038 66.366046 66.405243 66.406133 66.351012 66.404118 66.395735 66.305058 66.317236 66.264641 66.279813 66.303332 66.353313 66.399897 66.294687 66.338499 66.398793 66.310805 66.381547 66.390256 66.48589 66.365086 66.406258 66.386514 66.342529 66.394271 66.40698 66.286035 66.380819 66.403935 66.47986 66.305225 66.339802 66.34803 66.295369 66.339753 66.390236 66.334243 66.384749 66.404316 66.492674 66.316897 66.407617 66.351736 66.282028 66.336973 66.405153 66.280823 66.310202 66.338383 66.307559 66.384003 66.406985 66.404241 66.361158 66.404426 66.323983 66.307467 66.379108 66.405519 66.315895 66.357489 66.403875 66.493331 66.369003 66.339158 66.356167 66.285795 66.289367 66.325745 66.271502 66.370947 66.341403 66.478873 66.361183 66.403892 66.407584 66.343128 66.405925 66.351138 66.19078 66.322571 66.329992 66.448529 66.330426 66.402386 66.406867 66.36598 66.404993 66.39573 66.333469 66.386258 66.333797 66.251864 66.302807 66.337447 66.405549 66.35289 66.406469 66.406321 66.334238 66.388864 66.407487 66.311842 66.326183 66.330722 66.484938 66.291044 66.344173 66.352552 66.350985 66.400279 66.398178 66.296306 66.385348 66.403053 66.319594 66.317698 66.339279 66.404667 66.350393 
