RUN=0
name=system
width=0
height=0
fps=5
realfps=5
reads=200
time=5
samples=2e+02
start_time=11695.5
end_time=12695.7
energy=55595000 55595000 55595000 55595000 55563000 55563000 55563000 55530000 55530000 55530000 55487000 55487000 55487000 55487000 55455000 55455000 55455000 55422000 55422000 55422000 55401000 55401000 55401000 55401000 55368000 55368000 55368000 55336000 55336000 55336000 55303000 55303000 55303000 55303000 55260000 55260000 55260000 55228000 55228000 55228000 55206000 55206000 55206000 55206000 55174000 55174000 55174000 55141000 55141000 55141000 55109000 55109000 55109000 55109000 55076000 55076000 55076000 55055000 55055000 55055000 55001000 55001000 55001000 54979000 54979000 54979000 54979000 54947000 54947000 54947000 54914000 54914000 54914000 54882000 54882000 54882000 54882000 54860000 54860000 54860000 54828000 54828000 54828000 54795000 54795000 54795000 54795000 54752000 54752000 54752000 54720000 54720000 54720000 54687000 54687000 54687000 54666000 54666000 54666000 54666000 54633000 54633000 54633000 54601000 54601000 54601000 54568000 54568000 54568000 54568000 54525000 54525000 54525000 54493000 54493000 54493000 54471000 54471000 54471000 54471000 54439000 54439000 54439000 54406000 54406000 54406000 54374000 54374000 54374000 54374000 54341000 54341000 54341000 54320000 54320000 54320000 54277000 54277000 54277000 54244000 54244000 54244000 54244000 54212000 54212000 54212000 54179000 54179000 54179000 54147000 54147000 54147000 54147000 54125000 54125000 54125000 54093000 54093000 54093000 54060000 54060000 54060000 54017000 54017000 54017000 54017000 53985000 53985000 53985000 53952000 53952000 53952000 53931000 53931000 53931000 53931000 53898000 53898000 53898000 53866000 53866000 53866000 53833000 53833000 53833000 53790000 53790000 53790000 53790000 53758000 53758000 53758000 53736000 53736000 53736000 53704000 53704000 53704000 53704000 53671000 
power=7415000 7415000 7415000 7415000 7437000 7437000 7437000 7383000 7383000 7383000 7458000 7458000 7458000 7458000 7523000 7523000 7523000 7523000 7523000 7523000 7556000 7556000 7556000 7556000 7437000 7437000 7437000 7491000 7491000 7491000 7523000 7523000 7523000 7523000 7415000 7415000 7415000 7491000 7491000 7491000 7415000 7415000 7415000 7415000 7458000 7458000 7458000 7523000 7523000 7523000 7523000 7523000 7523000 7523000 7437000 7437000 7437000 7491000 7491000 7491000 7523000 7523000 7523000 7523000 7523000 7523000 7523000 7372000 7372000 7372000 7426000 7426000 7426000 7350000 7350000 7350000 7350000 7296000 7296000 7296000 7394000 7394000 7394000 7426000 7426000 7426000 7426000 7350000 7350000 7350000 7426000 7426000 7426000 7448000 7448000 7448000 7350000 7350000 7350000 7350000 7318000 7318000 7318000 7394000 7394000 7394000 7426000 7426000 7426000 7426000 7350000 7350000 7350000 7318000 7318000 7318000 7296000 7296000 7296000 7296000 7372000 7372000 7372000 7318000 7318000 7318000 7296000 7296000 7296000 7296000 7296000 7296000 7296000 7372000 7372000 7372000 7426000 7426000 7426000 7448000 7448000 7448000 7448000 7372000 7372000 7372000 7426000 7426000 7426000 7448000 7448000 7448000 7448000 7448000 7448000 7448000 7372000 7372000 7372000 7318000 7318000 7318000 7394000 7394000 7394000 7394000 7318000 7318000 7318000 7296000 7296000 7296000 7394000 7394000 7394000 7394000 7318000 7318000 7318000 7296000 7296000 7296000 7394000 7394000 7394000 7426000 7426000 7426000 7426000 7350000 7350000 7350000 7426000 7426000 7426000 7448000 7448000 7448000 7448000 7448000 
voltage=10810000 10810000 10810000 10810000 10810000 10810000 10810000 10810000 10810000 10810000 10810000 10810000 10810000 10810000 10810000 10810000 10810000 10810000 10810000 10810000 10810000 10810000 10810000 10810000 10810000 10810000 10810000 10810000 10810000 10810000 10810000 10810000 10810000 10810000 10810000 10810000 10810000 10810000 10810000 10810000 10810000 10810000 10810000 10810000 10810000 10810000 10810000 10810000 10810000 10810000 10810000 10810000 10810000 10810000 10810000 10810000 10810000 10810000 10810000 10810000 10810000 10810000 10810000 10810000 10810000 10810000 10810000 10810000 10810000 10810000 10810000 10810000 10810000 10810000 10810000 10810000 10810000 10810000 10810000 10810000 10810000 10810000 10810000 10810000 10810000 10810000 10810000 10810000 10810000 10810000 10810000 10810000 10810000 10810000 10810000 10810000 10810000 10810000 10810000 10810000 10810000 10810000 10810000 10810000 10810000 10810000 10810000 10810000 10810000 10810000 10810000 10810000 10810000 10810000 10810000 10810000 10810000 10810000 10810000 10810000 10810000 10810000 10810000 10810000 10810000 10810000 10810000 10810000 10810000 10810000 10810000 10810000 10810000 10810000 10810000 10810000 10810000 10810000 10810000 10810000 10810000 10810000 10810000 10810000 10810000 10810000 10810000 10810000 10810000 10810000 10810000 10810000 10810000 10810000 10810000 10810000 10810000 10810000 10810000 10810000 10810000 10810000 10810000 10810000 10810000 10810000 10810000 10810000 10810000 10810000 10810000 10810000 10810000 10810000 10810000 10810000 10810000 10810000 10810000 10810000 10810000 10810000 10810000 10810000 10810000 10810000 10810000 10810000 10810000 10810000 10810000 10810000 10810000 10810000 10810000 10810000 10810000 10810000 10810000 10810000 
captureT=
sleepT=
