RUN=0
name=cam1
width=640
height=480
fps=25
realfps=0
reads=199
time=5
samples=2e+02
start_time=15906.6
end_time=16906.7
energy=35337000 35337000 35337000 35294000 35294000 35294000 35251000 35251000 35251000 35186000 35186000 35186000 35143000 35143000 35143000 35143000 35100000 35100000 35100000 35056000 35056000 35056000 34991000 34991000 34991000 34991000 34948000 34948000 34948000 34905000 34905000 34905000 34851000 34851000 34851000 34808000 34808000 34808000 34808000 34754000 34754000 34754000 34710000 34710000 34710000 34656000 34656000 34656000 34656000 34613000 34613000 34613000 34570000 34570000 34570000 34516000 34516000 34516000 34462000 34462000 34462000 34462000 34419000 34419000 34419000 34375000 34375000 34375000 34332000 34332000 34332000 34332000 34267000 34267000 34267000 34224000 34224000 34224000 34181000 34181000 34181000 34181000 34137000 34137000 34137000 34073000 34073000 34073000 34029000 34029000 34029000 33986000 33986000 33986000 33986000 33943000 33943000 33943000 33900000 33900000 33900000 33835000 33835000 33835000 33835000 33792000 33792000 33792000 33748000 33748000 33748000 33705000 33705000 33705000 33640000 33640000 33640000 33640000 33597000 33597000 33597000 33554000 33554000 33554000 33511000 33511000 33511000 33511000 33467000 33467000 33467000 33402000 33402000 33402000 33359000 33359000 33359000 33316000 33316000 33316000 33316000 33273000 33273000 33273000 33208000 33208000 33208000 33165000 33165000 33165000 33165000 33121000 33121000 33121000 33067000 33067000 33067000 33024000 33024000 33024000 32970000 32970000 32970000 32970000 32927000 32927000 32927000 32873000 32873000 32873000 32829000 32829000 32829000 32829000 32775000 32775000 32775000 32732000 32732000 32732000 32678000 32678000 32678000 32678000 32635000 32635000 32635000 32592000 32592000 32592000 32538000 32538000 32538000 32484000 32484000 32484000 32484000 32440000 32440000 
power=10928000 10928000 10928000 10766000 10766000 10766000 10745000 10745000 10745000 10745000 10745000 10745000 10745000 10745000 10745000 10745000 10745000 10745000 10745000 10745000 10745000 10745000 10745000 10745000 10745000 10745000 10745000 10745000 10745000 10745000 10745000 10745000 10745000 10745000 10745000 10745000 10745000 10745000 10745000 10745000 10745000 10745000 10745000 10745000 10745000 10745000 10745000 10745000 10745000 10745000 10745000 10745000 10745000 10745000 10745000 10745000 10745000 10745000 10745000 10745000 10745000 10745000 10745000 10745000 10745000 10745000 10745000 10745000 10745000 10745000 10745000 10745000 10745000 10745000 10745000 10745000 10745000 10745000 10745000 10745000 10745000 10745000 10745000 10745000 10745000 10637000 10637000 10637000 10637000 10637000 10637000 10637000 10637000 10637000 10637000 10637000 10637000 10637000 10637000 10637000 10637000 10637000 10637000 10637000 10637000 10637000 10637000 10637000 10637000 10637000 10637000 10637000 10637000 10637000 10637000 10637000 10637000 10637000 10637000 10637000 10637000 10637000 10637000 10637000 10637000 10637000 10637000 10637000 10637000 10637000 10637000 10637000 10637000 10637000 10637000 10637000 10637000 10637000 10637000 10637000 10637000 10637000 10637000 10637000 10637000 10637000 10637000 10637000 10637000 10637000 10637000 10637000 10637000 10637000 10637000 10637000 10637000 10637000 10637000 10637000 10637000 10637000 10637000 10637000 10637000 10637000 10637000 10637000 10637000 10637000 10637000 10637000 10637000 10637000 10637000 10637000 10637000 10637000 10637000 10637000 10734000 10734000 10734000 10734000 10680000 10680000 10680000 10658000 10658000 10658000 10658000 10658000 10658000 10637000 10637000 10637000 10637000 10637000 10637000 
voltage=10810000 10810000 10810000 10810000 10810000 10810000 10810000 10810000 10810000 10810000 10810000 10810000 10810000 10810000 10810000 10810000 10810000 10810000 10810000 10810000 10810000 10810000 10810000 10810000 10810000 10810000 10810000 10810000 10810000 10810000 10810000 10810000 10810000 10810000 10810000 10810000 10810000 10810000 10810000 10810000 10810000 10810000 10810000 10810000 10810000 10810000 10810000 10810000 10810000 10810000 10810000 10810000 10810000 10810000 10810000 10810000 10810000 10810000 10810000 10810000 10810000 10810000 10810000 10810000 10810000 10810000 10810000 10810000 10810000 10810000 10810000 10810000 10810000 10810000 10810000 10810000 10810000 10810000 10810000 10810000 10810000 10810000 10810000 10810000 10810000 10810000 10810000 10810000 10810000 10810000 10810000 10810000 10810000 10810000 10810000 10810000 10810000 10810000 10810000 10810000 10810000 10810000 10810000 10810000 10810000 10810000 10810000 10810000 10810000 10810000 10810000 10810000 10810000 10810000 10810000 10810000 10810000 10810000 10810000 10810000 10810000 10810000 10810000 10810000 10810000 10810000 10810000 10810000 10810000 10810000 10810000 10810000 10810000 10810000 10810000 10810000 10810000 10810000 10810000 10810000 10810000 10810000 10810000 10810000 10810000 10810000 10810000 10810000 10810000 10810000 10810000 10810000 10810000 10810000 10810000 10810000 10810000 10810000 10810000 10810000 10810000 10810000 10810000 10810000 10810000 10810000 10810000 10810000 10810000 10810000 10810000 10810000 10810000 10810000 10810000 10810000 10810000 10810000 10810000 10810000 10810000 10810000 10810000 10810000 10810000 10810000 10810000 10810000 10810000 10810000 10810000 10810000 10810000 10810000 10810000 10810000 10810000 10810000 10810000 
captureT=0.00021500091 0.00021600135 0.00026099951 0.00025700137 0.00021500091 0.00022000131 0.00021599953 0.0002630004 0.00022099994 0.00021600135 0.00022099994 0.00026099951 0.00021599953 0.00026399903 0.00021800042 0.00025699956 0.00026099951 0.00021800042 0.00021800042 0.00021599953 0.00021800042 0.00021800042 0.00021600135 0.00026099951 0.00022099994 0.00021600135 0.00025699956 0.00022299901 0.00021800042 0.00021599953 0.00021500091 0.00021599953 0.00025699956 0.00021800042 0.00025999907 0.00021499909 0.00025699956 0.0002179986 0.00021800042 0.0002179986 0.00021800042 0.00021600135 0.00021499909 0.00026099951 0.00021499909 0.000258 0.00021800042 0.00021599953 0.00022099994 0.00021800042 0.00021500091 0.00026399903 0.0002179986 0.000258 0.00021599953 0.00026400085 0.00021499909 0.000258 0.00021600135 0.00021800042 0.00021500091 0.00021500091 0.00021599953 0.0002179986 0.00025699956 0.00022100176 0.00026100133 0.00025700137 0.00026099951 0.00021499909 0.00022099994 0.00022099994 0.00021800042 0.00021800042 0.00021800042 0.00021599953 0.00026400085 0.00021600135 0.00026099951 0.00021500091 0.00021500091 0.00021499909 0.00026400085 0.00021800042 0.00026399903 0.00021600135 0.00026099951 0.00021500091 0.00021500091 0.00021800042 0.00021599953 0.00021599953 0.00021800042 0.00021599953 0.00021800042 0.00021600135 0.00026099951 0.00021800224 0.00026099951 0.0002179986 0.00021600135 0.0002179986 0.00021600135 0.00026099951 0.00021599772 0.00021500091 0.00025999907 0.0002179986 0.00021600135 0.00025799818 0.00021500091 0.00026099951 0.0002179986 0.00026000271 0.00021500091 0.00026400085 0.00021499727 0.00026099951 0.00025699774 0.0002179986 0.00025700137 0.00025700137 0.00021900269 0.0002179986 0.00021500091 0.00026400085 0.00026099951 0.00021999949 0.00037800055 0.00025700137 0.00021499727 0.00026099951 0.00021800224 0.00025699774 0.00021600135 0.00026000271 0.0002179986 0.00021999949 0.00021600135 0.00026400085 0.00021600135 0.00026400085 0.00021600135 0.0002179986 0.00026099951 0.00021499727 0.00025700137 0.00021600135 0.0002179986 0.00021600135 0.00021500091 0.00025799818 0.00025799818 0.00026400085 0.00021500091 0.00025700137 0.00021600135 0.00025700137 0.00020999869 0.00024099791 0.00021800224 0.00025999907 0.00022099994 0.00026100315 0.00028100112 0.00021500091 0.00021999949 0.00026400085 0.00021600135 0.00021500091 0.00021800224 0.0002179986 0.00021499727 0.00026099951 0.00021500091 0.00021500091 0.00025699774 0.00025699774 0.00021999949 0.0002179986 0.00021500091 0.00021600135 0.00021800224 0.00021999949 0.00021500091 0.0002179986 0.00021600135 0.0002179986 0.00026099951 0.00021500091 0.00021800224 0.00021500091 0.00021600135 0.00025999907 0.00022099994 0.00026400085 0.0002179986 0.00021499727 0.00021999949 
sleepT=39.60069 39.716215 39.671505 39.621624 39.724271 39.66287 39.659726 39.673347 39.726113 39.643426 39.703754 39.670322 39.777654 39.631398 39.727341 39.674058 39.60115 39.716782 39.726662 39.640501 39.593611 39.685176 39.644426 39.645774 39.726293 39.711732 39.622603 39.706205 39.727934 39.640754 39.662161 39.72601 39.585701 39.687273 39.674143 39.812802 39.634309 39.695559 39.730912 39.677582 39.727967 39.731095 39.649602 39.658032 39.730689 39.782793 39.695974 39.734403 39.698208 39.676308 39.729735 39.673975 39.644305 39.673126 39.729606 39.591479 39.678389 39.634212 39.801265 39.682755 39.720599 39.730644 39.656118 39.71888 39.659101 39.631017 39.649186 39.673675 39.788461 39.668579 39.726975 39.72788 39.675767 39.727288 39.730444 39.650018 39.653777 39.727276 39.594784 39.694404 39.667241 39.689259 39.626446 39.726779 39.671536 39.638749 39.675502 39.720251 39.643659 39.708943 39.730681 39.813128 39.705945 39.691546 39.730547 39.669123 39.67496 39.721311 39.588324 39.707817 39.728586 39.646507 39.697573 39.669854 39.730711 39.677018 39.671349 39.697534 39.644431 39.660377 39.731186 39.588835 39.707 39.670436 39.801374 39.62913 39.721156 39.63723 39.593417 39.72794 39.67333 39.592341 39.70019 39.734351 39.644504 39.643632 39.675759 39.726459 39.609627 39.638162 39.728459 39.592902 39.724369 39.673968 39.630421 39.6413 39.728755 39.81382 39.675351 39.676057 39.648671 39.592334 39.661203 39.725308 39.594095 39.699762 39.673651 39.812985 39.63688 39.728476 39.728604 39.611345 39.604157 39.664618 39.665208 39.664611 39.715756 39.621464 39.732667 39.691215 39.808614 39.633183 39.726027 39.671271 39.647669 39.722707 39.729098 39.631054 39.705065 39.670359 39.810002 39.708616 39.730173 39.67606 39.686925 39.728998 39.606015 39.619489 39.703988 39.728409 39.655574 39.724524 39.729072 39.727537 39.697161 39.729908 39.728526 39.677577 39.649624 39.695612 39.690075 39.714978 39.72983 39.775349 39.707057 39.674439 39.731452 39.625905 39.727098 
