RUN=0
name=cam1
width=640
height=480
fps=25
realfps=0
reads=199
time=5
samples=2e+02
start_time=10275.7
end_time=11275.8
energy=58601000 58601000 58601000 58601000 58557000 58557000 58557000 58514000 58514000 58514000 58471000 58471000 58471000 58471000 58428000 58428000 58428000 58363000 58363000 58363000 58319000 58319000 58319000 58276000 58276000 58276000 58276000 58233000 58233000 58233000 58179000 58179000 58179000 58136000 58136000 58136000 58136000 58092000 58092000 58092000 58049000 58049000 58049000 58006000 58006000 58006000 58006000 57963000 57963000 57963000 57898000 57898000 57898000 57855000 57855000 57855000 57855000 57811000 57811000 57811000 57768000 57768000 57768000 57714000 57714000 57714000 57714000 57671000 57671000 57671000 57628000 57628000 57628000 57584000 57584000 57584000 57520000 57520000 57520000 57520000 57476000 57476000 57476000 57433000 57433000 57433000 57390000 57390000 57390000 57390000 57347000 57347000 57347000 57303000 57303000 57303000 57249000 57249000 57249000 57249000 57206000 57206000 57206000 57163000 57163000 57163000 57109000 57109000 57109000 57055000 57055000 57055000 57055000 57011000 57011000 57011000 56968000 56968000 56968000 56925000 56925000 56925000 56925000 56882000 56882000 56882000 56838000 56838000 56838000 56795000 56795000 56795000 56795000 56741000 56741000 56741000 56687000 56687000 56687000 56644000 56644000 56644000 56644000 56590000 56590000 56590000 56547000 56547000 56547000 56503000 56503000 56503000 56460000 56460000 56460000 56460000 56417000 56417000 56417000 56374000 56374000 56374000 56309000 56309000 56309000 56309000 56266000 56266000 56266000 56222000 56222000 56222000 56179000 56179000 56179000 56179000 56125000 56125000 56125000 56082000 56082000 56082000 56039000 56039000 56039000 56039000 55995000 55995000 55995000 55930000 55930000 55930000 55887000 55887000 55887000 55844000 55844000 55844000 55844000 
power=11285000 11285000 11285000 11285000 11015000 11015000 11015000 10972000 10972000 10972000 10918000 10918000 10918000 10918000 10918000 10918000 10918000 10896000 10896000 10896000 10896000 10896000 10896000 10896000 10896000 10896000 10896000 10896000 10896000 10896000 10896000 10896000 10896000 10896000 10896000 10896000 10896000 10896000 10896000 10896000 10896000 10896000 10896000 10896000 10896000 10896000 10896000 10896000 10896000 10896000 10993000 10993000 10993000 10939000 10939000 10939000 10939000 10918000 10918000 10918000 11015000 11015000 11015000 10939000 10939000 10939000 10939000 10918000 10918000 10918000 10918000 10918000 10918000 10896000 10896000 10896000 10896000 10896000 10896000 10896000 10896000 10896000 10896000 10896000 10896000 10896000 10896000 10896000 10896000 10896000 10896000 10896000 10896000 10896000 10896000 10896000 10993000 10993000 10993000 10993000 10939000 10939000 10939000 10918000 10918000 10918000 11015000 11015000 11015000 10939000 10939000 10939000 10939000 10918000 10918000 10918000 10918000 10918000 10918000 10993000 10993000 10993000 10993000 10939000 10939000 10939000 10918000 10918000 10918000 10918000 10918000 10918000 10918000 10896000 10896000 10896000 10993000 10993000 10993000 10950000 10950000 10950000 10950000 10874000 10874000 10874000 10842000 10842000 10842000 10820000 10820000 10820000 10896000 10896000 10896000 10896000 10842000 10842000 10842000 10820000 10820000 10820000 10918000 10918000 10918000 10918000 10842000 10842000 10842000 10918000 10918000 10918000 10874000 10874000 10874000 10874000 10820000 10820000 10820000 10918000 10918000 10918000 10842000 10842000 10842000 10842000 10820000 10820000 10820000 10918000 10918000 10918000 10842000 10842000 10842000 10918000 10918000 10918000 10918000 
voltage=10810000 10810000 10810000 10810000 10810000 10810000 10810000 10810000 10810000 10810000 10810000 10810000 10810000 10810000 10810000 10810000 10810000 10810000 10810000 10810000 10810000 10810000 10810000 10810000 10810000 10810000 10810000 10810000 10810000 10810000 10810000 10810000 10810000 10810000 10810000 10810000 10810000 10810000 10810000 10810000 10810000 10810000 10810000 10810000 10810000 10810000 10810000 10810000 10810000 10810000 10810000 10810000 10810000 10810000 10810000 10810000 10810000 10810000 10810000 10810000 10810000 10810000 10810000 10810000 10810000 10810000 10810000 10810000 10810000 10810000 10810000 10810000 10810000 10810000 10810000 10810000 10810000 10810000 10810000 10810000 10810000 10810000 10810000 10810000 10810000 10810000 10810000 10810000 10810000 10810000 10810000 10810000 10810000 10810000 10810000 10810000 10810000 10810000 10810000 10810000 10810000 10810000 10810000 10810000 10810000 10810000 10810000 10810000 10810000 10810000 10810000 10810000 10810000 10810000 10810000 10810000 10810000 10810000 10810000 10810000 10810000 10810000 10810000 10810000 10810000 10810000 10810000 10810000 10810000 10810000 10810000 10810000 10810000 10810000 10810000 10810000 10810000 10810000 10810000 10810000 10810000 10810000 10810000 10810000 10810000 10810000 10810000 10810000 10810000 10810000 10810000 10810000 10810000 10810000 10810000 10810000 10810000 10810000 10810000 10810000 10810000 10810000 10810000 10810000 10810000 10810000 10810000 10810000 10810000 10810000 10810000 10810000 10810000 10810000 10810000 10810000 10810000 10810000 10810000 10810000 10810000 10810000 10810000 10810000 10810000 10810000 10810000 10810000 10810000 10810000 10810000 10810000 10810000 10810000 10810000 10810000 10810000 10810000 10810000 
captureT=0.000258 0.00022099994 0.00025700137 0.00021499909 0.00026099951 0.00021599953 0.00025999907 0.00021600135 0.00025699956 0.00021999949 0.00022099994 0.00021500091 0.00021999949 0.00021800042 0.00022099994 0.00026099951 0.00021599953 0.000258 0.00021800042 0.000258 0.00021599953 0.00022099994 0.00021599953 0.00025400004 0.00021800042 0.00026099951 0.00021599953 0.00026099951 0.00021800042 0.00026100133 0.00021600135 0.00021800042 0.00022099994 0.00025699956 0.00021500091 0.000258 0.00021999949 0.00026099951 0.00021500091 0.00021599953 0.00021599953 0.00025999907 0.00021999949 0.00026099951 0.00021599953 0.00021800042 0.0002179986 0.00021600135 0.00021600135 0.00021600135 0.00021900087 0.00021599953 0.00021500091 0.00021500091 0.00025999907 0.00021599953 0.00025699956 0.00021600135 0.00026100133 0.00021800042 0.00021599953 0.00021600135 0.00021999949 0.00021800042 0.00021800042 0.00021999949 0.00021800042 0.00022300082 0.00021800042 0.00021599953 0.0002179986 0.00021599953 0.00021800042 0.00021999949 0.00026099951 0.00021599953 0.00025700137 0.00022600034 0.000258 0.00021800042 0.00015099977 0.00021599953 0.00025999907 0.00021500091 0.00022099994 0.00026099951 0.00021599953 0.00025699956 0.00021599953 0.00021500091 0.00021499909 0.00025699956 0.00021599953 0.0002179986 0.00021599953 0.00021500091 0.00021800042 0.00021599953 0.00021499909 0.00021800042 0.00026000089 0.00021899905 0.00026100133 0.00022300082 0.0002179986 0.00021599953 0.00021599953 0.00022800123 0.0002179986 0.00021599953 0.00021800042 0.00026099951 0.00022099994 0.00025999907 0.00021599953 0.00026000089 0.00021800042 0.00021800042 0.00021599953 0.0002479992 0.00026099951 0.00021499909 0.00025699956 0.00021600135 0.00022299901 0.00026099951 0.00021599953 0.00021800042 0.00026099951 0.0002179986 0.00025699956 0.00021599953 0.00021800042 0.00022299901 0.00021600135 0.00021800042 0.00021599953 0.00026099951 0.00022300082 0.00026099951 0.00021599953 0.00025699956 0.00021999949 0.00021599953 0.00021500091 0.00026099951 0.00021999949 0.0002179986 0.00021800042 0.00021599953 0.00021600135 0.00021599953 0.00021800042 0.00021599953 0.00021800042 0.00026100133 0.00026400085 0.00021800042 0.00026000089 0.00021599953 0.00026099951 0.00021599953 0.00030599949 0.00021600135 0.00026100133 0.00021800042 0.00022000131 0.00021499909 0.00026100133 0.00021999949 0.00022300082 0.00021800042 0.00025700137 0.0002179986 0.00021600135 0.0002179986 0.00021999949 0.00021500091 0.000258 0.00021800042 0.00021599953 0.00021599953 0.00021800042 0.00021499909 0.00026099951 0.00021500091 0.000258 0.00021599953 0.00025999907 0.00021800042 0.0002179986 0.00021800042 0.00026099951 0.00021500091 0.00026099951 0.00021599953 0.00026000089 0.00021899905 0.00025699956 
sleepT=39.669022 39.678669 39.673016 39.728639 39.609554 39.724964 39.674052 39.647566 39.627048 39.721389 39.658534 39.635068 39.719797 39.727248 39.675241 39.668417 39.724719 39.597343 39.72814 39.67222 39.642015 39.677298 39.728118 39.795846 39.673915 39.671756 39.730474 39.601858 39.730128 39.672351 39.590057 39.713647 39.721862 39.781758 39.68692 39.583178 39.7217 39.600043 39.727847 39.728448 39.644025 39.653444 39.730625 39.785066 39.6952 39.72884 39.710917 39.612734 39.686233 39.723707 39.642691 39.706573 39.731216 39.645684 39.63993 39.726293 39.671325 39.659253 39.675178 39.650461 39.650854 39.724652 39.730925 39.581336 39.680702 39.723685 39.729494 39.679642 39.728416 39.728057 39.651632 39.6393 39.726882 39.647173 39.640909 39.722654 39.788307 39.157704 39.67494 39.727764 39.622137 39.726441 39.671492 39.671246 39.637491 39.664785 39.813854 39.650346 39.730115 39.729048 39.685161 39.672294 39.729205 39.663837 39.707652 39.677597 39.672752 39.70399 39.730431 39.698819 39.630841 39.725847 39.675843 39.678609 39.695616 39.663266 39.677428 39.677326 39.69398 39.757651 39.688702 39.671615 39.731433 39.624144 39.728454 39.672809 39.675233 39.708824 39.727185 39.791482 39.650827 39.717269 39.674927 39.685667 39.729521 39.650596 39.676962 39.708857 39.656671 39.812261 39.647378 39.678348 39.730519 39.687063 39.691175 39.724667 39.666456 39.585704 39.729855 39.622015 39.711383 39.671799 39.728293 39.678992 39.730339 39.673006 39.672592 39.712381 39.730947 39.675734 39.644481 39.727516 39.814133 39.687566 39.727937 39.623706 39.618005 39.726562 39.675736 39.671153 39.651893 39.725053 39.819419 39.694451 39.675004 39.727607 39.674491 39.689712 39.673955 39.671965 39.684747 39.723015 39.78791 39.701907 39.666155 39.728388 39.68478 39.725654 39.672788 39.675817 39.71134 39.729047 39.658667 39.650229 39.668347 39.728464 39.636387 39.73002 39.673938 39.669559 39.710213 39.629797 39.593326 39.718151 39.655194 39.816005 39.639977 39.719889 39.672882 
