RUN=0
name=cam1
width=640
height=480
fps=5
realfps=0
reads=199
time=5
samples=2e+02
start_time=11700.2
end_time=12700.6
energy=47899000 47899000 47899000 47899000 47855000 47855000 47855000 47812000 47812000 47812000 47758000 47758000 47758000 47715000 47715000 47715000 47715000 47672000 47672000 47672000 47628000 47628000 47628000 47585000 47585000 47585000 47585000 47520000 47520000 47520000 47477000 47477000 47477000 47434000 47434000 47434000 47434000 47391000 47391000 47391000 47347000 47347000 47347000 47293000 47293000 47293000 47293000 47250000 47250000 47250000 47207000 47207000 47207000 47164000 47164000 47164000 47164000 47120000 47120000 47120000 47055000 47055000 47055000 47012000 47012000 47012000 47012000 46969000 46969000 46969000 46926000 46926000 46926000 46882000 46882000 46882000 46828000 46828000 46828000 46828000 46785000 46785000 46785000 46742000 46742000 46742000 46699000 46699000 46699000 46699000 46634000 46634000 46634000 46591000 46591000 46591000 46547000 46547000 46547000 46547000 46504000 46504000 46504000 46461000 46461000 46461000 46418000 46418000 46418000 46418000 46364000 46364000 46364000 46320000 46320000 46320000 46277000 46277000 46277000 46277000 46223000 46223000 46223000 46169000 46169000 46169000 46126000 46126000 46126000 46083000 46083000 46083000 46083000 46039000 46039000 46039000 45996000 45996000 45996000 45953000 45953000 45953000 45953000 45899000 45899000 45899000 45845000 45845000 45845000 45801000 45801000 45801000 45801000 45758000 45758000 45758000 45704000 45704000 45704000 45661000 45661000 45661000 45661000 45618000 45618000 45618000 45574000 45574000 45574000 45531000 45531000 45531000 45531000 45488000 45488000 45488000 45423000 45423000 45423000 45380000 45380000 45380000 45380000 45337000 45337000 45337000 45293000 45293000 45293000 45239000 45239000 45239000 45196000 45196000 45196000 45196000 45153000 45153000 45153000 
power=10745000 10745000 10745000 10745000 10701000 10701000 10701000 10799000 10799000 10799000 10745000 10745000 10745000 10820000 10820000 10820000 10820000 10777000 10777000 10777000 10820000 10820000 10820000 10777000 10777000 10777000 10777000 10723000 10723000 10723000 10723000 10723000 10723000 10701000 10701000 10701000 10701000 10701000 10701000 10701000 10701000 10701000 10701000 10701000 10701000 10701000 10701000 10799000 10799000 10799000 10745000 10745000 10745000 10723000 10723000 10723000 10723000 10723000 10723000 10723000 10701000 10701000 10701000 10701000 10701000 10701000 10701000 10701000 10701000 10701000 10701000 10701000 10701000 10701000 10701000 10701000 10701000 10701000 10701000 10701000 10701000 10701000 10701000 10701000 10701000 10701000 10701000 10701000 10701000 10701000 10647000 10647000 10647000 10626000 10626000 10626000 10626000 10626000 10626000 10626000 10701000 10701000 10701000 10647000 10647000 10647000 10626000 10626000 10626000 10626000 10626000 10626000 10626000 10604000 10604000 10604000 10701000 10701000 10701000 10701000 10647000 10647000 10647000 10626000 10626000 10626000 10626000 10626000 10626000 10701000 10701000 10701000 10701000 10647000 10647000 10647000 10626000 10626000 10626000 10626000 10626000 10626000 10626000 10604000 10604000 10604000 10604000 10604000 10604000 10604000 10604000 10604000 10604000 10604000 10604000 10604000 10701000 10701000 10701000 10647000 10647000 10647000 10647000 10626000 10626000 10626000 10626000 10626000 10626000 10701000 10701000 10701000 10701000 10647000 10647000 10647000 10723000 10723000 10723000 10680000 10680000 10680000 10680000 10626000 10626000 10626000 10626000 10626000 10626000 10604000 10604000 10604000 10604000 10604000 10604000 10604000 10604000 10604000 10604000 
voltage=10810000 10810000 10810000 10810000 10810000 10810000 10810000 10810000 10810000 10810000 10810000 10810000 10810000 10810000 10810000 10810000 10810000 10810000 10810000 10810000 10810000 10810000 10810000 10810000 10810000 10810000 10810000 10810000 10810000 10810000 10810000 10810000 10810000 10810000 10810000 10810000 10810000 10810000 10810000 10810000 10810000 10810000 10810000 10810000 10810000 10810000 10810000 10810000 10810000 10810000 10810000 10810000 10810000 10810000 10810000 10810000 10810000 10810000 10810000 10810000 10810000 10810000 10810000 10810000 10810000 10810000 10810000 10810000 10810000 10810000 10810000 10810000 10810000 10810000 10810000 10810000 10810000 10810000 10810000 10810000 10810000 10810000 10810000 10810000 10810000 10810000 10810000 10810000 10810000 10810000 10810000 10810000 10810000 10810000 10810000 10810000 10810000 10810000 10810000 10810000 10810000 10810000 10810000 10810000 10810000 10810000 10810000 10810000 10810000 10810000 10810000 10810000 10810000 10810000 10810000 10810000 10810000 10810000 10810000 10810000 10810000 10810000 10810000 10810000 10810000 10810000 10810000 10810000 10810000 10810000 10810000 10810000 10810000 10810000 10810000 10810000 10810000 10810000 10810000 10810000 10810000 10810000 10810000 10810000 10810000 10810000 10810000 10810000 10810000 10810000 10810000 10810000 10810000 10810000 10810000 10810000 10810000 10810000 10810000 10810000 10810000 10810000 10810000 10810000 10810000 10810000 10810000 10810000 10810000 10810000 10810000 10810000 10810000 10810000 10810000 10810000 10810000 10810000 10810000 10810000 10810000 10810000 10810000 10810000 10810000 10810000 10810000 10810000 10810000 10810000 10810000 10810000 10810000 10810000 10810000 10810000 10810000 10810000 10810000 
captureT=0.00023299981 0.00023399843 0.00027699934 0.00023800021 0.00023999928 0.00027699934 0.00023299981 0.00028400063 0.0002300003 0.0002300003 0.00023599932 0.00023499888 0.00027799979 0.00023099892 0.00023099892 0.00023300163 0.00027699934 0.00023099892 0.00023299981 0.00028100112 0.00023299981 0.00023300163 0.00027799979 0.00020500011 0.00023299981 0.00027799979 0.00023100074 0.00023299981 0.00027799979 0.00023299981 0.00023099892 0.00023299981 0.00027399983 0.00023099892 0.00023299981 0.00028400063 0.00023099892 0.00023100074 0.00027399983 0.00023299981 0.00023299981 0.00027799979 0.00023299981 0.00023299981 0.00023400025 0.00023100074 0.00023400025 0.00027699934 0.00028100112 0.00023299981 0.00023299981 0.00028000068 0.00022800123 0.00023299981 0.00027399983 0.00023299981 0.00023100074 0.00027799979 0.00023099892 0.0002300003 0.00021800042 0.0002479992 0.00023099892 0.00023400025 0.00028400063 0.00023300163 0.00023299981 0.00028400063 0.00023600114 0.00023299981 0.00028100112 0.00023299981 0.00023299981 0.00023299981 0.00027699934 0.00023300163 0.00023100074 0.00028400063 0.00023299981 0.00023299981 0.00027699934 0.00023299981 0.00027400165 0.00025900044 0.00023299981 0.00028000068 0.00031799937 0.00023400025 0.00027699934 0.00023299981 0.00023499888 0.00023299981 0.00023300163 0.00023499888 0.00023299981 0.00027699934 0.00023299981 0.00023299981 0.00027999886 0.0002300003 0.0002300003 0.00023099892 0.00028100112 0.00023299981 0.00023299981 0.0002809993 0.0002300003 0.00023599932 0.00027699934 0.0002350007 0.00023300163 0.00027699934 0.0002300003 0.0002350007 0.00023100074 0.00023299981 0.00023299981 0.00027799979 0.00027699934 0.00023299981 0.00023299981 0.00027699934 0.0002300003 0.00023299981 0.00028400063 0.00023299981 0.00023299981 0.00023100074 0.0002809993 0.00038100006 0.00023299981 0.00027699934 0.00023100074 0.0002300003 0.00027699934 0.00023300163 0.00023299981 0.0002300003 0.00023100074 0.00022999848 0.00023299981 0.00027800161 0.00027999886 0.00023299981 0.00023299981 0.00027399983 0.00023099892 0.00023299981 0.00028399882 0.00020799962 0.00023299981 0.0002300003 0.00028399882 0.00023400025 0.00023299981 0.00023299981 0.00023299981 0.00023300163 0.00023100074 0.00027399983 0.00023299981 0.00023299981 0.00027799979 0.0002300003 0.0002300003 0.00027799979 0.00023299981 0.0002300003 0.0002300003 0.00023299981 0.00023299981 0.00023599932 0.00027700116 0.00022899985 0.00023299981 0.0002809993 0.00023299981 0.00023299981 0.0002809993 0.00023400025 0.00023300163 0.0002300003 0.0002300003 0.0002300003 0.00023299981 0.0002809993 0.00023299981 0.00023299981 0.0002809993 0.00023099892 0.00023299981 0.0002809993 0.00037099926 0.00022600034 0.00023299981 0.00023099892 0.00027799979 0.00023299981 0.0002809993 
sleepT=199.58527 199.68868 199.67932 199.73825 199.69545 199.68092 199.73828 199.61716 199.7263 199.72599 199.6935 199.71423 199.68218 199.81565 199.70546 199.72788 199.68118 199.68437 199.73394 199.6851 199.69902 199.71811 199.64486 199.82045 199.70784 199.68515 199.72462 199.67501 199.67286 199.67896 199.68995 199.723 199.68158 199.81998 199.69321 199.68417 199.73515 199.7035 199.68501 199.73949 199.69793 199.66652 199.67464 199.64588 199.71783 199.73866 199.70138 199.64247 199.68533 199.7378 199.69301 199.67332 199.73794 199.66054 199.67143 199.73588 199.73871 199.64115 199.63061 199.72917 199.69193 199.67191 199.73674 199.66897 199.65364 199.7376 199.73741 199.64252 199.73813 199.73877 199.6316 199.73721 199.73886 199.68855 199.66682 199.73764 199.82521 199.64502 199.73655 199.73964 199.63619 199.73684 199.64272 199.68228 199.72043 199.68355 199.82383 199.70526 199.68493 199.67912 199.68013 199.73676 199.73958 199.68422 199.69748 199.68319 199.81689 199.71736 199.67682 199.73893 199.69465 199.73821 199.68382 199.67414 199.72396 199.68686 199.65919 199.71596 199.68439 199.73795 199.69342 199.67509 199.67843 199.67585 199.72002 199.73802 199.65825 199.6629 199.63144 199.72961 199.70298 199.68459 199.73754 199.67181 199.68089 199.73846 199.67486 199.68498 199.65583 199.82733 199.69695 199.68542 199.73945 199.68436 199.68509 199.72997 199.68459 199.71954 199.67803 199.80849 199.70852 199.68475 199.64457 199.68182 199.73574 199.68582 199.69593 199.71998 199.68502 199.82058 199.7155 199.73748 199.68589 199.62769 199.68746 199.73686 199.64719 199.72449 199.73859 199.79158 199.71601 199.73874 199.686 199.69295 199.73643 199.68583 199.6311 199.70817 199.73866 199.60278 199.7183 199.73117 199.68482 199.69504 199.73923 199.68593 199.69233 199.71128 199.64528 199.58329 199.71177 199.73109 199.68111 199.69616 199.73894 199.68482 199.68976 199.73756 199.68519 199.6701 199.69596 199.68282 199.81991 199.7046 199.73707 199.73855 199.6326 199.73719 199.68632 
