RUN=0
name=cam1
width=640
height=480
fps=25
realfps=0
reads=199
time=5
samples=2e+02
start_time=7543.65
end_time=8543.7
energy=59065000 59065000 59065000 59065000 59022000 59022000 59022000 58979000 58979000 58979000 58925000 58925000 58925000 58925000 58882000 58882000 58882000 58838000 58838000 58838000 58795000 58795000 58795000 58795000 58752000 58752000 58752000 58709000 58709000 58709000 58665000 58665000 58665000 58611000 58611000 58611000 58611000 58568000 58568000 58568000 58525000 58525000 58525000 58482000 58482000 58482000 58482000 58438000 58438000 58438000 58395000 58395000 58395000 58341000 58341000 58341000 58298000 58298000 58298000 58298000 58255000 58255000 58255000 58211000 58211000 58211000 58168000 58168000 58168000 58168000 58125000 58125000 58125000 58071000 58071000 58071000 58028000 58028000 58028000 57984000 57984000 57984000 57984000 57941000 57941000 57941000 57898000 57898000 57898000 57855000 57855000 57855000 57855000 57801000 57801000 57801000 57757000 57757000 57757000 57714000 57714000 57714000 57671000 57671000 57671000 57671000 57628000 57628000 57628000 57584000 57584000 57584000 57541000 57541000 57541000 57541000 57487000 57487000 57487000 57444000 57444000 57444000 57401000 57401000 57401000 57401000 57357000 57357000 57357000 57314000 57314000 57314000 57271000 57271000 57271000 57217000 57217000 57217000 57217000 57174000 57174000 57174000 57130000 57130000 57130000 57087000 57087000 57087000 57087000 57044000 57044000 57044000 57001000 57001000 57001000 56947000 56947000 56947000 56903000 56903000 56903000 56903000 56860000 56860000 56860000 56817000 56817000 56817000 56774000 56774000 56774000 56774000 56730000 56730000 56730000 56676000 56676000 56676000 56633000 56633000 56633000 56590000 56590000 56590000 56590000 56547000 56547000 56547000 56503000 56503000 56503000 56460000 56460000 56460000 56460000 56417000 56417000 56417000 56363000 
power=10755000 10755000 10755000 10755000 10701000 10701000 10701000 10723000 10723000 10723000 10615000 10615000 10615000 10615000 10701000 10701000 10701000 10615000 10615000 10615000 10669000 10669000 10669000 10669000 10723000 10723000 10723000 10615000 10615000 10615000 10701000 10701000 10701000 10615000 10615000 10615000 10615000 10669000 10669000 10669000 10615000 10615000 10615000 10561000 10561000 10561000 10561000 10561000 10561000 10561000 10539000 10539000 10539000 10647000 10647000 10647000 10701000 10701000 10701000 10701000 10615000 10615000 10615000 10582000 10582000 10582000 10561000 10561000 10561000 10561000 10647000 10647000 10647000 10582000 10582000 10582000 10561000 10561000 10561000 10669000 10669000 10669000 10669000 10701000 10701000 10701000 10723000 10723000 10723000 10647000 10647000 10647000 10647000 10582000 10582000 10582000 10669000 10669000 10669000 10582000 10582000 10582000 10669000 10669000 10669000 10669000 10615000 10615000 10615000 10669000 10669000 10669000 10615000 10615000 10615000 10615000 10669000 10669000 10669000 10615000 10615000 10615000 10561000 10561000 10561000 10561000 10561000 10561000 10561000 10539000 10539000 10539000 10647000 10647000 10647000 10701000 10701000 10701000 10701000 10615000 10615000 10615000 10701000 10701000 10701000 10723000 10723000 10723000 10723000 10723000 10723000 10723000 10647000 10647000 10647000 10701000 10701000 10701000 10723000 10723000 10723000 10723000 10615000 10615000 10615000 10582000 10582000 10582000 10669000 10669000 10669000 10669000 10701000 10701000 10701000 10723000 10723000 10723000 10647000 10647000 10647000 10701000 10701000 10701000 10701000 10723000 10723000 10723000 10723000 10723000 10723000 10755000 10755000 10755000 10755000 10755000 10755000 10755000 10755000 
voltage=10810000 10810000 10810000 10810000 10810000 10810000 10810000 10810000 10810000 10810000 10810000 10810000 10810000 10810000 10810000 10810000 10810000 10810000 10810000 10810000 10810000 10810000 10810000 10810000 10810000 10810000 10810000 10810000 10810000 10810000 10810000 10810000 10810000 10810000 10810000 10810000 10810000 10810000 10810000 10810000 10810000 10810000 10810000 10810000 10810000 10810000 10810000 10810000 10810000 10810000 10810000 10810000 10810000 10810000 10810000 10810000 10810000 10810000 10810000 10810000 10810000 10810000 10810000 10810000 10810000 10810000 10810000 10810000 10810000 10810000 10810000 10810000 10810000 10810000 10810000 10810000 10810000 10810000 10810000 10810000 10810000 10810000 10810000 10810000 10810000 10810000 10810000 10810000 10810000 10810000 10810000 10810000 10810000 10810000 10810000 10810000 10810000 10810000 10810000 10810000 10810000 10810000 10810000 10810000 10810000 10810000 10810000 10810000 10810000 10810000 10810000 10810000 10810000 10810000 10810000 10810000 10810000 10810000 10810000 10810000 10810000 10810000 10810000 10810000 10810000 10810000 10810000 10810000 10810000 10810000 10810000 10810000 10810000 10810000 10810000 10810000 10810000 10810000 10810000 10810000 10810000 10810000 10810000 10810000 10810000 10810000 10810000 10810000 10810000 10810000 10810000 10810000 10810000 10810000 10810000 10810000 10810000 10810000 10810000 10810000 10810000 10810000 10810000 10810000 10810000 10810000 10810000 10810000 10810000 10810000 10810000 10810000 10810000 10810000 10810000 10810000 10810000 10810000 10810000 10810000 10810000 10810000 10810000 10810000 10810000 10810000 10810000 10810000 10810000 10810000 10810000 10810000 10810000 10810000 10810000 10810000 10810000 10810000 10810000 
captureT=0.00021799951 0.000215 0.00025699956 0.00022099994 0.00021800042 0.00026399994 0.00021800042 0.00021799951 0.00021800042 0.00021800042 0.00021799951 0.0002200004 0.00021800042 0.00025999998 0.00021999949 0.00026399994 0.000215 0.00015500063 0.00014899979 0.00022099994 0.00021800042 0.00021799951 0.00026100042 0.00021799951 0.00025999998 0.00026100042 0.00021800042 0.00025699956 0.00021799951 0.00026100042 0.0002200004 0.00026399994 0.00021800042 0.0002200004 0.000215 0.00021800042 0.00021799951 0.00022099994 0.00021799951 0.00021800042 0.00021799951 0.00022299992 0.00021800042 0.00021799951 0.00026100042 0.00021800042 0.00026700036 0.00026799989 0.00021800042 0.00026700036 0.00026099951 0.00021999949 0.00025699956 0.00021799951 0.00026399994 0.00021800042 0.00026100042 0.00021800042 0.00025999998 0.00021800042 0.00021800042 0.00026700036 0.00021800042 0.0002200004 0.00021899996 0.00021799951 0.00021800042 0.00021799951 0.00021799951 0.00025999998 0.000258 0.0002200004 0.0002200004 0.00021800042 0.00021600044 0.00021800042 0.000258 0.00021799951 0.00026700036 0.000215 0.00026399994 0.00021799951 0.00021800042 0.00022099994 0.00026099951 0.00021999949 0.00021800042 0.00022099994 0.00022099994 0.00021799951 0.00021799951 0.00021800042 0.00026100042 0.00021999949 0.00021799951 0.00022099994 0.00026700036 0.00021799951 0.00021899996 0.00021800042 0.00026399994 0.00021799951 0.00021799951 0.00021799951 0.00022099994 0.00021799951 0.00025999998 0.00021799951 0.00026399994 0.0002200004 0.00021800042 0.00021799951 0.00021599953 0.00021800042 0.00021600044 0.00026100042 0.00021799951 0.00025699956 0.00021799951 0.00021799951 0.00021799951 0.0002200004 0.00026399994 0.00021800042 0.00025999998 0.00021999949 0.00021800042 0.00021800042 0.00026100042 0.00021800042 0.0002179986 0.00021600135 0.00026100133 0.00021099913 0.00021800042 0.00025000008 0.00021800042 0.00021800042 0.00021899905 0.00021800042 0.00026099951 0.00022099994 0.00021499909 0.00021800042 0.00026399903 0.00021800042 0.00026400085 0.00021800042 0.00026700036 0.00021999949 0.00021999949 0.00021500091 0.00025699956 0.00021599953 0.00025699956 0.00022099994 0.00021800042 0.00022099994 0.00021600135 0.00021800042 0.000258 0.00024499968 0.00025699956 0.00021800042 0.00026399903 0.00022099994 0.00026700036 0.00022000131 0.00021800042 0.00026699854 0.00026099951 0.00022099994 0.00022299901 0.00021999949 0.0002179986 0.00021900087 0.00021099913 0.00021800042 0.00021800042 0.00021800042 0.00021800042 0.0002179986 0.00021999949 0.00021600135 0.00021800042 0.00021800042 0.00021599953 0.00022099994 0.00026400085 0.00021800042 0.00022800123 0.00021800042 0.00026399903 0.00022099994 0.00021800042 0.00021800042 0.0002179986 0.00021800042 0.00026400085 
sleepT=39.727539 39.666822 39.673246 39.727486 39.639461 39.669858 39.731067 39.663975 39.60832 39.703368 39.816742 39.701211 39.588296 39.668605 39.681193 39.674432 39.719226 39.710454 39.742297 39.735376 39.66796 39.665484 39.686262 39.74096 39.644131 39.685894 39.739958 39.63879 39.738769 39.683622 39.679993 39.657808 39.727499 39.818888 39.706363 39.67712 39.681106 39.704208 39.730081 39.738642 39.684311 39.713587 39.73177 39.67762 39.671489 39.739374 39.676916 39.637787 39.693461 39.676388 39.621173 39.72883 39.677471 39.700073 39.675239 39.737471 39.801758 39.706538 39.686844 39.740695 39.612393 39.67455 39.740822 39.700536 39.705576 39.726478 39.66892 39.710581 39.738945 39.686771 39.645042 39.739256 39.685717 39.67896 39.738739 39.739667 39.639843 39.725787 39.687101 39.834589 39.63738 39.730206 39.730682 39.6851 39.646336 39.677642 39.677654 39.675055 39.725548 39.809799 39.708188 39.719022 39.68681 39.627118 39.739203 39.736875 39.638764 39.73701 39.738704 39.677934 39.674908 39.739118 39.829235 39.650516 39.739263 39.740776 39.635105 39.737837 39.645785 39.686517 39.729298 39.738702 39.823581 39.720243 39.740331 39.685564 39.695834 39.68684 39.740785 39.698055 39.672323 39.730381 39.613821 39.716998 39.681427 39.738334 39.628013 39.720995 39.661494 39.667013 39.680281 39.738075 39.625353 39.714238 39.731506 39.757186 39.713707 39.726436 39.730563 39.69696 39.685861 39.738664 39.703785 39.725877 39.62811 39.648042 39.652164 39.739166 39.681189 39.695013 39.740075 39.725647 39.626289 39.736365 39.687529 39.662862 39.689101 39.678148 39.834875 39.704067 39.686623 39.741023 39.632251 39.737238 39.68806 39.683902 39.667145 39.73886 39.646311 39.656772 39.674102 39.738754 39.666631 39.720309 39.73088 39.613197 39.728737 39.6768 39.657612 39.719852 39.697331 39.833679 39.698346 39.737649 39.739143 39.637647 39.739213 39.740318 39.608204 39.71814 39.740734 39.821273 39.631572 39.729293 39.729108 39.694466 39.741293 39.737937 39.615192 
