RUN=0
name=cam1
width=640
height=480
fps=5
realfps=0
reads=199
time=5
samples=2e+02
start_time=3287.41
end_time=4287.8
energy=69778000 69778000 69778000 69778000 69735000 69735000 69735000 69692000 69692000 69692000 69648000 69648000 69648000 69648000 69605000 69605000 69605000 69562000 69562000 69562000 69508000 69508000 69508000 69508000 69465000 69465000 69465000 69421000 69421000 69421000 69378000 69378000 69378000 69346000 69346000 69346000 69346000 69302000 69302000 69302000 69259000 69259000 69259000 69216000 69216000 69216000 69216000 69173000 69173000 69173000 69119000 69119000 69119000 69075000 69075000 69075000 69075000 69032000 69032000 69032000 68989000 68989000 68989000 68946000 68946000 68946000 68902000 68902000 68902000 68902000 68848000 68848000 68848000 68827000 68827000 68827000 68784000 68784000 68784000 68784000 68729000 68729000 68729000 68686000 68686000 68686000 68643000 68643000 68643000 68600000 68600000 68600000 68600000 68557000 68557000 68557000 68513000 68513000 68513000 68459000 68459000 68459000 68459000 68416000 68416000 68416000 68373000 68373000 68373000 68330000 68330000 68330000 68330000 68286000 68286000 68286000 68254000 68254000 68254000 68211000 68211000 68211000 68167000 68167000 68167000 68167000 68124000 68124000 68124000 68070000 68070000 68070000 68027000 68027000 68027000 68027000 67984000 67984000 67984000 67940000 67940000 67940000 67897000 67897000 67897000 67897000 67854000 67854000 67854000 67800000 67800000 67800000 67757000 67757000 67757000 67713000 67713000 67713000 67713000 67670000 67670000 67670000 67638000 67638000 67638000 67594000 67594000 67594000 67594000 67551000 67551000 67551000 67508000 67508000 67508000 67454000 67454000 67454000 67454000 67411000 67411000 67411000 67367000 67367000 67367000 67324000 67324000 67324000 67281000 67281000 67281000 67281000 67238000 67238000 67238000 67194000 67194000 67194000 67140000 
power=10712000 10712000 10712000 10712000 10669000 10669000 10669000 10669000 10669000 10669000 10669000 10669000 10669000 10669000 10669000 10669000 10669000 10669000 10669000 10669000 10669000 10669000 10669000 10669000 10669000 10669000 10669000 10669000 10669000 10669000 10669000 10669000 10669000 10669000 10669000 10669000 10669000 10669000 10669000 10669000 10669000 10669000 10669000 10669000 10669000 10669000 10669000 10669000 10669000 10669000 10669000 10669000 10669000 10669000 10669000 10669000 10669000 10669000 10669000 10669000 10669000 10669000 10669000 10669000 10669000 10669000 10669000 10669000 10669000 10669000 10788000 10788000 10788000 10723000 10723000 10723000 10691000 10691000 10691000 10691000 10691000 10691000 10691000 10669000 10669000 10669000 10669000 10669000 10669000 10669000 10669000 10669000 10669000 10669000 10669000 10669000 10669000 10669000 10669000 10788000 10788000 10788000 10788000 10723000 10723000 10723000 10691000 10691000 10691000 10691000 10691000 10691000 10691000 10669000 10669000 10669000 10669000 10669000 10669000 10669000 10669000 10669000 10669000 10669000 10669000 10669000 10669000 10669000 10669000 10669000 10669000 10669000 10669000 10669000 10669000 10669000 10669000 10669000 10669000 10788000 10788000 10788000 10723000 10723000 10723000 10723000 10691000 10691000 10691000 10691000 10691000 10691000 10669000 10669000 10669000 10669000 10669000 10669000 10669000 10788000 10788000 10788000 10723000 10723000 10723000 10691000 10691000 10691000 10691000 10691000 10691000 10691000 10669000 10669000 10669000 10669000 10669000 10669000 10669000 10788000 10788000 10788000 10723000 10723000 10723000 10691000 10691000 10691000 10691000 10691000 10691000 10691000 10788000 10788000 10788000 10637000 10637000 10637000 10723000 
voltage=10810000 10810000 10810000 10810000 10810000 10810000 10810000 10810000 10810000 10810000 10810000 10810000 10810000 10810000 10810000 10810000 10810000 10810000 10810000 10810000 10810000 10810000 10810000 10810000 10810000 10810000 10810000 10810000 10810000 10810000 10810000 10810000 10810000 10810000 10810000 10810000 10810000 10810000 10810000 10810000 10810000 10810000 10810000 10810000 10810000 10810000 10810000 10810000 10810000 10810000 10810000 10810000 10810000 10810000 10810000 10810000 10810000 10810000 10810000 10810000 10810000 10810000 10810000 10810000 10810000 10810000 10810000 10810000 10810000 10810000 10810000 10810000 10810000 10810000 10810000 10810000 10810000 10810000 10810000 10810000 10810000 10810000 10810000 10810000 10810000 10810000 10810000 10810000 10810000 10810000 10810000 10810000 10810000 10810000 10810000 10810000 10810000 10810000 10810000 10810000 10810000 10810000 10810000 10810000 10810000 10810000 10810000 10810000 10810000 10810000 10810000 10810000 10810000 10810000 10810000 10810000 10810000 10810000 10810000 10810000 10810000 10810000 10810000 10810000 10810000 10810000 10810000 10810000 10810000 10810000 10810000 10810000 10810000 10810000 10810000 10810000 10810000 10810000 10810000 10810000 10810000 10810000 10810000 10810000 10810000 10810000 10810000 10810000 10810000 10810000 10810000 10810000 10810000 10810000 10810000 10810000 10810000 10810000 10810000 10810000 10810000 10810000 10810000 10810000 10810000 10810000 10810000 10810000 10810000 10810000 10810000 10810000 10810000 10810000 10810000 10810000 10810000 10810000 10810000 10810000 10810000 10810000 10810000 10810000 10810000 10810000 10810000 10810000 10810000 10810000 10810000 10810000 10810000 10810000 10810000 10810000 10810000 10810000 10810000 
captureT=0.0002669999 0.00026700036 0.00021599999 0.00021599999 0.00026099997 0.00026099997 0.00021599999 0.000215 0.00026099997 0.00021599999 0.00021599999 0.00026099997 0.00021799997 0.00026099997 0.00021599999 0.000215 0.00026399994 0.000215 0.000215 0.00022099994 0.00021599999 0.00021599999 0.00025999998 0.00021599999 0.000215 0.000215 0.00026399994 0.00021599999 0.00021800042 0.00026099997 0.0002200004 0.00021799997 0.00026099997 0.00021599999 0.00021599999 0.00026099997 0.00021799997 0.00021900041 0.000215 0.00021599999 0.00021799997 0.00025700001 0.000215 0.00021799997 0.00026099997 0.00025400004 0.00021799997 0.00021599999 0.00021799997 0.00025700001 0.00021599999 0.00021599999 0.00026099997 0.00021599999 0.00021799997 0.00026099997 0.000215 0.00021599999 0.00021599999 0.00022300037 0.0002669999 0.00025999998 0.00025700001 0.00021799997 0.00026399994 0.00021799997 0.00021999995 0.00021599999 0.00025999998 0.000215 0.00021799997 0.00025400004 0.000215 0.00021799997 0.00021600044 0.000258 0.00021599999 0.000215 0.00026099997 0.000215 0.00021799997 0.00021799997 0.00021799997 0.00021599999 0.00021999995 0.000215 0.000215 0.00021999995 0.00026400039 0.00045800016 0.00021799997 0.00021599999 0.00021999995 0.00021799997 0.00021800042 0.00026099997 0.00021799997 0.00021799997 0.00026099997 0.00022099994 0.000215 0.00021799997 0.000215 0.00021599999 0.00025400004 0.00026099997 0.000215 0.000215 0.00026099997 0.000215 0.000215 0.00025700001 0.000215 0.00025400004 0.00026099997 0.00021999995 0.00021799997 0.00025400004 0.00021800042 0.00021999995 0.00026099997 0.00021999995 0.00041099975 0.00021999995 0.000215 0.00021799997 0.00025400004 0.000258 0.00021799997 0.00021599999 0.00021599999 0.00021799997 0.000215 0.00025400004 0.00021599999 0.00022099994 0.00026399994 0.00021799997 0.00021599999 0.00022099994 0.00025999998 0.00021899996 0.00021799997 0.000258 0.00021799997 0.00021799997 0.000215 0.00021799997 0.00021599999 0.00022099994 0.00025400004 0.00021799997 0.00021799997 0.00026099997 0.00021799997 0.00021999995 0.00026099997 0.00026099997 0.00021599999 0.00021799997 0.00021800042 0.00021599953 0.00026100042 0.00022299992 0.00021800042 0.000215 0.00026100042 0.00021799951 0.000215 0.00026099951 0.00021599953 0.000215 0.00026099951 0.00021999949 0.000215 0.00021599953 0.00025699956 0.000215 0.00021999949 0.00026399994 0.00022099994 0.00021800042 0.00025999998 0.00021599953 0.00021999949 0.00026099951 0.00021599953 0.00021600044 0.000215 0.00023499979 0.00021799951 0.00025999998 0.00025999998 0.000215 0.00021800042 0.00026700036 0.00025999998 0.00021999949 0.00026099951 
sleepT=199.67393 199.58393 199.73517 199.73435 199.58499 199.68094 199.73526 199.64794 199.64836 199.7302 199.81531 199.63999 199.67277 199.60667 199.6731 199.72997 199.65569 199.65106 199.71147 199.73513 199.59244 199.70055 199.6829 199.73487 199.68385 199.67873 199.68303 199.65049 199.72877 199.68105 199.65067 199.70363 199.68024 199.81688 199.68633 199.67088 199.67898 199.66891 199.73338 199.68053 199.65692 199.66422 199.7393 199.82081 199.65825 199.63966 199.73924 199.67688 199.73861 199.6253 199.64214 199.71031 199.66873 199.65691 199.70971 199.66182 199.73856 199.68585 199.73885 199.74118 199.59207 199.62018 199.6367 199.66108 199.5907 199.72145 199.82297 199.68853 199.66819 199.7393 199.65587 199.68372 199.7554 199.65426 199.69969 199.68173 199.82386 199.68864 199.61138 199.72452 199.67884 199.72487 199.68044 199.6497 199.72255 199.67442 199.64882 199.67936 199.67625 199.82845 199.67286 199.67608 199.74008 199.66056 199.73548 199.66749 199.65591 199.67205 199.6636 199.82299 199.69467 199.72186 199.73805 199.67748 199.68627 199.68505 199.65121 199.71845 199.68721 199.65402 199.70557 199.68089 199.67312 199.61094 199.6875 199.74045 199.66024 199.67289 199.73989 199.66047 199.6622 199.61616 199.82264 199.6906 199.7272 199.73309 199.60664 199.68258 199.72064 199.59098 199.70606 199.73711 199.8236 199.60822 199.73711 199.73767 199.61035 199.67298 199.7399 199.65795 199.6661 199.73772 199.65189 199.65275 199.67768 199.67128 199.66945 199.73254 199.73633 199.6568 199.68101 199.73703 199.65324 199.64344 199.74 199.8219 199.63239 199.54368 199.72808 199.65737 199.67243 199.72601 199.59468 199.69654 199.73123 199.81835 199.65686 199.73424 199.74054 199.61543 199.73678 199.73849 199.59906 199.66157 199.74029 199.65879 199.65446 199.73728 199.73976 199.61742 199.73996 199.67857 199.56353 199.73624 199.72188 199.58749 199.65413 199.72959 199.82023 199.62939 199.74235 199.68752 199.60363 199.68144 199.73726 199.604 199.65507 199.73846 199.78781 
