RUN=0
name=system_usb
width=0
height=0
fps=5
realfps=5
reads=200
time=5
samples=2e+02
start_time=1182.73
end_time=2182.84
energy=74718000 74718000 74664000 74664000 74664000 74643000 74643000 74643000 74610000 74610000 74610000 74610000 74578000 74578000 74578000 74545000 74545000 74545000 74524000 74524000 74524000 74524000 74491000 74491000 74491000 74448000 74448000 74448000 74416000 74416000 74416000 74416000 74383000 74383000 74383000 74351000 74351000 74351000 74329000 74329000 74329000 74297000 74297000 74297000 74297000 74264000 74264000 74264000 74221000 74221000 74221000 74189000 74189000 74189000 74189000 74156000 74156000 74156000 74134000 74134000 74134000 74102000 74102000 74102000 74102000 74070000 74070000 74070000 74037000 74037000 74037000 73994000 73994000 73994000 73962000 73962000 73962000 73962000 73940000 73940000 73940000 73907000 73907000 73907000 73875000 73875000 73875000 73875000 73843000 73843000 73843000 73810000 73810000 73810000 73767000 73767000 73767000 73767000 73745000 73745000 73745000 73713000 73713000 73713000 73680000 73680000 73680000 73648000 73648000 73648000 73648000 73616000 73616000 73616000 73594000 73594000 73594000 73540000 73540000 73540000 73540000 73518000 73518000 73518000 73486000 73486000 73486000 73453000 73453000 73453000 73453000 73421000 73421000 73421000 73399000 73399000 73399000 73367000 73367000 73367000 73324000 73324000 73324000 73324000 73291000 73291000 73291000 73259000 73259000 73259000 73226000 73226000 73226000 73226000 73205000 73205000 73205000 73172000 73172000 73172000 73140000 73140000 73140000 73140000 73097000 73097000 73097000 73064000 73064000 73064000 73032000 73032000 73032000 73010000 73010000 73010000 73010000 72978000 72978000 72978000 72945000 72945000 72945000 72913000 72913000 72913000 72913000 72870000 72870000 72870000 72837000 72837000 72837000 72816000 72816000 72816000 72816000 72783000 72783000 72783000 
power=7934000 7934000 8075000 8075000 8075000 7956000 7956000 7956000 7977000 7977000 7977000 7977000 8021000 8021000 8021000 8021000 8021000 8021000 8021000 8021000 8021000 8021000 8021000 8021000 8021000 8021000 8021000 8021000 8021000 8021000 8021000 8021000 7891000 7891000 7891000 7956000 7956000 7956000 7869000 7869000 7869000 7815000 7815000 7815000 7815000 7815000 7815000 7815000 7891000 7891000 7891000 7956000 7956000 7956000 7956000 7977000 7977000 7977000 8021000 8021000 8021000 8021000 8021000 8021000 8021000 8021000 8021000 8021000 8021000 8021000 8021000 8021000 8021000 8021000 8021000 8021000 8021000 8021000 8021000 8021000 8021000 8021000 8021000 8021000 8021000 8021000 8021000 8021000 8021000 8021000 8021000 8021000 8021000 8021000 8021000 8021000 8021000 8021000 8021000 8021000 8021000 7891000 7891000 7891000 7956000 7956000 7956000 7977000 7977000 7977000 7977000 7977000 7977000 7977000 8021000 8021000 8021000 8021000 8021000 8021000 8021000 8021000 8021000 8021000 8021000 8021000 8021000 8021000 8021000 8021000 8021000 8021000 8021000 8021000 8021000 8021000 8021000 8021000 8021000 8021000 8021000 8021000 8021000 8021000 8021000 8021000 8021000 8021000 8021000 8021000 8021000 8021000 8021000 8021000 8021000 8021000 8021000 8021000 8021000 8021000 8021000 8021000 8021000 8021000 8021000 8021000 8021000 8021000 8021000 8021000 8021000 8021000 8021000 8021000 8021000 8021000 8021000 8021000 8021000 8021000 8021000 8021000 8021000 8021000 8021000 8021000 8021000 8021000 8021000 8021000 8021000 8021000 8021000 8021000 8021000 8021000 8021000 8021000 8021000 8021000 
voltage=10810000 10810000 10810000 10810000 10810000 10810000 10810000 10810000 10810000 10810000 10810000 10810000 10810000 10810000 10810000 10810000 10810000 10810000 10810000 10810000 10810000 10810000 10810000 10810000 10810000 10810000 10810000 10810000 10810000 10810000 10810000 10810000 10810000 10810000 10810000 10810000 10810000 10810000 10810000 10810000 10810000 10810000 10810000 10810000 10810000 10810000 10810000 10810000 10810000 10810000 10810000 10810000 10810000 10810000 10810000 10810000 10810000 10810000 10810000 10810000 10810000 10810000 10810000 10810000 10810000 10810000 10810000 10810000 10810000 10810000 10810000 10810000 10810000 10810000 10810000 10810000 10810000 10810000 10810000 10810000 10810000 10810000 10810000 10810000 10810000 10810000 10810000 10810000 10810000 10810000 10810000 10810000 10810000 10810000 10810000 10810000 10810000 10810000 10810000 10810000 10810000 10810000 10810000 10810000 10810000 10810000 10810000 10810000 10810000 10810000 10810000 10810000 10810000 10810000 10810000 10810000 10810000 10810000 10810000 10810000 10810000 10810000 10810000 10810000 10810000 10810000 10810000 10810000 10810000 10810000 10810000 10810000 10810000 10810000 10810000 10810000 10810000 10810000 10810000 10810000 10810000 10810000 10810000 10810000 10810000 10810000 10810000 10810000 10810000 10810000 10810000 10810000 10810000 10810000 10810000 10810000 10810000 10810000 10810000 10810000 10810000 10810000 10810000 10810000 10810000 10810000 10810000 10810000 10810000 10810000 10810000 10810000 10810000 10810000 10810000 10810000 10810000 10810000 10810000 10810000 10810000 10810000 10810000 10810000 10810000 10810000 10810000 10810000 10810000 10810000 10810000 10810000 10810000 10810000 10810000 10810000 10810000 10810000 10810000 10810000 
captureT=
sleepT=
