RUN=0
name=system_usb
width=0
height=0
fps=5
realfps=5
reads=200
time=5
samples=2e+02
start_time=1224.92
end_time=2225.02
energy=79410000 79410000 79410000 79377000 79377000 79377000 79345000 79345000 79345000 79345000 79323000 79323000 79323000 79280000 79280000 79280000 79248000 79248000 79248000 79248000 79215000 79215000 79215000 79183000 79183000 79183000 79150000 79150000 79150000 79129000 79129000 79129000 79129000 79096000 79096000 79096000 79053000 79053000 79053000 79021000 79021000 79021000 79021000 78988000 78988000 78988000 78956000 78956000 78956000 78934000 78934000 78934000 78934000 78902000 78902000 78902000 78869000 78869000 78869000 78826000 78826000 78826000 78826000 78794000 78794000 78794000 78761000 78761000 78761000 78740000 78740000 78740000 78707000 78707000 78707000 78707000 78675000 78675000 78675000 78642000 78642000 78642000 78599000 78599000 78599000 78599000 78567000 78567000 78567000 78545000 78545000 78545000 78513000 78513000 78513000 78513000 78480000 78480000 78480000 78448000 78448000 78448000 78415000 78415000 78415000 78372000 78372000 78372000 78372000 78350000 78350000 78350000 78318000 78318000 78318000 78286000 78286000 78286000 78286000 78253000 78253000 78253000 78221000 78221000 78221000 78177000 78177000 78177000 78177000 78156000 78156000 78156000 78123000 78123000 78123000 78091000 78091000 78091000 78059000 78059000 78059000 78059000 78026000 78026000 78026000 78004000 78004000 78004000 77950000 77950000 77950000 77950000 77929000 77929000 77929000 77896000 77896000 77896000 77864000 77864000 77864000 77864000 77832000 77832000 77832000 77810000 77810000 77810000 77777000 77777000 77777000 77734000 77734000 77734000 77734000 77702000 77702000 77702000 77669000 77669000 77669000 77637000 77637000 77637000 77637000 77615000 77615000 77615000 77583000 77583000 77583000 77550000 77550000 77550000 77550000 77507000 77507000 77507000 77475000 77475000 
power=8096000 8096000 8096000 7956000 7956000 7956000 7923000 7923000 7923000 7923000 7977000 7977000 7977000 7977000 7977000 7977000 8021000 8021000 8021000 8021000 8021000 8021000 8021000 8021000 8021000 8021000 8021000 8021000 8021000 8021000 8021000 8021000 8021000 8021000 8021000 8021000 7891000 7891000 7891000 7956000 7956000 7956000 7956000 7977000 7977000 7977000 7869000 7869000 7869000 7956000 7956000 7956000 7956000 7977000 7977000 7977000 7977000 7977000 7977000 8021000 8021000 8021000 8021000 8021000 8021000 8021000 8021000 8021000 8021000 8021000 8021000 8021000 8021000 8021000 8021000 8021000 8021000 8021000 8021000 8021000 8021000 8021000 8021000 8021000 8021000 8021000 8021000 8021000 8021000 8021000 8021000 8021000 8021000 8021000 8021000 8021000 8021000 8021000 8021000 8021000 8021000 8021000 8021000 8021000 8021000 7891000 7891000 7891000 7891000 7956000 7956000 7956000 7977000 7977000 7977000 7977000 7977000 7977000 7977000 8021000 8021000 8021000 8021000 8021000 8021000 8021000 8021000 8021000 8021000 8021000 8021000 8021000 8021000 8021000 8021000 8021000 8021000 8021000 8021000 8021000 8021000 8021000 8021000 8021000 8021000 8021000 8021000 8021000 8021000 8021000 8021000 8021000 8021000 8021000 8021000 8021000 8021000 8021000 8021000 8021000 8021000 8021000 8021000 8021000 8021000 8021000 8021000 8021000 8021000 8021000 8021000 8021000 8021000 8021000 8021000 8021000 8021000 8021000 8021000 8021000 8021000 8021000 8021000 8021000 8021000 8021000 8021000 8021000 7945000 7945000 7945000 7945000 7945000 7945000 7945000 7945000 7945000 7945000 7945000 7945000 
voltage=10810000 10810000 10810000 10810000 10810000 10810000 10810000 10810000 10810000 10810000 10810000 10810000 10810000 10810000 10810000 10810000 10810000 10810000 10810000 10810000 10810000 10810000 10810000 10810000 10810000 10810000 10810000 10810000 10810000 10810000 10810000 10810000 10810000 10810000 10810000 10810000 10810000 10810000 10810000 10810000 10810000 10810000 10810000 10810000 10810000 10810000 10810000 10810000 10810000 10810000 10810000 10810000 10810000 10810000 10810000 10810000 10810000 10810000 10810000 10810000 10810000 10810000 10810000 10810000 10810000 10810000 10810000 10810000 10810000 10810000 10810000 10810000 10810000 10810000 10810000 10810000 10810000 10810000 10810000 10810000 10810000 10810000 10810000 10810000 10810000 10810000 10810000 10810000 10810000 10810000 10810000 10810000 10810000 10810000 10810000 10810000 10810000 10810000 10810000 10810000 10810000 10810000 10810000 10810000 10810000 10810000 10810000 10810000 10810000 10810000 10810000 10810000 10810000 10810000 10810000 10810000 10810000 10810000 10810000 10810000 10810000 10810000 10810000 10810000 10810000 10810000 10810000 10810000 10810000 10810000 10810000 10810000 10810000 10810000 10810000 10810000 10810000 10810000 10810000 10810000 10810000 10810000 10810000 10810000 10810000 10810000 10810000 10810000 10810000 10810000 10810000 10810000 10810000 10810000 10810000 10810000 10810000 10810000 10810000 10810000 10810000 10810000 10810000 10810000 10810000 10810000 10810000 10810000 10810000 10810000 10810000 10810000 10810000 10810000 10810000 10810000 10810000 10810000 10810000 10810000 10810000 10810000 10810000 10810000 10810000 10810000 10810000 10810000 10810000 10810000 10810000 10810000 10810000 10810000 10810000 10810000 10810000 10810000 10810000 10810000 
captureT=
sleepT=
