RUN=0
name=system
width=0
height=0
fps=5
realfps=5
reads=200
time=5
samples=2e+02
start_time=1400.66
end_time=2400.75
energy=81788000 81788000 81788000 81766000 81766000 81766000 81734000 81734000 81734000 81734000 81701000 81701000 81701000 81669000 81669000 81669000 81647000 81647000 81647000 81647000 81615000 81615000 81615000 81583000 81583000 81583000 81550000 81550000 81550000 81550000 81529000 81529000 81529000 81496000 81496000 81496000 81464000 81464000 81464000 81464000 81431000 81431000 81431000 81399000 81399000 81399000 81377000 81377000 81377000 81377000 81345000 81345000 81345000 81312000 81312000 81312000 81280000 81280000 81280000 81280000 81258000 81258000 81258000 81226000 81226000 81226000 81193000 81193000 81193000 81193000 81161000 81161000 81161000 81129000 81129000 81129000 81107000 81107000 81107000 81107000 81075000 81075000 81075000 81042000 81042000 81042000 81010000 81010000 81010000 81010000 80988000 80988000 80988000 80956000 80956000 80956000 80923000 80923000 80923000 80923000 80912000 80912000 80912000 80880000 80880000 80880000 80847000 80847000 80847000 80847000 80815000 80815000 80815000 80793000 80793000 80793000 80761000 80761000 80761000 80761000 80729000 80729000 80729000 80696000 80696000 80696000 80664000 80664000 80664000 80664000 80642000 80642000 80642000 80610000 80610000 80610000 80577000 80577000 80577000 80577000 80545000 80545000 80545000 80523000 80523000 80523000 80491000 80491000 80491000 80491000 80458000 80458000 80458000 80426000 80426000 80426000 80404000 80404000 80404000 80404000 80372000 80372000 80372000 80339000 80339000 80339000 80307000 80307000 80307000 80275000 80275000 80275000 80275000 80253000 80253000 80253000 80221000 80221000 80221000 80188000 80188000 80188000 80188000 80156000 80156000 80156000 80134000 80134000 80134000 80102000 80102000 80102000 80102000 80069000 80069000 80069000 80037000 80037000 80037000 80004000 
power=7966000 7966000 7966000 7480000 7480000 7480000 7458000 7458000 7458000 7458000 7437000 7437000 7437000 7437000 7437000 7437000 7437000 7437000 7437000 7437000 7437000 7437000 7437000 7437000 7437000 7437000 7437000 7437000 7437000 7437000 7372000 7372000 7372000 7372000 7372000 7372000 7372000 7372000 7372000 7372000 7372000 7372000 7372000 7372000 7372000 7372000 7372000 7372000 7372000 7372000 7372000 7372000 7372000 7372000 7372000 7372000 7372000 7372000 7372000 7372000 7372000 7372000 7372000 7480000 7480000 7480000 7426000 7426000 7426000 7426000 7404000 7404000 7404000 7404000 7404000 7404000 7372000 7372000 7372000 7372000 7372000 7372000 7372000 7372000 7372000 7372000 7372000 7372000 7372000 7372000 7372000 7372000 7372000 7372000 7372000 7372000 7372000 7372000 7372000 7372000 7372000 7372000 7372000 7372000 7372000 7372000 7372000 7372000 7372000 7372000 7372000 7372000 7372000 7372000 7372000 7372000 7372000 7372000 7372000 7372000 7372000 7372000 7372000 7372000 7372000 7372000 7372000 7372000 7372000 7372000 7372000 7372000 7372000 7480000 7480000 7480000 7426000 7426000 7426000 7426000 7404000 7404000 7404000 7404000 7404000 7404000 7372000 7372000 7372000 7372000 7372000 7372000 7372000 7372000 7372000 7372000 7372000 7372000 7372000 7372000 7372000 7372000 7372000 7372000 7372000 7372000 7372000 7372000 7372000 7480000 7480000 7480000 7480000 7426000 7426000 7426000 7404000 7404000 7404000 7404000 7404000 7404000 7404000 7372000 7372000 7372000 7372000 7372000 7372000 7372000 7372000 7372000 7372000 7372000 7372000 7372000 7372000 7372000 7372000 7372000 
voltage=10810000 10810000 10810000 10810000 10810000 10810000 10810000 10810000 10810000 10810000 10810000 10810000 10810000 10810000 10810000 10810000 10810000 10810000 10810000 10810000 10810000 10810000 10810000 10810000 10810000 10810000 10810000 10810000 10810000 10810000 10810000 10810000 10810000 10810000 10810000 10810000 10810000 10810000 10810000 10810000 10810000 10810000 10810000 10810000 10810000 10810000 10810000 10810000 10810000 10810000 10810000 10810000 10810000 10810000 10810000 10810000 10810000 10810000 10810000 10810000 10810000 10810000 10810000 10810000 10810000 10810000 10810000 10810000 10810000 10810000 10810000 10810000 10810000 10810000 10810000 10810000 10810000 10810000 10810000 10810000 10810000 10810000 10810000 10810000 10810000 10810000 10810000 10810000 10810000 10810000 10810000 10810000 10810000 10810000 10810000 10810000 10810000 10810000 10810000 10810000 10810000 10810000 10810000 10810000 10810000 10810000 10810000 10810000 10810000 10810000 10810000 10810000 10810000 10810000 10810000 10810000 10810000 10810000 10810000 10810000 10810000 10810000 10810000 10810000 10810000 10810000 10810000 10810000 10810000 10810000 10810000 10810000 10810000 10810000 10810000 10810000 10810000 10810000 10810000 10810000 10810000 10810000 10810000 10810000 10810000 10810000 10810000 10810000 10810000 10810000 10810000 10810000 10810000 10810000 10810000 10810000 10810000 10810000 10810000 10810000 10810000 10810000 10810000 10810000 10810000 10810000 10810000 10810000 10810000 10810000 10810000 10810000 10810000 10810000 10810000 10810000 10810000 10810000 10810000 10810000 10810000 10810000 10810000 10810000 10810000 10810000 10810000 10810000 10810000 10810000 10810000 10810000 10810000 10810000 10810000 10810000 10810000 10810000 10810000 10810000 
captureT=
sleepT=
