RUN=0
name=system_usb
MaxBitrate=1.779e-322
nPackets=1885605184
pktSize=1000
reads=20
time=1
samples=20
start_time=3703.07
end_time=3723.08
energy=80329000 80329000 80329000 80329000 80329000 80329000 80329000 80329000 80329000 80329000 80329000 80329000 80329000 80329000 80329000 80329000 80329000 80329000 80329000 80329000 
power=16485000 16485000 17231000 17231000 17231000 17231000 17231000 17231000 17231000 17231000 17231000 17231000 17231000 17231000 17231000 17231000 17231000 17231000 16301000 16301000 
voltage=10810000 10810000 10810000 10810000 10810000 10810000 10810000 10810000 10810000 10810000 10810000 10810000 10810000 10810000 10810000 10810000 10810000 10810000 10810000 10810000 
