RUN=0
name=system
MaxBitrate=1.779e-322
nPackets=-1583694528
pktSize=1000
reads=20
time=1
samples=20
start_time=3633.89
end_time=3653.9
energy=80329000 80329000 80329000 80329000 80329000 80329000 80329000 80329000 80329000 80329000 80329000 80329000 80329000 80329000 80329000 80329000 80329000 80329000 80329000 80329000 
power=13598000 13598000 13598000 13598000 13598000 13598000 13598000 13598000 13144000 13144000 13144000 13144000 13144000 13144000 13144000 13144000 13144000 13144000 13144000 13144000 
voltage=10810000 10810000 10810000 10810000 10810000 10810000 10810000 10810000 10810000 10810000 10810000 10810000 10810000 10810000 10810000 10810000 10810000 10810000 10810000 10810000 
