RUN=0
name=cpuact
freq=1200
reads=200
time=5
samples=2e+02
start_time=2355.43
end_time=3360.9
energy=77280000 77280000 77226000 77226000 77226000 77150000 77150000 77150000 77075000 77075000 77075000 77075000 76978000 76978000 76978000 76902000 76902000 76902000 76826000 76826000 76826000 76826000 76761000 76761000 76761000 76686000 76686000 76686000 76588000 76588000 76588000 76588000 76513000 76513000 76513000 76437000 76437000 76437000 76351000 76351000 76351000 76275000 76275000 76275000 76275000 76199000 76199000 76199000 76124000 76124000 76124000 76037000 76037000 76037000 76037000 75961000 75961000 75961000 75886000 75886000 75886000 75810000 75810000 75810000 75810000 75724000 75724000 75724000 75648000 75648000 75648000 75572000 75572000 75572000 75572000 75486000 75486000 75486000 75410000 75410000 75410000 75334000 75334000 75334000 75334000 75237000 75237000 75237000 75172000 75172000 75172000 75097000 75097000 75097000 75097000 74999000 74999000 74999000 74924000 74924000 74924000 74837000 74837000 74837000 74837000 74761000 74761000 74761000 74686000 74686000 74686000 74599000 74599000 74599000 74524000 74524000 74524000 74524000 74448000 74448000 74448000 74361000 74361000 74361000 74286000 74286000 74286000 74286000 74189000 74189000 74189000 74113000 74113000 74113000 74048000 74048000 74048000 74048000 73951000 73951000 73951000 73875000 73875000 73875000 73799000 73799000 73799000 73713000 73713000 73713000 73713000 73637000 73637000 73637000 73551000 73551000 73551000 73475000 73475000 73475000 73475000 73399000 73399000 73399000 73313000 73313000 73313000 73237000 73237000 73237000 73140000 73140000 73140000 73140000 73064000 73064000 73064000 72989000 72989000 72989000 72902000 72902000 72902000 72902000 72826000 72826000 72826000 72740000 72740000 72740000 72664000 72664000 72664000 72664000 72589000 72589000 72589000 72502000 72502000 72502000 
power=7361000 7361000 11026000 11026000 11026000 14842000 14842000 14842000 16820000 16820000 16820000 16820000 18377000 18377000 18377000 18960000 18960000 18960000 19101000 19101000 19101000 19101000 19198000 19198000 19198000 19220000 19220000 19220000 19371000 19371000 19371000 19371000 19425000 19425000 19425000 19447000 19447000 19447000 19490000 19490000 19490000 19371000 19371000 19371000 19371000 19425000 19425000 19425000 19447000 19447000 19447000 19447000 19447000 19447000 19447000 19328000 19328000 19328000 19328000 19328000 19328000 19328000 19328000 19328000 19328000 19328000 19328000 19328000 19436000 19436000 19436000 19501000 19501000 19501000 19501000 19522000 19522000 19522000 19555000 19555000 19555000 19555000 19555000 19555000 19555000 19555000 19555000 19555000 19555000 19555000 19555000 19555000 19555000 19555000 19555000 19555000 19555000 19555000 19555000 19555000 19555000 19555000 19555000 19555000 19555000 19663000 19663000 19663000 19728000 19728000 19728000 19749000 19749000 19749000 19663000 19663000 19663000 19663000 19609000 19609000 19609000 19685000 19685000 19685000 19728000 19728000 19728000 19728000 19749000 19749000 19749000 19663000 19663000 19663000 19609000 19609000 19609000 19609000 19414000 19414000 19414000 19393000 19393000 19393000 19393000 19393000 19393000 19393000 19393000 19393000 19393000 19501000 19501000 19501000 19555000 19555000 19555000 19479000 19479000 19479000 19479000 19555000 19555000 19555000 19576000 19576000 19576000 19576000 19576000 19576000 19620000 19620000 19620000 19620000 19620000 19620000 19620000 19620000 19620000 19620000 19620000 19620000 19620000 19620000 19620000 19620000 19620000 19620000 19620000 19620000 19620000 19620000 19620000 19620000 19620000 19620000 19620000 19620000 19620000 19620000 
voltage=10810000 10810000 10810000 10810000 10810000 10810000 10810000 10810000 10810000 10810000 10810000 10810000 10810000 10810000 10810000 10810000 10810000 10810000 10810000 10810000 10810000 10810000 10810000 10810000 10810000 10810000 10810000 10810000 10810000 10810000 10810000 10810000 10810000 10810000 10810000 10810000 10810000 10810000 10810000 10810000 10810000 10810000 10810000 10810000 10810000 10810000 10810000 10810000 10810000 10810000 10810000 10810000 10810000 10810000 10810000 10810000 10810000 10810000 10810000 10810000 10810000 10810000 10810000 10810000 10810000 10810000 10810000 10810000 10810000 10810000 10810000 10810000 10810000 10810000 10810000 10810000 10810000 10810000 10810000 10810000 10810000 10810000 10810000 10810000 10810000 10810000 10810000 10810000 10810000 10810000 10810000 10810000 10810000 10810000 10810000 10810000 10810000 10810000 10810000 10810000 10810000 10810000 10810000 10810000 10810000 10810000 10810000 10810000 10810000 10810000 10810000 10810000 10810000 10810000 10810000 10810000 10810000 10810000 10810000 10810000 10810000 10810000 10810000 10810000 10810000 10810000 10810000 10810000 10810000 10810000 10810000 10810000 10810000 10810000 10810000 10810000 10810000 10810000 10810000 10810000 10810000 10810000 10810000 10810000 10810000 10810000 10810000 10810000 10810000 10810000 10810000 10810000 10810000 10810000 10810000 10810000 10810000 10810000 10810000 10810000 10810000 10810000 10810000 10810000 10810000 10810000 10810000 10810000 10810000 10810000 10810000 10810000 10810000 10810000 10810000 10810000 10810000 10810000 10810000 10810000 10810000 10810000 10810000 10810000 10810000 10810000 10810000 10810000 10810000 10810000 10810000 10810000 10810000 10810000 10810000 10810000 10810000 10810000 10810000 10810000 
