RUN=0
name=wifiRX
MaxBitrate=1.779e-322
nPackets=6934
pktSize=50000
reads=20
time=1
samples=20
start_time=3985.57
end_time=4007.21
energy=80329000 80329000 80329000 80329000 80329000 80329000 80329000 80329000 80329000 80329000 80329000 80329000 80329000 80329000 80329000 80329000 80329000 80329000 80329000 80329000 
power=11393000 11393000 11393000 11393000 11393000 11393000 11393000 11945000 11945000 11945000 11945000 11945000 11945000 11945000 11945000 11945000 11945000 11945000 11945000 11945000 
voltage=10810000 10810000 10810000 10810000 10810000 10810000 10810000 10810000 10810000 10810000 10810000 10810000 10810000 10810000 10810000 10810000 10810000 10810000 10810000 10810000 
