RUN=0
name=cpuidle
freq=2000
reads=200
time=5
samples=2e+02
start_time=4719.95
end_time=5720.02
energy=67130000 67108000 67108000 67108000 67108000 67076000 67076000 67076000 67032000 67032000 67032000 67000000 67000000 67000000 67000000 66967000 66967000 66967000 66935000 66935000 66935000 66913000 66913000 66913000 66881000 66881000 66881000 66881000 66849000 66849000 66849000 66816000 66816000 66816000 66784000 66784000 66784000 66784000 66740000 66740000 66740000 66708000 66708000 66708000 66686000 66686000 66686000 66686000 66654000 66654000 66654000 66622000 66622000 66622000 66589000 66589000 66589000 66589000 66567000 66567000 66567000 66535000 66535000 66535000 66503000 66503000 66503000 66503000 66470000 66470000 66470000 66427000 66427000 66427000 66395000 66395000 66395000 66373000 66373000 66373000 66373000 66340000 66340000 66340000 66308000 66308000 66308000 66276000 66276000 66276000 66276000 66243000 66243000 66243000 66222000 66222000 66222000 66189000 66189000 66189000 66189000 66157000 66157000 66157000 66124000 66124000 66124000 66081000 66081000 66081000 66081000 66049000 66049000 66049000 66027000 66027000 66027000 65995000 65995000 65995000 65995000 65962000 65962000 65962000 65930000 65930000 65930000 65908000 65908000 65908000 65908000 65876000 65876000 65876000 65843000 65843000 65843000 65811000 65811000 65811000 65811000 65789000 65789000 65789000 65757000 65757000 65757000 65713000 65713000 65713000 65713000 65681000 65681000 65681000 65649000 65649000 65649000 65616000 65616000 65616000 65616000 65584000 65584000 65584000 65562000 65562000 65562000 65530000 65530000 65530000 65530000 65497000 65497000 65497000 65465000 65465000 65465000 65443000 65443000 65443000 65443000 65411000 65411000 65411000 65368000 65368000 65368000 65335000 65335000 65335000 65335000 65303000 65303000 65303000 65270000 65270000 65270000 65249000 65249000 65249000 
power=10237000 8507000 8507000 8507000 8507000 7794000 7794000 7794000 7750000 7750000 7750000 7631000 7631000 7631000 7631000 7577000 7577000 7577000 7653000 7653000 7653000 7577000 7577000 7577000 7556000 7556000 7556000 7556000 7556000 7556000 7556000 7534000 7534000 7534000 7534000 7534000 7534000 7534000 7534000 7534000 7534000 7534000 7534000 7534000 7534000 7534000 7534000 7534000 7534000 7534000 7534000 7534000 7534000 7534000 7534000 7534000 7534000 7534000 7534000 7534000 7534000 7534000 7534000 7534000 7631000 7631000 7631000 7631000 7577000 7577000 7577000 7556000 7556000 7556000 7556000 7556000 7556000 7534000 7534000 7534000 7534000 7534000 7534000 7534000 7534000 7534000 7534000 7534000 7534000 7534000 7534000 7534000 7534000 7534000 7534000 7534000 7534000 7534000 7534000 7534000 7534000 7534000 7534000 7534000 7534000 7534000 7534000 7534000 7534000 7534000 7534000 7534000 7534000 7534000 7534000 7534000 7534000 7534000 7534000 7534000 7534000 7534000 7534000 7534000 7534000 7534000 7534000 7534000 7534000 7534000 7534000 7534000 7534000 7534000 7415000 7415000 7415000 7469000 7469000 7469000 7469000 7491000 7491000 7491000 7491000 7491000 7491000 7534000 7534000 7534000 7534000 7534000 7534000 7534000 7534000 7534000 7534000 7534000 7534000 7534000 7534000 7534000 7534000 7534000 7534000 7534000 7534000 7534000 7534000 7534000 7534000 7534000 7534000 7534000 7534000 7534000 7534000 7534000 7534000 7534000 7534000 7534000 7534000 7534000 7534000 7534000 7534000 7534000 7534000 7534000 7534000 7534000 7534000 7534000 7534000 7534000 7534000 7415000 7415000 7415000 
voltage=10810000 10810000 10810000 10810000 10810000 10810000 10810000 10810000 10810000 10810000 10810000 10810000 10810000 10810000 10810000 10810000 10810000 10810000 10810000 10810000 10810000 10810000 10810000 10810000 10810000 10810000 10810000 10810000 10810000 10810000 10810000 10810000 10810000 10810000 10810000 10810000 10810000 10810000 10810000 10810000 10810000 10810000 10810000 10810000 10810000 10810000 10810000 10810000 10810000 10810000 10810000 10810000 10810000 10810000 10810000 10810000 10810000 10810000 10810000 10810000 10810000 10810000 10810000 10810000 10810000 10810000 10810000 10810000 10810000 10810000 10810000 10810000 10810000 10810000 10810000 10810000 10810000 10810000 10810000 10810000 10810000 10810000 10810000 10810000 10810000 10810000 10810000 10810000 10810000 10810000 10810000 10810000 10810000 10810000 10810000 10810000 10810000 10810000 10810000 10810000 10810000 10810000 10810000 10810000 10810000 10810000 10810000 10810000 10810000 10810000 10810000 10810000 10810000 10810000 10810000 10810000 10810000 10810000 10810000 10810000 10810000 10810000 10810000 10810000 10810000 10810000 10810000 10810000 10810000 10810000 10810000 10810000 10810000 10810000 10810000 10810000 10810000 10810000 10810000 10810000 10810000 10810000 10810000 10810000 10810000 10810000 10810000 10810000 10810000 10810000 10810000 10810000 10810000 10810000 10810000 10810000 10810000 10810000 10810000 10810000 10810000 10810000 10810000 10810000 10810000 10810000 10810000 10810000 10810000 10810000 10810000 10810000 10810000 10810000 10810000 10810000 10810000 10810000 10810000 10810000 10810000 10810000 10810000 10810000 10810000 10810000 10810000 10810000 10810000 10810000 10810000 10810000 10810000 10810000 10810000 10810000 10810000 10810000 10810000 10810000 
