RUN=0
name=cpuact
freq=2400
reads=200
time=5
samples=2e+02
start_time=15959.4
end_time=16966
energy=22506000 22506000 22430000 22430000 22430000 22311000 22311000 22311000 22203000 22203000 22203000 22203000 22084000 22084000 22084000 21987000 21987000 21987000 21868000 21868000 21868000 21868000 21760000 21760000 21760000 21641000 21641000 21641000 21522000 21522000 21522000 21522000 21414000 21414000 21414000 21295000 21295000 21295000 21176000 21176000 21176000 21176000 21057000 21057000 21057000 20949000 20949000 20949000 20841000 20841000 20841000 20722000 20722000 20722000 20722000 20614000 20614000 20614000 20495000 20495000 20495000 20398000 20398000 20398000 20398000 20290000 20290000 20290000 20171000 20171000 20171000 20063000 20063000 20063000 20063000 19944000 19944000 19944000 19836000 19836000 19836000 19739000 19739000 19739000 19739000 19630000 19630000 19630000 19522000 19522000 19522000 19425000 19425000 19425000 19317000 19317000 19317000 19317000 19209000 19209000 19209000 19101000 19101000 19101000 19003000 19003000 19003000 19003000 18895000 18895000 18895000 18787000 18787000 18787000 18690000 18690000 18690000 18690000 18582000 18582000 18582000 18474000 18474000 18474000 18366000 18366000 18366000 18268000 18268000 18268000 18268000 18160000 18160000 18160000 18052000 18052000 18052000 17933000 17933000 17933000 17933000 17836000 17836000 17836000 17728000 17728000 17728000 17609000 17609000 17609000 17609000 17501000 17501000 17501000 17393000 17393000 17393000 17274000 17274000 17274000 17177000 17177000 17177000 17177000 17068000 17068000 17068000 16950000 16950000 16950000 16841000 16841000 16841000 16841000 16733000 16733000 16733000 16614000 16614000 16614000 16517000 16517000 16517000 16517000 16409000 16409000 16409000 16290000 16290000 16290000 16182000 16182000 16182000 16182000 16074000 16074000 16074000 15955000 15955000 15955000 
power=8356000 8356000 13123000 13123000 13123000 18085000 18085000 18085000 20776000 20776000 20776000 20776000 22809000 22809000 22809000 23425000 23425000 23425000 23652000 23652000 23652000 23652000 23846000 23846000 23846000 24041000 24041000 24041000 24138000 24138000 24138000 24138000 24192000 24192000 24192000 24127000 24127000 24127000 24171000 24171000 24171000 24171000 24192000 24192000 24192000 23900000 23900000 23900000 23576000 23576000 23576000 23403000 23403000 23403000 23403000 23046000 23046000 23046000 23003000 23003000 23003000 23003000 23003000 23003000 23003000 23003000 23003000 23003000 23100000 23100000 23100000 23155000 23155000 23155000 23155000 23273000 23273000 23273000 23057000 23057000 23057000 22344000 22344000 22344000 22344000 21901000 21901000 21901000 21630000 21630000 21630000 21468000 21468000 21468000 21447000 21447000 21447000 21447000 21447000 21447000 21447000 21544000 21544000 21544000 21598000 21598000 21598000 21598000 21511000 21511000 21511000 21598000 21598000 21598000 21620000 21620000 21620000 21620000 21620000 21620000 21620000 21641000 21641000 21641000 21425000 21425000 21425000 21901000 21901000 21901000 21901000 22138000 22138000 22138000 22257000 22257000 22257000 22387000 22387000 22387000 22387000 22387000 22387000 22387000 22387000 22387000 22387000 22387000 22387000 22387000 22387000 22387000 22387000 22387000 22484000 22484000 22484000 22538000 22538000 22538000 22560000 22560000 22560000 22560000 22582000 22582000 22582000 22582000 22582000 22582000 22582000 22582000 22582000 22582000 22582000 22582000 22582000 22355000 22355000 22355000 22355000 22355000 22355000 22355000 22355000 22355000 22355000 22355000 22355000 22355000 22441000 22441000 22441000 22441000 22495000 22495000 22495000 22517000 22517000 22517000 
voltage=10810000 10810000 10810000 10810000 10810000 10810000 10810000 10810000 10810000 10810000 10810000 10810000 10810000 10810000 10810000 10810000 10810000 10810000 10810000 10810000 10810000 10810000 10810000 10810000 10810000 10810000 10810000 10810000 10810000 10810000 10810000 10810000 10810000 10810000 10810000 10810000 10810000 10810000 10810000 10810000 10810000 10810000 10810000 10810000 10810000 10810000 10810000 10810000 10810000 10810000 10810000 10810000 10810000 10810000 10810000 10810000 10810000 10810000 10810000 10810000 10810000 10810000 10810000 10810000 10810000 10810000 10810000 10810000 10810000 10810000 10810000 10810000 10810000 10810000 10810000 10810000 10810000 10810000 10810000 10810000 10810000 10810000 10810000 10810000 10810000 10810000 10810000 10810000 10810000 10810000 10810000 10810000 10810000 10810000 10810000 10810000 10810000 10810000 10810000 10810000 10810000 10810000 10810000 10810000 10810000 10810000 10810000 10810000 10810000 10810000 10810000 10810000 10810000 10810000 10810000 10810000 10810000 10810000 10810000 10810000 10810000 10810000 10810000 10810000 10810000 10810000 10810000 10810000 10810000 10810000 10810000 10810000 10810000 10810000 10810000 10810000 10810000 10810000 10810000 10810000 10810000 10810000 10810000 10810000 10810000 10810000 10810000 10810000 10810000 10810000 10810000 10810000 10810000 10810000 10810000 10810000 10810000 10810000 10810000 10810000 10810000 10810000 10810000 10810000 10810000 10810000 10810000 10810000 10810000 10810000 10810000 10810000 10810000 10810000 10810000 10810000 10810000 10810000 10810000 10810000 10810000 10810000 10810000 10810000 10810000 10810000 10810000 10810000 10810000 10810000 10810000 10810000 10810000 10810000 10810000 10810000 10810000 10810000 10810000 10810000 
