RUN=0
name=cpuidle
freq=1600
reads=200
time=5
samples=2e+02
start_time=3411.3
end_time=4411.4
energy=72329000 72329000 72329000 72329000 72308000 72308000 72308000 72275000 72275000 72275000 72243000 72243000 72243000 72243000 72210000 72210000 72210000 72189000 72189000 72189000 72135000 72135000 72135000 72135000 72113000 72113000 72113000 72081000 72081000 72081000 72048000 72048000 72048000 72048000 72016000 72016000 72016000 71994000 71994000 71994000 71962000 71962000 71962000 71962000 71929000 71929000 71929000 71897000 71897000 71897000 71864000 71864000 71864000 71864000 71843000 71843000 71843000 71810000 71810000 71810000 71778000 71778000 71778000 71778000 71745000 71745000 71745000 71702000 71702000 71702000 71670000 71670000 71670000 71670000 71648000 71648000 71648000 71616000 71616000 71616000 71583000 71583000 71583000 71583000 71551000 71551000 71551000 71529000 71529000 71529000 71497000 71497000 71497000 71464000 71464000 71464000 71464000 71432000 71432000 71432000 71410000 71410000 71410000 71378000 71378000 71378000 71378000 71346000 71346000 71346000 71313000 71313000 71313000 71281000 71281000 71281000 71281000 71259000 71259000 71259000 71227000 71227000 71227000 71194000 71194000 71194000 71194000 71162000 71162000 71162000 71140000 71140000 71140000 71108000 71108000 71108000 71108000 71064000 71064000 71064000 71032000 71032000 71032000 71000000 71000000 71000000 70967000 70967000 70967000 70967000 70946000 70946000 70946000 70913000 70913000 70913000 70881000 70881000 70881000 70881000 70848000 70848000 70848000 70816000 70816000 70816000 70794000 70794000 70794000 70794000 70762000 70762000 70762000 70729000 70729000 70729000 70697000 70697000 70697000 70697000 70675000 70675000 70675000 70643000 70643000 70643000 70610000 70610000 70610000 70610000 70578000 70578000 70578000 70546000 70546000 70546000 70524000 70524000 70524000 70492000 
power=8853000 8853000 8853000 8853000 7621000 7621000 7621000 7588000 7588000 7588000 7588000 7588000 7588000 7588000 7653000 7653000 7653000 7653000 7653000 7653000 7653000 7653000 7653000 7653000 7653000 7653000 7653000 7653000 7653000 7653000 7653000 7653000 7653000 7653000 7653000 7653000 7653000 7534000 7534000 7534000 7599000 7599000 7599000 7599000 7621000 7621000 7621000 7502000 7502000 7502000 7599000 7599000 7599000 7599000 7502000 7502000 7502000 7567000 7567000 7567000 7502000 7502000 7502000 7502000 7448000 7448000 7448000 7567000 7567000 7567000 7480000 7480000 7480000 7480000 7448000 7448000 7448000 7448000 7448000 7448000 7415000 7415000 7415000 7415000 7415000 7415000 7415000 7415000 7415000 7415000 7534000 7534000 7534000 7599000 7599000 7599000 7599000 7502000 7502000 7502000 7480000 7480000 7480000 7448000 7448000 7448000 7448000 7534000 7534000 7534000 7480000 7480000 7480000 7448000 7448000 7448000 7448000 7448000 7448000 7448000 7415000 7415000 7415000 7415000 7415000 7415000 7415000 7415000 7415000 7415000 7415000 7415000 7415000 7534000 7534000 7534000 7534000 7480000 7480000 7480000 7448000 7448000 7448000 7448000 7448000 7448000 7415000 7415000 7415000 7415000 7415000 7415000 7415000 7415000 7415000 7415000 7415000 7415000 7415000 7415000 7534000 7534000 7534000 7480000 7480000 7480000 7448000 7448000 7448000 7448000 7448000 7448000 7448000 7415000 7415000 7415000 7415000 7415000 7415000 7415000 7415000 7415000 7415000 7415000 7415000 7415000 7415000 7415000 7415000 7415000 7415000 7415000 7415000 7415000 7415000 7415000 7534000 7534000 7534000 7480000 
voltage=10810000 10810000 10810000 10810000 10810000 10810000 10810000 10810000 10810000 10810000 10810000 10810000 10810000 10810000 10810000 10810000 10810000 10810000 10810000 10810000 10810000 10810000 10810000 10810000 10810000 10810000 10810000 10810000 10810000 10810000 10810000 10810000 10810000 10810000 10810000 10810000 10810000 10810000 10810000 10810000 10810000 10810000 10810000 10810000 10810000 10810000 10810000 10810000 10810000 10810000 10810000 10810000 10810000 10810000 10810000 10810000 10810000 10810000 10810000 10810000 10810000 10810000 10810000 10810000 10810000 10810000 10810000 10810000 10810000 10810000 10810000 10810000 10810000 10810000 10810000 10810000 10810000 10810000 10810000 10810000 10810000 10810000 10810000 10810000 10810000 10810000 10810000 10810000 10810000 10810000 10810000 10810000 10810000 10810000 10810000 10810000 10810000 10810000 10810000 10810000 10810000 10810000 10810000 10810000 10810000 10810000 10810000 10810000 10810000 10810000 10810000 10810000 10810000 10810000 10810000 10810000 10810000 10810000 10810000 10810000 10810000 10810000 10810000 10810000 10810000 10810000 10810000 10810000 10810000 10810000 10810000 10810000 10810000 10810000 10810000 10810000 10810000 10810000 10810000 10810000 10810000 10810000 10810000 10810000 10810000 10810000 10810000 10810000 10810000 10810000 10810000 10810000 10810000 10810000 10810000 10810000 10810000 10810000 10810000 10810000 10810000 10810000 10810000 10810000 10810000 10810000 10810000 10810000 10810000 10810000 10810000 10810000 10810000 10810000 10810000 10810000 10810000 10810000 10810000 10810000 10810000 10810000 10810000 10810000 10810000 10810000 10810000 10810000 10810000 10810000 10810000 10810000 10810000 10810000 10810000 10810000 10810000 10810000 10810000 10810000 
