RUN=0
name=cpuidle
freq=1600
reads=200
time=5
samples=2e+02
start_time=11047.4
end_time=12047.5
energy=43834000 43834000 43834000 43834000 43812000 43812000 43812000 43780000 43780000 43780000 43748000 43748000 43748000 43748000 43704000 43704000 43704000 43672000 43672000 43672000 43639000 43639000 43639000 43639000 43596000 43596000 43596000 43564000 43564000 43564000 43542000 43542000 43542000 43542000 43510000 43510000 43510000 43467000 43467000 43467000 43434000 43434000 43434000 43434000 43402000 43402000 43402000 43369000 43369000 43369000 43326000 43326000 43326000 43326000 43304000 43304000 43304000 43272000 43272000 43272000 43240000 43240000 43240000 43240000 43196000 43196000 43196000 43164000 43164000 43164000 43131000 43131000 43131000 43131000 43099000 43099000 43099000 43056000 43056000 43056000 43034000 43034000 43034000 43002000 43002000 43002000 43002000 42969000 42969000 42969000 42926000 42926000 42926000 42894000 42894000 42894000 42894000 42861000 42861000 42861000 42840000 42840000 42840000 42785000 42785000 42785000 42785000 42764000 42764000 42764000 42731000 42731000 42731000 42699000 42699000 42699000 42699000 42656000 42656000 42656000 42623000 42623000 42623000 42591000 42591000 42591000 42591000 42569000 42569000 42569000 42515000 42515000 42515000 42494000 42494000 42494000 42461000 42461000 42461000 42461000 42429000 42429000 42429000 42386000 42386000 42386000 42353000 42353000 42353000 42353000 42321000 42321000 42321000 42299000 42299000 42299000 42245000 42245000 42245000 42245000 42223000 42223000 42223000 42191000 42191000 42191000 42159000 42159000 42159000 42159000 42115000 42115000 42115000 42083000 42083000 42083000 42050000 42050000 42050000 42050000 42029000 42029000 42029000 41996000 41996000 41996000 41953000 41953000 41953000 41953000 41921000 41921000 41921000 41888000 41888000 41888000 41856000 41856000 41856000 41856000 
power=8864000 8864000 8864000 8864000 7739000 7739000 7739000 7772000 7772000 7772000 7696000 7696000 7696000 7696000 7664000 7664000 7664000 7664000 7664000 7664000 7642000 7642000 7642000 7642000 7642000 7642000 7642000 7642000 7642000 7642000 7642000 7642000 7642000 7642000 7642000 7642000 7642000 7642000 7642000 7642000 7642000 7642000 7642000 7642000 7642000 7642000 7642000 7642000 7642000 7642000 7642000 7642000 7642000 7642000 7642000 7642000 7642000 7534000 7534000 7534000 7480000 7480000 7480000 7480000 7458000 7458000 7458000 7437000 7437000 7437000 7437000 7437000 7437000 7437000 7534000 7534000 7534000 7480000 7480000 7480000 7458000 7458000 7458000 7458000 7458000 7458000 7458000 7534000 7534000 7534000 7480000 7480000 7480000 7458000 7458000 7458000 7458000 7458000 7458000 7458000 7437000 7437000 7437000 7437000 7437000 7437000 7437000 7437000 7437000 7437000 7437000 7437000 7437000 7437000 7437000 7437000 7437000 7437000 7437000 7437000 7534000 7534000 7534000 7480000 7480000 7480000 7480000 7458000 7458000 7458000 7556000 7556000 7556000 7588000 7588000 7588000 7610000 7610000 7610000 7610000 7534000 7534000 7534000 7480000 7480000 7480000 7458000 7458000 7458000 7458000 7437000 7437000 7437000 7437000 7437000 7437000 7437000 7437000 7437000 7437000 7534000 7534000 7534000 7480000 7480000 7480000 7458000 7458000 7458000 7458000 7556000 7556000 7556000 7480000 7480000 7480000 7458000 7458000 7458000 7458000 7458000 7458000 7458000 7437000 7437000 7437000 7437000 7437000 7437000 7437000 7437000 7437000 7437000 7437000 7437000 7437000 7437000 7437000 7437000 7437000 
voltage=10810000 10810000 10810000 10810000 10810000 10810000 10810000 10810000 10810000 10810000 10810000 10810000 10810000 10810000 10810000 10810000 10810000 10810000 10810000 10810000 10810000 10810000 10810000 10810000 10810000 10810000 10810000 10810000 10810000 10810000 10810000 10810000 10810000 10810000 10810000 10810000 10810000 10810000 10810000 10810000 10810000 10810000 10810000 10810000 10810000 10810000 10810000 10810000 10810000 10810000 10810000 10810000 10810000 10810000 10810000 10810000 10810000 10810000 10810000 10810000 10810000 10810000 10810000 10810000 10810000 10810000 10810000 10810000 10810000 10810000 10810000 10810000 10810000 10810000 10810000 10810000 10810000 10810000 10810000 10810000 10810000 10810000 10810000 10810000 10810000 10810000 10810000 10810000 10810000 10810000 10810000 10810000 10810000 10810000 10810000 10810000 10810000 10810000 10810000 10810000 10810000 10810000 10810000 10810000 10810000 10810000 10810000 10810000 10810000 10810000 10810000 10810000 10810000 10810000 10810000 10810000 10810000 10810000 10810000 10810000 10810000 10810000 10810000 10810000 10810000 10810000 10810000 10810000 10810000 10810000 10810000 10810000 10810000 10810000 10810000 10810000 10810000 10810000 10810000 10810000 10810000 10810000 10810000 10810000 10810000 10810000 10810000 10810000 10810000 10810000 10810000 10810000 10810000 10810000 10810000 10810000 10810000 10810000 10810000 10810000 10810000 10810000 10810000 10810000 10810000 10810000 10810000 10810000 10810000 10810000 10810000 10810000 10810000 10810000 10810000 10810000 10810000 10810000 10810000 10810000 10810000 10810000 10810000 10810000 10810000 10810000 10810000 10810000 10810000 10810000 10810000 10810000 10810000 10810000 10810000 10810000 10810000 10810000 10810000 10810000 
