RUN=0
name=cpuidle
freq=2400
reads=200
time=5
samples=2e+02
start_time=6828.13
end_time=7828.2
energy=59368000 59368000 59336000 59336000 59336000 59336000 59303000 59303000 59303000 59260000 59260000 59260000 59238000 59238000 59238000 59238000 59206000 59206000 59206000 59173000 59173000 59173000 59141000 59141000 59141000 59141000 59109000 59109000 59109000 59065000 59065000 59065000 59044000 59044000 59044000 59044000 59011000 59011000 59011000 58979000 58979000 58979000 58946000 58946000 58946000 58946000 58914000 58914000 58914000 58871000 58871000 58871000 58838000 58838000 58838000 58838000 58817000 58817000 58817000 58784000 58784000 58784000 58752000 58752000 58752000 58752000 58719000 58719000 58719000 58698000 58698000 58698000 58644000 58644000 58644000 58644000 58622000 58622000 58622000 58590000 58590000 58590000 58557000 58557000 58557000 58557000 58525000 58525000 58525000 58503000 58503000 58503000 58471000 58471000 58471000 58471000 58428000 58428000 58428000 58395000 58395000 58395000 58363000 58363000 58363000 58363000 58330000 58330000 58330000 58309000 58309000 58309000 58276000 58276000 58276000 58276000 58244000 58244000 58244000 58201000 58201000 58201000 58168000 58168000 58168000 58168000 58136000 58136000 58136000 58114000 58114000 58114000 58082000 58082000 58082000 58082000 58049000 58049000 58049000 58017000 58017000 58017000 57974000 57974000 57974000 57974000 57941000 57941000 57941000 57919000 57919000 57919000 57887000 57887000 57887000 57887000 57855000 57855000 57855000 57822000 57822000 57822000 57790000 57790000 57790000 57790000 57747000 57747000 57747000 57714000 57714000 57714000 57692000 57692000 57692000 57692000 57660000 57660000 57660000 57628000 57628000 57628000 57595000 57595000 57595000 57595000 57574000 57574000 57574000 57520000 57520000 57520000 57498000 57498000 57498000 57498000 57465000 57465000 57465000 57433000 
power=10031000 10031000 8172000 8172000 8172000 8172000 7804000 7804000 7804000 7664000 7664000 7664000 7729000 7729000 7729000 7729000 7631000 7631000 7631000 7577000 7577000 7577000 7685000 7685000 7685000 7685000 7610000 7610000 7610000 7577000 7577000 7577000 7577000 7577000 7577000 7577000 7556000 7556000 7556000 7556000 7556000 7556000 7556000 7556000 7556000 7556000 7556000 7556000 7556000 7556000 7556000 7556000 7437000 7437000 7437000 7437000 7491000 7491000 7491000 7523000 7523000 7523000 7523000 7523000 7523000 7523000 7556000 7556000 7556000 7556000 7556000 7556000 7556000 7556000 7556000 7556000 7556000 7556000 7556000 7556000 7556000 7556000 7556000 7556000 7556000 7556000 7556000 7556000 7556000 7437000 7437000 7437000 7491000 7491000 7491000 7491000 7415000 7415000 7415000 7361000 7361000 7361000 7458000 7458000 7458000 7458000 7491000 7491000 7491000 7415000 7415000 7415000 7491000 7491000 7491000 7491000 7523000 7523000 7523000 7523000 7523000 7523000 7556000 7556000 7556000 7556000 7556000 7556000 7556000 7556000 7556000 7556000 7556000 7556000 7556000 7556000 7437000 7437000 7437000 7491000 7491000 7491000 7415000 7415000 7415000 7415000 7458000 7458000 7458000 7523000 7523000 7523000 7523000 7523000 7523000 7523000 7437000 7437000 7437000 7491000 7491000 7491000 7523000 7523000 7523000 7523000 7523000 7523000 7523000 7556000 7556000 7556000 7556000 7556000 7556000 7556000 7556000 7556000 7556000 7556000 7556000 7556000 7556000 7556000 7556000 7556000 7556000 7556000 7556000 7556000 7556000 7556000 7556000 7556000 7556000 7556000 7437000 7437000 7437000 7491000 
voltage=10810000 10810000 10810000 10810000 10810000 10810000 10810000 10810000 10810000 10810000 10810000 10810000 10810000 10810000 10810000 10810000 10810000 10810000 10810000 10810000 10810000 10810000 10810000 10810000 10810000 10810000 10810000 10810000 10810000 10810000 10810000 10810000 10810000 10810000 10810000 10810000 10810000 10810000 10810000 10810000 10810000 10810000 10810000 10810000 10810000 10810000 10810000 10810000 10810000 10810000 10810000 10810000 10810000 10810000 10810000 10810000 10810000 10810000 10810000 10810000 10810000 10810000 10810000 10810000 10810000 10810000 10810000 10810000 10810000 10810000 10810000 10810000 10810000 10810000 10810000 10810000 10810000 10810000 10810000 10810000 10810000 10810000 10810000 10810000 10810000 10810000 10810000 10810000 10810000 10810000 10810000 10810000 10810000 10810000 10810000 10810000 10810000 10810000 10810000 10810000 10810000 10810000 10810000 10810000 10810000 10810000 10810000 10810000 10810000 10810000 10810000 10810000 10810000 10810000 10810000 10810000 10810000 10810000 10810000 10810000 10810000 10810000 10810000 10810000 10810000 10810000 10810000 10810000 10810000 10810000 10810000 10810000 10810000 10810000 10810000 10810000 10810000 10810000 10810000 10810000 10810000 10810000 10810000 10810000 10810000 10810000 10810000 10810000 10810000 10810000 10810000 10810000 10810000 10810000 10810000 10810000 10810000 10810000 10810000 10810000 10810000 10810000 10810000 10810000 10810000 10810000 10810000 10810000 10810000 10810000 10810000 10810000 10810000 10810000 10810000 10810000 10810000 10810000 10810000 10810000 10810000 10810000 10810000 10810000 10810000 10810000 10810000 10810000 10810000 10810000 10810000 10810000 10810000 10810000 10810000 10810000 10810000 10810000 10810000 10810000 
