RUN=0
name=cpuact
freq=1200
reads=200
time=5
samples=2e+02
start_time=9633.18
end_time=10638.4
energy=47769000 47769000 47693000 47693000 47693000 47693000 47596000 47596000 47596000 47509000 47509000 47509000 47423000 47423000 47423000 47423000 47336000 47336000 47336000 47239000 47239000 47239000 47131000 47131000 47131000 47131000 47045000 47045000 47045000 46958000 46958000 46958000 46872000 46872000 46872000 46872000 46774000 46774000 46774000 46699000 46699000 46699000 46612000 46612000 46612000 46612000 46526000 46526000 46526000 46428000 46428000 46428000 46342000 46342000 46342000 46255000 46255000 46255000 46255000 46147000 46147000 46147000 46061000 46061000 46061000 45964000 45964000 45964000 45964000 45877000 45877000 45877000 45791000 45791000 45791000 45683000 45683000 45683000 45683000 45596000 45596000 45596000 45499000 45499000 45499000 45412000 45412000 45412000 45412000 45304000 45304000 45304000 45218000 45218000 45218000 45131000 45131000 45131000 45131000 45034000 45034000 45034000 44937000 44937000 44937000 44839000 44839000 44839000 44839000 44753000 44753000 44753000 44666000 44666000 44666000 44558000 44558000 44558000 44558000 44472000 44472000 44472000 44375000 44375000 44375000 44277000 44277000 44277000 44180000 44180000 44180000 44180000 44093000 44093000 44093000 44007000 44007000 44007000 43899000 43899000 43899000 43899000 43812000 43812000 43812000 43715000 43715000 43715000 43629000 43629000 43629000 43629000 43521000 43521000 43521000 43434000 43434000 43434000 43348000 43348000 43348000 43348000 43272000 43272000 43272000 43175000 43175000 43175000 43088000 43088000 43088000 42980000 42980000 42980000 42980000 42894000 42894000 42894000 42807000 42807000 42807000 42699000 42699000 42699000 42699000 42613000 42613000 42613000 42515000 42515000 42515000 42429000 42429000 42429000 42321000 42321000 42321000 42321000 42234000 42234000 
power=8442000 8442000 13361000 13361000 13361000 13361000 16625000 16625000 16625000 18409000 18409000 18409000 19922000 19922000 19922000 19922000 20084000 20084000 20084000 20160000 20160000 20160000 20290000 20290000 20290000 20290000 20376000 20376000 20376000 20506000 20506000 20506000 20366000 20366000 20366000 20366000 19868000 19868000 19868000 19630000 19630000 19630000 19468000 19468000 19468000 19468000 19371000 19371000 19371000 19998000 19998000 19998000 20311000 20311000 20311000 20474000 20474000 20474000 20474000 20636000 20636000 20636000 20636000 20636000 20636000 20441000 20441000 20441000 20441000 20549000 20549000 20549000 20603000 20603000 20603000 20625000 20625000 20625000 20625000 20657000 20657000 20657000 20657000 20657000 20657000 20657000 20657000 20657000 20657000 20657000 20657000 20657000 20657000 20657000 20657000 20657000 20657000 20657000 20657000 20755000 20755000 20755000 20809000 20809000 20809000 20830000 20830000 20830000 20830000 20863000 20863000 20863000 20863000 20863000 20863000 20863000 20863000 20863000 20863000 20863000 20863000 20863000 20863000 20863000 20863000 20863000 20863000 20863000 20863000 20863000 20863000 20863000 20863000 20863000 20863000 20863000 20863000 20863000 20863000 20863000 20863000 20863000 20863000 20863000 20863000 20863000 20863000 20863000 20668000 20668000 20668000 20668000 20560000 20560000 20560000 20279000 20279000 20279000 19857000 19857000 19857000 19857000 19728000 19728000 19728000 19641000 19641000 19641000 19641000 19641000 19641000 20149000 20149000 20149000 20149000 20398000 20398000 20398000 20528000 20528000 20528000 20668000 20668000 20668000 20668000 20668000 20668000 20668000 20668000 20668000 20668000 20668000 20668000 20668000 20668000 20668000 20668000 20668000 20668000 20668000 
voltage=10810000 10810000 10810000 10810000 10810000 10810000 10810000 10810000 10810000 10810000 10810000 10810000 10810000 10810000 10810000 10810000 10810000 10810000 10810000 10810000 10810000 10810000 10810000 10810000 10810000 10810000 10810000 10810000 10810000 10810000 10810000 10810000 10810000 10810000 10810000 10810000 10810000 10810000 10810000 10810000 10810000 10810000 10810000 10810000 10810000 10810000 10810000 10810000 10810000 10810000 10810000 10810000 10810000 10810000 10810000 10810000 10810000 10810000 10810000 10810000 10810000 10810000 10810000 10810000 10810000 10810000 10810000 10810000 10810000 10810000 10810000 10810000 10810000 10810000 10810000 10810000 10810000 10810000 10810000 10810000 10810000 10810000 10810000 10810000 10810000 10810000 10810000 10810000 10810000 10810000 10810000 10810000 10810000 10810000 10810000 10810000 10810000 10810000 10810000 10810000 10810000 10810000 10810000 10810000 10810000 10810000 10810000 10810000 10810000 10810000 10810000 10810000 10810000 10810000 10810000 10810000 10810000 10810000 10810000 10810000 10810000 10810000 10810000 10810000 10810000 10810000 10810000 10810000 10810000 10810000 10810000 10810000 10810000 10810000 10810000 10810000 10810000 10810000 10810000 10810000 10810000 10810000 10810000 10810000 10810000 10810000 10810000 10810000 10810000 10810000 10810000 10810000 10810000 10810000 10810000 10810000 10810000 10810000 10810000 10810000 10810000 10810000 10810000 10810000 10810000 10810000 10810000 10810000 10810000 10810000 10810000 10810000 10810000 10810000 10810000 10810000 10810000 10810000 10810000 10810000 10810000 10810000 10810000 10810000 10810000 10810000 10810000 10810000 10810000 10810000 10810000 10810000 10810000 10810000 10810000 10810000 10810000 10810000 10810000 10810000 
