RUN=0
name=cpuact
freq=2400
reads=200
time=5
samples=2e+02
start_time=7523.29
end_time=8530.56
energy=56309000 56309000 56222000 56222000 56222000 56222000 56125000 56125000 56125000 56028000 56028000 56028000 55920000 55920000 55920000 55812000 55812000 55812000 55812000 55714000 55714000 55714000 55606000 55606000 55606000 55498000 55498000 55498000 55498000 55401000 55401000 55401000 55293000 55293000 55293000 55185000 55185000 55185000 55185000 55098000 55098000 55098000 54990000 54990000 54990000 54882000 54882000 54882000 54882000 54785000 54785000 54785000 54687000 54687000 54687000 54590000 54590000 54590000 54590000 54482000 54482000 54482000 54374000 54374000 54374000 54287000 54287000 54287000 54287000 54179000 54179000 54179000 54082000 54082000 54082000 53974000 53974000 53974000 53974000 53866000 53866000 53866000 53758000 53758000 53758000 53660000 53660000 53660000 53552000 53552000 53552000 53552000 53466000 53466000 53466000 53358000 53358000 53358000 53250000 53250000 53250000 53250000 53152000 53152000 53152000 53044000 53044000 53044000 52936000 52936000 52936000 52850000 52850000 52850000 52850000 52741000 52741000 52741000 52633000 52633000 52633000 52547000 52547000 52547000 52439000 52439000 52439000 52439000 52342000 52342000 52342000 52244000 52244000 52244000 52147000 52147000 52147000 52147000 52050000 52050000 52050000 51952000 51952000 51952000 51855000 51855000 51855000 51769000 51769000 51769000 51769000 51660000 51660000 51660000 51574000 51574000 51574000 51488000 51488000 51488000 51488000 51379000 51379000 51379000 51293000 51293000 51293000 51196000 51196000 51196000 51098000 51098000 51098000 51098000 51001000 51001000 51001000 50915000 50915000 50915000 50807000 50807000 50807000 50807000 50720000 50720000 50720000 50634000 50634000 50634000 50525000 50525000 50525000 50439000 50439000 50439000 50439000 50331000 50331000 50331000 
power=8442000 8442000 14377000 14377000 14377000 14377000 18831000 18831000 18831000 21133000 21133000 21133000 23100000 23100000 23100000 23641000 23641000 23641000 23641000 23857000 23857000 23857000 24052000 24052000 24052000 24257000 24257000 24257000 24257000 24365000 24365000 24365000 23998000 23998000 23998000 23598000 23598000 23598000 23598000 23371000 23371000 23371000 23209000 23209000 23209000 22949000 22949000 22949000 22949000 23046000 23046000 23046000 23100000 23100000 23100000 23122000 23122000 23122000 23122000 23165000 23165000 23165000 23165000 23165000 23165000 23165000 23165000 23165000 23165000 23273000 23273000 23273000 23327000 23327000 23327000 23349000 23349000 23349000 23349000 23479000 23479000 23479000 23533000 23533000 23533000 23554000 23554000 23554000 23587000 23587000 23587000 23587000 23587000 23587000 23587000 23587000 23587000 23587000 23695000 23695000 23695000 23695000 23425000 23425000 23425000 22971000 22971000 22971000 22895000 22895000 22895000 22636000 22636000 22636000 22636000 22582000 22582000 22582000 22549000 22549000 22549000 22528000 22528000 22528000 22528000 22528000 22528000 22528000 22636000 22636000 22636000 22582000 22582000 22582000 22344000 22344000 22344000 22344000 21911000 21911000 21911000 21674000 21674000 21674000 21544000 21544000 21544000 21468000 21468000 21468000 21468000 21468000 21468000 21468000 21468000 21468000 21468000 21468000 21468000 21468000 21468000 21468000 21468000 21468000 21468000 21468000 21468000 21468000 21468000 21468000 21468000 21468000 21468000 21468000 21468000 21468000 21468000 21468000 21468000 21468000 21468000 21468000 21468000 21468000 21468000 21468000 21468000 21468000 21468000 21468000 21468000 21468000 21468000 21468000 21468000 21468000 21468000 21468000 21468000 21468000 
voltage=10810000 10810000 10810000 10810000 10810000 10810000 10810000 10810000 10810000 10810000 10810000 10810000 10810000 10810000 10810000 10810000 10810000 10810000 10810000 10810000 10810000 10810000 10810000 10810000 10810000 10810000 10810000 10810000 10810000 10810000 10810000 10810000 10810000 10810000 10810000 10810000 10810000 10810000 10810000 10810000 10810000 10810000 10810000 10810000 10810000 10810000 10810000 10810000 10810000 10810000 10810000 10810000 10810000 10810000 10810000 10810000 10810000 10810000 10810000 10810000 10810000 10810000 10810000 10810000 10810000 10810000 10810000 10810000 10810000 10810000 10810000 10810000 10810000 10810000 10810000 10810000 10810000 10810000 10810000 10810000 10810000 10810000 10810000 10810000 10810000 10810000 10810000 10810000 10810000 10810000 10810000 10810000 10810000 10810000 10810000 10810000 10810000 10810000 10810000 10810000 10810000 10810000 10810000 10810000 10810000 10810000 10810000 10810000 10810000 10810000 10810000 10810000 10810000 10810000 10810000 10810000 10810000 10810000 10810000 10810000 10810000 10810000 10810000 10810000 10810000 10810000 10810000 10810000 10810000 10810000 10810000 10810000 10810000 10810000 10810000 10810000 10810000 10810000 10810000 10810000 10810000 10810000 10810000 10810000 10810000 10810000 10810000 10810000 10810000 10810000 10810000 10810000 10810000 10810000 10810000 10810000 10810000 10810000 10810000 10810000 10810000 10810000 10810000 10810000 10810000 10810000 10810000 10810000 10810000 10810000 10810000 10810000 10810000 10810000 10810000 10810000 10810000 10810000 10810000 10810000 10810000 10810000 10810000 10810000 10810000 10810000 10810000 10810000 10810000 10810000 10810000 10810000 10810000 10810000 10810000 10810000 10810000 10810000 10810000 10810000 
