RUN=0
name=cpuact
freq=1600
reads=200
time=5
samples=2e+02
start_time=12891.6
end_time=13897.4
energy=39791000 39791000 39715000 39715000 39715000 39629000 39629000 39629000 39629000 39532000 39532000 39532000 39445000 39445000 39445000 39359000 39359000 39359000 39359000 39261000 39261000 39261000 39175000 39175000 39175000 39067000 39067000 39067000 39067000 38980000 38980000 38980000 38894000 38894000 38894000 38807000 38807000 38807000 38710000 38710000 38710000 38710000 38602000 38602000 38602000 38516000 38516000 38516000 38429000 38429000 38429000 38429000 38343000 38343000 38343000 38234000 38234000 38234000 38137000 38137000 38137000 38137000 38051000 38051000 38051000 37964000 37964000 37964000 37856000 37856000 37856000 37856000 37770000 37770000 37770000 37683000 37683000 37683000 37575000 37575000 37575000 37575000 37478000 37478000 37478000 37391000 37391000 37391000 37305000 37305000 37305000 37305000 37197000 37197000 37197000 37110000 37110000 37110000 37013000 37013000 37013000 36916000 36916000 36916000 36916000 36818000 36818000 36818000 36732000 36732000 36732000 36624000 36624000 36624000 36624000 36537000 36537000 36537000 36451000 36451000 36451000 36354000 36354000 36354000 36354000 36256000 36256000 36256000 36159000 36159000 36159000 36072000 36072000 36072000 36072000 35964000 35964000 35964000 35878000 35878000 35878000 35791000 35791000 35791000 35791000 35694000 35694000 35694000 35597000 35597000 35597000 35500000 35500000 35500000 35500000 35413000 35413000 35413000 35305000 35305000 35305000 35218000 35218000 35218000 35218000 35132000 35132000 35132000 35035000 35035000 35035000 34937000 34937000 34937000 34937000 34840000 34840000 34840000 34754000 34754000 34754000 34667000 34667000 34667000 34667000 34559000 34559000 34559000 34473000 34473000 34473000 34375000 34375000 34375000 34375000 34278000 34278000 34278000 34181000 34181000 
power=7361000 7361000 12118000 12118000 12118000 15923000 15923000 15923000 15923000 17987000 17987000 17987000 19609000 19609000 19609000 20095000 20095000 20095000 20095000 20279000 20279000 20279000 20171000 20171000 20171000 20322000 20322000 20322000 20322000 20409000 20409000 20409000 20430000 20430000 20430000 20463000 20463000 20463000 20463000 20463000 20463000 20463000 20463000 20463000 20463000 20463000 20463000 20463000 20463000 20463000 20463000 20463000 20463000 20463000 20463000 20560000 20560000 20560000 20614000 20614000 20614000 20614000 20636000 20636000 20636000 20668000 20668000 20668000 20668000 20668000 20668000 20668000 20668000 20668000 20668000 20668000 20668000 20668000 20474000 20474000 20474000 20474000 20474000 20474000 20474000 20474000 20474000 20474000 20474000 20474000 20474000 20474000 20474000 20474000 20474000 20474000 20474000 20474000 20474000 20474000 20474000 20474000 20474000 20474000 20474000 20474000 20474000 20474000 20474000 20474000 20474000 20474000 20474000 20474000 20474000 20474000 20474000 20474000 20474000 20474000 20474000 20474000 20474000 20474000 20474000 20474000 20474000 20474000 20571000 20571000 20571000 20517000 20517000 20517000 20517000 20495000 20495000 20495000 20495000 20495000 20495000 20474000 20474000 20474000 20474000 20474000 20474000 20474000 20474000 20474000 20474000 20474000 20474000 20474000 20474000 20474000 20474000 20474000 20474000 20474000 20474000 20474000 20474000 20474000 20474000 20474000 20474000 20474000 20474000 20474000 20474000 20474000 20474000 20474000 20474000 20474000 20474000 20474000 20474000 20474000 20474000 20474000 20474000 20474000 20474000 20474000 20474000 20474000 20474000 20474000 20474000 20474000 20474000 20474000 20474000 20474000 20474000 20474000 20474000 20474000 
voltage=10810000 10810000 10810000 10810000 10810000 10810000 10810000 10810000 10810000 10810000 10810000 10810000 10810000 10810000 10810000 10810000 10810000 10810000 10810000 10810000 10810000 10810000 10810000 10810000 10810000 10810000 10810000 10810000 10810000 10810000 10810000 10810000 10810000 10810000 10810000 10810000 10810000 10810000 10810000 10810000 10810000 10810000 10810000 10810000 10810000 10810000 10810000 10810000 10810000 10810000 10810000 10810000 10810000 10810000 10810000 10810000 10810000 10810000 10810000 10810000 10810000 10810000 10810000 10810000 10810000 10810000 10810000 10810000 10810000 10810000 10810000 10810000 10810000 10810000 10810000 10810000 10810000 10810000 10810000 10810000 10810000 10810000 10810000 10810000 10810000 10810000 10810000 10810000 10810000 10810000 10810000 10810000 10810000 10810000 10810000 10810000 10810000 10810000 10810000 10810000 10810000 10810000 10810000 10810000 10810000 10810000 10810000 10810000 10810000 10810000 10810000 10810000 10810000 10810000 10810000 10810000 10810000 10810000 10810000 10810000 10810000 10810000 10810000 10810000 10810000 10810000 10810000 10810000 10810000 10810000 10810000 10810000 10810000 10810000 10810000 10810000 10810000 10810000 10810000 10810000 10810000 10810000 10810000 10810000 10810000 10810000 10810000 10810000 10810000 10810000 10810000 10810000 10810000 10810000 10810000 10810000 10810000 10810000 10810000 10810000 10810000 10810000 10810000 10810000 10810000 10810000 10810000 10810000 10810000 10810000 10810000 10810000 10810000 10810000 10810000 10810000 10810000 10810000 10810000 10810000 10810000 10810000 10810000 10810000 10810000 10810000 10810000 10810000 10810000 10810000 10810000 10810000 10810000 10810000 10810000 10810000 10810000 10810000 10810000 10810000 
