RUN=0
name=cpuidle
freq=2000
reads=200
time=5
samples=2e+02
start_time=13947.7
end_time=14947.8
energy=34051000 34019000 34019000 34019000 33975000 33975000 33975000 33975000 33943000 33943000 33943000 33910000 33910000 33910000 33867000 33867000 33867000 33867000 33846000 33846000 33846000 33813000 33813000 33813000 33781000 33781000 33781000 33781000 33738000 33738000 33738000 33705000 33705000 33705000 33673000 33673000 33673000 33673000 33640000 33640000 33640000 33597000 33597000 33597000 33575000 33575000 33575000 33575000 33543000 33543000 33543000 33511000 33511000 33511000 33467000 33467000 33467000 33467000 33435000 33435000 33435000 33402000 33402000 33402000 33402000 33381000 33381000 33381000 33348000 33348000 33348000 33305000 33305000 33305000 33305000 33273000 33273000 33273000 33240000 33240000 33240000 33208000 33208000 33208000 33208000 33165000 33165000 33165000 33132000 33132000 33132000 33111000 33111000 33111000 33111000 33078000 33078000 33078000 33035000 33035000 33035000 33002000 33002000 33002000 33002000 32970000 32970000 32970000 32938000 32938000 32938000 32894000 32894000 32894000 32894000 32862000 32862000 32862000 32840000 32840000 32840000 32808000 32808000 32808000 32808000 32775000 32775000 32775000 32732000 32732000 32732000 32700000 32700000 32700000 32700000 32667000 32667000 32667000 32646000 32646000 32646000 32592000 32592000 32592000 32592000 32570000 32570000 32570000 32538000 32538000 32538000 32505000 32505000 32505000 32505000 32473000 32473000 32473000 32430000 32430000 32430000 32397000 32397000 32397000 32397000 32375000 32375000 32375000 32343000 32343000 32343000 32300000 32300000 32300000 32300000 32267000 32267000 32267000 32235000 32235000 32235000 32202000 32202000 32202000 32202000 32181000 32181000 32181000 32127000 32127000 32127000 32105000 32105000 32105000 32105000 32073000 32073000 32073000 32040000 32040000 
power=10150000 8410000 8410000 8410000 7491000 7491000 7491000 7491000 7458000 7458000 7458000 7437000 7437000 7437000 7437000 7437000 7437000 7437000 7437000 7437000 7437000 7329000 7329000 7329000 7275000 7275000 7275000 7275000 7350000 7350000 7350000 7275000 7275000 7275000 7253000 7253000 7253000 7253000 7253000 7253000 7253000 7329000 7329000 7329000 7448000 7448000 7448000 7448000 7372000 7372000 7372000 7350000 7350000 7350000 7329000 7329000 7329000 7329000 7307000 7307000 7307000 7307000 7307000 7307000 7307000 7307000 7307000 7307000 7307000 7307000 7307000 7307000 7307000 7307000 7307000 7307000 7307000 7307000 7307000 7307000 7307000 7307000 7307000 7307000 7307000 7307000 7307000 7307000 7307000 7307000 7307000 7307000 7307000 7307000 7307000 7394000 7394000 7394000 7350000 7350000 7350000 7329000 7329000 7329000 7329000 7329000 7329000 7329000 7307000 7307000 7307000 7307000 7307000 7307000 7307000 7307000 7307000 7307000 7307000 7307000 7307000 7307000 7307000 7307000 7307000 7394000 7394000 7394000 7448000 7448000 7448000 7372000 7372000 7372000 7372000 7350000 7350000 7350000 7329000 7329000 7329000 7307000 7307000 7307000 7307000 7307000 7307000 7307000 7307000 7307000 7307000 7307000 7307000 7307000 7307000 7307000 7307000 7307000 7307000 7307000 7307000 7307000 7307000 7307000 7307000 7307000 7307000 7307000 7307000 7307000 7307000 7307000 7307000 7307000 7307000 7307000 7307000 7307000 7307000 7307000 7307000 7307000 7307000 7307000 7307000 7307000 7307000 7307000 7231000 7231000 7231000 7231000 7231000 7231000 7231000 7231000 7231000 7231000 7231000 7231000 
voltage=10810000 10810000 10810000 10810000 10810000 10810000 10810000 10810000 10810000 10810000 10810000 10810000 10810000 10810000 10810000 10810000 10810000 10810000 10810000 10810000 10810000 10810000 10810000 10810000 10810000 10810000 10810000 10810000 10810000 10810000 10810000 10810000 10810000 10810000 10810000 10810000 10810000 10810000 10810000 10810000 10810000 10810000 10810000 10810000 10810000 10810000 10810000 10810000 10810000 10810000 10810000 10810000 10810000 10810000 10810000 10810000 10810000 10810000 10810000 10810000 10810000 10810000 10810000 10810000 10810000 10810000 10810000 10810000 10810000 10810000 10810000 10810000 10810000 10810000 10810000 10810000 10810000 10810000 10810000 10810000 10810000 10810000 10810000 10810000 10810000 10810000 10810000 10810000 10810000 10810000 10810000 10810000 10810000 10810000 10810000 10810000 10810000 10810000 10810000 10810000 10810000 10810000 10810000 10810000 10810000 10810000 10810000 10810000 10810000 10810000 10810000 10810000 10810000 10810000 10810000 10810000 10810000 10810000 10810000 10810000 10810000 10810000 10810000 10810000 10810000 10810000 10810000 10810000 10810000 10810000 10810000 10810000 10810000 10810000 10810000 10810000 10810000 10810000 10810000 10810000 10810000 10810000 10810000 10810000 10810000 10810000 10810000 10810000 10810000 10810000 10810000 10810000 10810000 10810000 10810000 10810000 10810000 10810000 10810000 10810000 10810000 10810000 10810000 10810000 10810000 10810000 10810000 10810000 10810000 10810000 10810000 10810000 10810000 10810000 10810000 10810000 10810000 10810000 10810000 10810000 10810000 10810000 10810000 10810000 10810000 10810000 10810000 10810000 10810000 10810000 10810000 10810000 10810000 10810000 10810000 10810000 10810000 10810000 10810000 10810000 
