RUN=0
name=cpuact
freq=2000
reads=200
time=5
samples=2e+02
start_time=5415.53
end_time=6420.84
energy=64535000 64460000 64460000 64460000 64460000 64373000 64373000 64373000 64287000 64287000 64287000 64200000 64200000 64200000 64200000 64092000 64092000 64092000 63995000 63995000 63995000 63897000 63897000 63897000 63897000 63800000 63800000 63800000 63714000 63714000 63714000 63606000 63606000 63606000 63606000 63519000 63519000 63519000 63411000 63411000 63411000 63324000 63324000 63324000 63216000 63216000 63216000 63216000 63130000 63130000 63130000 63022000 63022000 63022000 62935000 62935000 62935000 62935000 62827000 62827000 62827000 62741000 62741000 62741000 62654000 62654000 62654000 62654000 62546000 62546000 62546000 62460000 62460000 62460000 62362000 62362000 62362000 62362000 62276000 62276000 62276000 62189000 62189000 62189000 62081000 62081000 62081000 61995000 61995000 61995000 61995000 61898000 61898000 61898000 61811000 61811000 61811000 61703000 61703000 61703000 61703000 61617000 61617000 61617000 61508000 61508000 61508000 61422000 61422000 61422000 61422000 61314000 61314000 61314000 61217000 61217000 61217000 61119000 61119000 61119000 61022000 61022000 61022000 61022000 60925000 60925000 60925000 60827000 60827000 60827000 60719000 60719000 60719000 60719000 60622000 60622000 60622000 60525000 60525000 60525000 60427000 60427000 60427000 60330000 60330000 60330000 60330000 60233000 60233000 60233000 60136000 60136000 60136000 60038000 60038000 60038000 60038000 59941000 59941000 59941000 59833000 59833000 59833000 59746000 59746000 59746000 59746000 59638000 59638000 59638000 59552000 59552000 59552000 59444000 59444000 59444000 59444000 59357000 59357000 59357000 59249000 59249000 59249000 59141000 59141000 59141000 59141000 59055000 59055000 59055000 58946000 58946000 58946000 58860000 58860000 58860000 58860000 58752000 58752000 58752000 
power=8215000 11966000 11966000 11966000 11966000 16831000 16831000 16831000 19425000 19425000 19425000 21165000 21165000 21165000 21165000 22084000 22084000 22084000 22279000 22279000 22279000 22473000 22473000 22473000 22473000 22582000 22582000 22582000 22744000 22744000 22744000 22841000 22841000 22841000 22841000 22657000 22657000 22657000 22701000 22701000 22701000 22701000 22701000 22701000 22701000 22701000 22701000 22701000 22701000 22701000 22701000 22701000 22701000 22701000 22701000 22701000 22701000 22701000 22701000 22701000 22701000 22701000 22701000 22701000 22473000 22473000 22473000 22473000 22138000 22138000 22138000 21976000 21976000 21976000 21857000 21857000 21857000 21857000 21814000 21814000 21814000 21814000 21814000 21814000 21814000 21814000 21814000 21814000 21814000 21814000 21814000 21814000 21814000 21814000 21814000 21814000 21814000 22030000 22030000 22030000 22030000 22582000 22582000 22582000 22646000 22646000 22646000 22819000 22819000 22819000 22819000 22928000 22928000 22928000 22928000 22928000 22928000 22928000 22928000 22928000 22928000 22928000 22928000 22928000 22928000 22928000 22928000 22928000 22928000 22928000 22928000 22928000 22928000 22928000 22819000 22819000 22819000 22765000 22765000 22765000 22733000 22733000 22733000 22711000 22711000 22711000 22711000 22819000 22819000 22819000 22873000 22873000 22873000 22895000 22895000 22895000 22895000 22819000 22819000 22819000 22873000 22873000 22873000 22895000 22895000 22895000 22895000 22895000 22895000 22895000 22928000 22928000 22928000 22928000 22928000 22928000 22928000 22928000 22928000 22928000 22928000 22928000 22928000 22928000 22928000 22928000 22928000 22928000 22928000 22928000 22928000 22928000 22928000 22711000 22711000 22711000 22711000 22268000 22268000 22268000 
voltage=10810000 10810000 10810000 10810000 10810000 10810000 10810000 10810000 10810000 10810000 10810000 10810000 10810000 10810000 10810000 10810000 10810000 10810000 10810000 10810000 10810000 10810000 10810000 10810000 10810000 10810000 10810000 10810000 10810000 10810000 10810000 10810000 10810000 10810000 10810000 10810000 10810000 10810000 10810000 10810000 10810000 10810000 10810000 10810000 10810000 10810000 10810000 10810000 10810000 10810000 10810000 10810000 10810000 10810000 10810000 10810000 10810000 10810000 10810000 10810000 10810000 10810000 10810000 10810000 10810000 10810000 10810000 10810000 10810000 10810000 10810000 10810000 10810000 10810000 10810000 10810000 10810000 10810000 10810000 10810000 10810000 10810000 10810000 10810000 10810000 10810000 10810000 10810000 10810000 10810000 10810000 10810000 10810000 10810000 10810000 10810000 10810000 10810000 10810000 10810000 10810000 10810000 10810000 10810000 10810000 10810000 10810000 10810000 10810000 10810000 10810000 10810000 10810000 10810000 10810000 10810000 10810000 10810000 10810000 10810000 10810000 10810000 10810000 10810000 10810000 10810000 10810000 10810000 10810000 10810000 10810000 10810000 10810000 10810000 10810000 10810000 10810000 10810000 10810000 10810000 10810000 10810000 10810000 10810000 10810000 10810000 10810000 10810000 10810000 10810000 10810000 10810000 10810000 10810000 10810000 10810000 10810000 10810000 10810000 10810000 10810000 10810000 10810000 10810000 10810000 10810000 10810000 10810000 10810000 10810000 10810000 10810000 10810000 10810000 10810000 10810000 10810000 10810000 10810000 10810000 10810000 10810000 10810000 10810000 10810000 10810000 10810000 10810000 10810000 10810000 10810000 10810000 10810000 10810000 10810000 10810000 10810000 10810000 10810000 10810000 
