RUN=0
name=cpuact
freq=1600
reads=200
time=5
samples=2e+02
start_time=12098.7
end_time=13104.7
energy=41715000 41715000 41715000 41640000 41640000 41640000 41542000 41542000 41542000 41456000 41456000 41456000 41456000 41348000 41348000 41348000 41261000 41261000 41261000 41175000 41175000 41175000 41175000 41078000 41078000 41078000 40991000 40991000 40991000 40883000 40883000 40883000 40796000 40796000 40796000 40796000 40710000 40710000 40710000 40613000 40613000 40613000 40526000 40526000 40526000 40526000 40418000 40418000 40418000 40332000 40332000 40332000 40245000 40245000 40245000 40245000 40148000 40148000 40148000 40051000 40051000 40051000 39953000 39953000 39953000 39867000 39867000 39867000 39867000 39759000 39759000 39759000 39672000 39672000 39672000 39586000 39586000 39586000 39586000 39478000 39478000 39478000 39391000 39391000 39391000 39294000 39294000 39294000 39197000 39197000 39197000 39197000 39099000 39099000 39099000 39013000 39013000 39013000 38905000 38905000 38905000 38905000 38818000 38818000 38818000 38710000 38710000 38710000 38624000 38624000 38624000 38537000 38537000 38537000 38537000 38429000 38429000 38429000 38343000 38343000 38343000 38245000 38245000 38245000 38245000 38137000 38137000 38137000 38051000 38051000 38051000 37943000 37943000 37943000 37943000 37856000 37856000 37856000 37770000 37770000 37770000 37662000 37662000 37662000 37662000 37575000 37575000 37575000 37478000 37478000 37478000 37380000 37380000 37380000 37380000 37283000 37283000 37283000 37197000 37197000 37197000 37089000 37089000 37089000 37089000 37002000 37002000 37002000 36894000 36894000 36894000 36808000 36808000 36808000 36808000 36721000 36721000 36721000 36613000 36613000 36613000 36526000 36526000 36526000 36418000 36418000 36418000 36418000 36332000 36332000 36332000 36235000 36235000 36235000 36137000 36137000 36137000 36137000 36040000 36040000 
power=7610000 7610000 7610000 13393000 13393000 13393000 16604000 16604000 16604000 18409000 18409000 18409000 18409000 20041000 20041000 20041000 20203000 20203000 20203000 20333000 20333000 20333000 20333000 20495000 20495000 20495000 20571000 20571000 20571000 20625000 20625000 20625000 20755000 20755000 20755000 20755000 20701000 20701000 20701000 20679000 20679000 20679000 20679000 20679000 20679000 20679000 20463000 20463000 20463000 20560000 20560000 20560000 20506000 20506000 20506000 20506000 20582000 20582000 20582000 20539000 20539000 20539000 20582000 20582000 20582000 20636000 20636000 20636000 20636000 20733000 20733000 20733000 20820000 20820000 20820000 20841000 20841000 20841000 20841000 20874000 20874000 20874000 20874000 20874000 20874000 20874000 20874000 20874000 20874000 20874000 20874000 20874000 20874000 20874000 20874000 20874000 20874000 20874000 20874000 20874000 20874000 20874000 20874000 20874000 20874000 20971000 20971000 20971000 21025000 21025000 21025000 20949000 20949000 20949000 20949000 20830000 20830000 20830000 20852000 20852000 20852000 20852000 20852000 20852000 20852000 20874000 20874000 20874000 20874000 20874000 20874000 20776000 20776000 20776000 20776000 20722000 20722000 20722000 20701000 20701000 20701000 20679000 20679000 20679000 20679000 20679000 20679000 20679000 20679000 20679000 20679000 20679000 20679000 20679000 20679000 20679000 20679000 20679000 20679000 20679000 20679000 20679000 20679000 20679000 20679000 20679000 20679000 20679000 20679000 20679000 20679000 20679000 20679000 20679000 20679000 20776000 20776000 20776000 20830000 20830000 20830000 20852000 20852000 20852000 20874000 20874000 20874000 20874000 20874000 20874000 20874000 20874000 20874000 20874000 20874000 20874000 20874000 20874000 20874000 20874000 
voltage=10810000 10810000 10810000 10810000 10810000 10810000 10810000 10810000 10810000 10810000 10810000 10810000 10810000 10810000 10810000 10810000 10810000 10810000 10810000 10810000 10810000 10810000 10810000 10810000 10810000 10810000 10810000 10810000 10810000 10810000 10810000 10810000 10810000 10810000 10810000 10810000 10810000 10810000 10810000 10810000 10810000 10810000 10810000 10810000 10810000 10810000 10810000 10810000 10810000 10810000 10810000 10810000 10810000 10810000 10810000 10810000 10810000 10810000 10810000 10810000 10810000 10810000 10810000 10810000 10810000 10810000 10810000 10810000 10810000 10810000 10810000 10810000 10810000 10810000 10810000 10810000 10810000 10810000 10810000 10810000 10810000 10810000 10810000 10810000 10810000 10810000 10810000 10810000 10810000 10810000 10810000 10810000 10810000 10810000 10810000 10810000 10810000 10810000 10810000 10810000 10810000 10810000 10810000 10810000 10810000 10810000 10810000 10810000 10810000 10810000 10810000 10810000 10810000 10810000 10810000 10810000 10810000 10810000 10810000 10810000 10810000 10810000 10810000 10810000 10810000 10810000 10810000 10810000 10810000 10810000 10810000 10810000 10810000 10810000 10810000 10810000 10810000 10810000 10810000 10810000 10810000 10810000 10810000 10810000 10810000 10810000 10810000 10810000 10810000 10810000 10810000 10810000 10810000 10810000 10810000 10810000 10810000 10810000 10810000 10810000 10810000 10810000 10810000 10810000 10810000 10810000 10810000 10810000 10810000 10810000 10810000 10810000 10810000 10810000 10810000 10810000 10810000 10810000 10810000 10810000 10810000 10810000 10810000 10810000 10810000 10810000 10810000 10810000 10810000 10810000 10810000 10810000 10810000 10810000 10810000 10810000 10810000 10810000 10810000 10810000 
