RUN=0
name=cpuact
freq=1200
reads=200
time=5
samples=2e+02
start_time=1551.79
end_time=2560.48
energy=79302000 79302000 79302000 79226000 79226000 79226000 79226000 79150000 79150000 79150000 79075000 79075000 79075000 79010000 79010000 79010000 79010000 78913000 78913000 78913000 78837000 78837000 78837000 78761000 78761000 78761000 78685000 78685000 78685000 78685000 78610000 78610000 78610000 78523000 78523000 78523000 78448000 78448000 78448000 78448000 78372000 78372000 78372000 78286000 78286000 78286000 78210000 78210000 78210000 78134000 78134000 78134000 78134000 78059000 78059000 78059000 77972000 77972000 77972000 77896000 77896000 77896000 77896000 77821000 77821000 77821000 77734000 77734000 77734000 77659000 77659000 77659000 77583000 77583000 77583000 77583000 77507000 77507000 77507000 77421000 77421000 77421000 77345000 77345000 77345000 77345000 77248000 77248000 77248000 77172000 77172000 77172000 77096000 77096000 77096000 77010000 77010000 77010000 77010000 76934000 76934000 76934000 76859000 76859000 76859000 76772000 76772000 76772000 76696000 76696000 76696000 76696000 76621000 76621000 76621000 76534000 76534000 76534000 76459000 76459000 76459000 76459000 76383000 76383000 76383000 76296000 76296000 76296000 76221000 76221000 76221000 76124000 76124000 76124000 76124000 76048000 76048000 76048000 75972000 75972000 75972000 75886000 75886000 75886000 75886000 75810000 75810000 75810000 75734000 75734000 75734000 75648000 75648000 75648000 75572000 75572000 75572000 75572000 75497000 75497000 75497000 75410000 75410000 75410000 75334000 75334000 75334000 75334000 75237000 75237000 75237000 75172000 75172000 75172000 75097000 75097000 75097000 75097000 74999000 74999000 74999000 74924000 74924000 74924000 74837000 74837000 74837000 74761000 74761000 74761000 74761000 74686000 74686000 74686000 74599000 74599000 74599000 74524000 74524000 74524000 
power=8453000 8453000 8453000 13653000 13653000 13653000 13653000 16398000 16398000 16398000 17771000 17771000 17771000 18982000 18982000 18982000 18982000 19025000 19025000 19025000 19144000 19144000 19144000 19198000 19198000 19198000 19220000 19220000 19220000 19220000 19371000 19371000 19371000 19425000 19425000 19425000 19447000 19447000 19447000 19447000 19490000 19490000 19490000 19490000 19490000 19490000 19490000 19490000 19490000 19490000 19490000 19490000 19490000 19490000 19490000 19490000 19490000 19490000 19490000 19490000 19490000 19490000 19490000 19490000 19490000 19490000 19490000 19490000 19490000 19609000 19609000 19609000 19663000 19663000 19663000 19663000 19522000 19522000 19522000 19555000 19555000 19555000 19555000 19555000 19555000 19555000 19555000 19555000 19555000 19555000 19555000 19555000 19555000 19555000 19555000 19555000 19555000 19555000 19555000 19555000 19555000 19555000 19555000 19555000 19555000 19555000 19555000 19555000 19555000 19555000 19555000 19555000 19555000 19555000 19555000 19555000 19555000 19555000 19663000 19663000 19663000 19663000 19728000 19728000 19728000 19749000 19749000 19749000 19782000 19782000 19782000 19663000 19663000 19663000 19663000 19609000 19609000 19609000 19587000 19587000 19587000 19555000 19555000 19555000 19555000 19555000 19555000 19555000 19555000 19555000 19555000 19555000 19555000 19555000 19555000 19555000 19555000 19555000 19555000 19555000 19555000 19663000 19663000 19663000 19609000 19609000 19609000 19609000 19685000 19685000 19685000 19641000 19641000 19641000 19685000 19685000 19685000 19685000 19749000 19749000 19749000 19749000 19749000 19749000 19663000 19663000 19663000 19728000 19728000 19728000 19728000 19749000 19749000 19749000 19576000 19576000 19576000 19620000 19620000 19620000 
voltage=10810000 10810000 10810000 10810000 10810000 10810000 10810000 10810000 10810000 10810000 10810000 10810000 10810000 10810000 10810000 10810000 10810000 10810000 10810000 10810000 10810000 10810000 10810000 10810000 10810000 10810000 10810000 10810000 10810000 10810000 10810000 10810000 10810000 10810000 10810000 10810000 10810000 10810000 10810000 10810000 10810000 10810000 10810000 10810000 10810000 10810000 10810000 10810000 10810000 10810000 10810000 10810000 10810000 10810000 10810000 10810000 10810000 10810000 10810000 10810000 10810000 10810000 10810000 10810000 10810000 10810000 10810000 10810000 10810000 10810000 10810000 10810000 10810000 10810000 10810000 10810000 10810000 10810000 10810000 10810000 10810000 10810000 10810000 10810000 10810000 10810000 10810000 10810000 10810000 10810000 10810000 10810000 10810000 10810000 10810000 10810000 10810000 10810000 10810000 10810000 10810000 10810000 10810000 10810000 10810000 10810000 10810000 10810000 10810000 10810000 10810000 10810000 10810000 10810000 10810000 10810000 10810000 10810000 10810000 10810000 10810000 10810000 10810000 10810000 10810000 10810000 10810000 10810000 10810000 10810000 10810000 10810000 10810000 10810000 10810000 10810000 10810000 10810000 10810000 10810000 10810000 10810000 10810000 10810000 10810000 10810000 10810000 10810000 10810000 10810000 10810000 10810000 10810000 10810000 10810000 10810000 10810000 10810000 10810000 10810000 10810000 10810000 10810000 10810000 10810000 10810000 10810000 10810000 10810000 10810000 10810000 10810000 10810000 10810000 10810000 10810000 10810000 10810000 10810000 10810000 10810000 10810000 10810000 10810000 10810000 10810000 10810000 10810000 10810000 10810000 10810000 10810000 10810000 10810000 10810000 10810000 10810000 10810000 10810000 10810000 
