RUN=0
name=cpuact
freq=1200
reads=200
time=5
samples=2e+02
start_time=9991.23
end_time=10996.2
energy=49282000 49282000 49217000 49217000 49217000 49131000 49131000 49131000 49131000 49044000 49044000 49044000 48969000 48969000 48969000 48872000 48872000 48872000 48872000 48785000 48785000 48785000 48709000 48709000 48709000 48623000 48623000 48623000 48623000 48526000 48526000 48526000 48439000 48439000 48439000 48353000 48353000 48353000 48353000 48277000 48277000 48277000 48190000 48190000 48190000 48093000 48093000 48093000 48093000 48007000 48007000 48007000 47920000 47920000 47920000 47823000 47823000 47823000 47747000 47747000 47747000 47747000 47661000 47661000 47661000 47574000 47574000 47574000 47477000 47477000 47477000 47477000 47391000 47391000 47391000 47304000 47304000 47304000 47207000 47207000 47207000 47207000 47120000 47120000 47120000 47045000 47045000 47045000 46958000 46958000 46958000 46958000 46872000 46872000 46872000 46774000 46774000 46774000 46688000 46688000 46688000 46601000 46601000 46601000 46601000 46504000 46504000 46504000 46418000 46418000 46418000 46331000 46331000 46331000 46331000 46234000 46234000 46234000 46158000 46158000 46158000 46072000 46072000 46072000 45985000 45985000 45985000 45985000 45888000 45888000 45888000 45801000 45801000 45801000 45715000 45715000 45715000 45715000 45618000 45618000 45618000 45531000 45531000 45531000 45445000 45445000 45445000 45347000 45347000 45347000 45347000 45261000 45261000 45261000 45185000 45185000 45185000 45099000 45099000 45099000 45099000 45012000 45012000 45012000 44915000 44915000 44915000 44829000 44829000 44829000 44829000 44742000 44742000 44742000 44645000 44645000 44645000 44558000 44558000 44558000 44558000 44472000 44472000 44472000 44375000 44375000 44375000 44288000 44288000 44288000 44288000 44202000 44202000 44202000 44104000 44104000 44104000 44029000 44029000 44029000 
power=7653000 7653000 11653000 11653000 11653000 15328000 15328000 15328000 15328000 17306000 17306000 17306000 18820000 18820000 18820000 19263000 19263000 19263000 19263000 19414000 19414000 19414000 19468000 19468000 19468000 19598000 19598000 19598000 19598000 19490000 19490000 19490000 19512000 19512000 19512000 19544000 19544000 19544000 19544000 19544000 19544000 19544000 19544000 19544000 19544000 19663000 19663000 19663000 19663000 19717000 19717000 19717000 19739000 19739000 19739000 19771000 19771000 19771000 19771000 19771000 19771000 19771000 19771000 19771000 19771000 19771000 19771000 19771000 19868000 19868000 19868000 19868000 19922000 19922000 19922000 19663000 19663000 19663000 19630000 19630000 19630000 19630000 19706000 19706000 19706000 19739000 19739000 19739000 19760000 19760000 19760000 19760000 19793000 19793000 19793000 19793000 19793000 19793000 19793000 19793000 19793000 19793000 19793000 19793000 19793000 19793000 19793000 19793000 19793000 19793000 19793000 19793000 19793000 19793000 19793000 19793000 19793000 19793000 19793000 19793000 19793000 19793000 19793000 19793000 19793000 19793000 19793000 19793000 19793000 19793000 19793000 19793000 19793000 19793000 19793000 19793000 19793000 19793000 19793000 19793000 19793000 19793000 19793000 19793000 19793000 19793000 19793000 19793000 19793000 19793000 19793000 19793000 19793000 19793000 19793000 19793000 19793000 19793000 19793000 19793000 19793000 19793000 19793000 19793000 19609000 19609000 19609000 19609000 19609000 19609000 19609000 19609000 19609000 19609000 19609000 19609000 19609000 19609000 19609000 19609000 19609000 19609000 19609000 19609000 19609000 19609000 19609000 19609000 19609000 19609000 19609000 19609000 19609000 19609000 19609000 19609000 19609000 19609000 19609000 19609000 
voltage=10810000 10810000 10810000 10810000 10810000 10810000 10810000 10810000 10810000 10810000 10810000 10810000 10810000 10810000 10810000 10810000 10810000 10810000 10810000 10810000 10810000 10810000 10810000 10810000 10810000 10810000 10810000 10810000 10810000 10810000 10810000 10810000 10810000 10810000 10810000 10810000 10810000 10810000 10810000 10810000 10810000 10810000 10810000 10810000 10810000 10810000 10810000 10810000 10810000 10810000 10810000 10810000 10810000 10810000 10810000 10810000 10810000 10810000 10810000 10810000 10810000 10810000 10810000 10810000 10810000 10810000 10810000 10810000 10810000 10810000 10810000 10810000 10810000 10810000 10810000 10810000 10810000 10810000 10810000 10810000 10810000 10810000 10810000 10810000 10810000 10810000 10810000 10810000 10810000 10810000 10810000 10810000 10810000 10810000 10810000 10810000 10810000 10810000 10810000 10810000 10810000 10810000 10810000 10810000 10810000 10810000 10810000 10810000 10810000 10810000 10810000 10810000 10810000 10810000 10810000 10810000 10810000 10810000 10810000 10810000 10810000 10810000 10810000 10810000 10810000 10810000 10810000 10810000 10810000 10810000 10810000 10810000 10810000 10810000 10810000 10810000 10810000 10810000 10810000 10810000 10810000 10810000 10810000 10810000 10810000 10810000 10810000 10810000 10810000 10810000 10810000 10810000 10810000 10810000 10810000 10810000 10810000 10810000 10810000 10810000 10810000 10810000 10810000 10810000 10810000 10810000 10810000 10810000 10810000 10810000 10810000 10810000 10810000 10810000 10810000 10810000 10810000 10810000 10810000 10810000 10810000 10810000 10810000 10810000 10810000 10810000 10810000 10810000 10810000 10810000 10810000 10810000 10810000 10810000 10810000 10810000 10810000 10810000 10810000 10810000 
