RUN=0
name=cpuidle
freq=2400
reads=200
time=5
samples=2e+02
start_time=7624.24
end_time=8624.32
energy=57325000 57325000 57325000 57282000 57282000 57282000 57249000 57249000 57249000 57249000 57228000 57228000 57228000 57195000 57195000 57195000 57163000 57163000 57163000 57163000 57120000 57120000 57120000 57087000 57087000 57087000 57055000 57055000 57055000 57055000 57033000 57033000 57033000 57001000 57001000 57001000 56968000 56968000 56968000 56968000 56925000 56925000 56925000 56893000 56893000 56893000 56860000 56860000 56860000 56838000 56838000 56838000 56838000 56806000 56806000 56806000 56774000 56774000 56774000 56730000 56730000 56730000 56730000 56698000 56698000 56698000 56666000 56666000 56666000 56644000 56644000 56644000 56644000 56611000 56611000 56611000 56579000 56579000 56579000 56547000 56547000 56547000 56547000 56503000 56503000 56503000 56471000 56471000 56471000 56449000 56449000 56449000 56449000 56417000 56417000 56417000 56384000 56384000 56384000 56352000 56352000 56352000 56330000 56330000 56330000 56330000 56276000 56276000 56276000 56255000 56255000 56255000 56222000 56222000 56222000 56222000 56190000 56190000 56190000 56157000 56157000 56157000 56125000 56125000 56125000 56125000 56082000 56082000 56082000 56060000 56060000 56060000 56028000 56028000 56028000 56028000 55995000 55995000 55995000 55963000 55963000 55963000 55930000 55930000 55930000 55930000 55909000 55909000 55909000 55866000 55866000 55866000 55833000 55833000 55833000 55833000 55801000 55801000 55801000 55768000 55768000 55768000 55736000 55736000 55736000 55736000 55714000 55714000 55714000 55682000 55682000 55682000 55649000 55649000 55649000 55649000 55606000 55606000 55606000 55574000 55574000 55574000 55541000 55541000 55541000 55541000 55520000 55520000 55520000 55487000 55487000 55487000 55455000 55455000 55455000 55455000 55422000 55422000 55422000 55379000 
power=9415000 9415000 9415000 7739000 7739000 7739000 7707000 7707000 7707000 7707000 7599000 7599000 7599000 7545000 7545000 7545000 7685000 7685000 7685000 7685000 7610000 7610000 7610000 7577000 7577000 7577000 7577000 7577000 7577000 7577000 7556000 7556000 7556000 7556000 7556000 7556000 7556000 7556000 7556000 7556000 7556000 7556000 7556000 7556000 7556000 7556000 7556000 7556000 7556000 7556000 7556000 7556000 7556000 7556000 7556000 7556000 7556000 7556000 7556000 7556000 7556000 7556000 7556000 7556000 7556000 7556000 7556000 7556000 7556000 7556000 7556000 7556000 7556000 7556000 7556000 7556000 7556000 7556000 7556000 7556000 7556000 7556000 7556000 7556000 7556000 7556000 7556000 7556000 7556000 7556000 7556000 7556000 7556000 7437000 7437000 7437000 7491000 7491000 7491000 7523000 7523000 7523000 7523000 7523000 7523000 7523000 7556000 7556000 7556000 7556000 7556000 7556000 7556000 7556000 7556000 7556000 7556000 7556000 7556000 7556000 7556000 7556000 7556000 7556000 7556000 7556000 7556000 7556000 7556000 7556000 7556000 7556000 7556000 7556000 7556000 7556000 7556000 7556000 7556000 7437000 7437000 7437000 7491000 7491000 7491000 7491000 7523000 7523000 7523000 7523000 7523000 7523000 7437000 7437000 7437000 7437000 7491000 7491000 7491000 7523000 7523000 7523000 7415000 7415000 7415000 7415000 7491000 7491000 7491000 7415000 7415000 7415000 7458000 7458000 7458000 7458000 7523000 7523000 7523000 7415000 7415000 7415000 7491000 7491000 7491000 7491000 7415000 7415000 7415000 7458000 7458000 7458000 7523000 7523000 7523000 7523000 7523000 7523000 7523000 7556000 
voltage=10810000 10810000 10810000 10810000 10810000 10810000 10810000 10810000 10810000 10810000 10810000 10810000 10810000 10810000 10810000 10810000 10810000 10810000 10810000 10810000 10810000 10810000 10810000 10810000 10810000 10810000 10810000 10810000 10810000 10810000 10810000 10810000 10810000 10810000 10810000 10810000 10810000 10810000 10810000 10810000 10810000 10810000 10810000 10810000 10810000 10810000 10810000 10810000 10810000 10810000 10810000 10810000 10810000 10810000 10810000 10810000 10810000 10810000 10810000 10810000 10810000 10810000 10810000 10810000 10810000 10810000 10810000 10810000 10810000 10810000 10810000 10810000 10810000 10810000 10810000 10810000 10810000 10810000 10810000 10810000 10810000 10810000 10810000 10810000 10810000 10810000 10810000 10810000 10810000 10810000 10810000 10810000 10810000 10810000 10810000 10810000 10810000 10810000 10810000 10810000 10810000 10810000 10810000 10810000 10810000 10810000 10810000 10810000 10810000 10810000 10810000 10810000 10810000 10810000 10810000 10810000 10810000 10810000 10810000 10810000 10810000 10810000 10810000 10810000 10810000 10810000 10810000 10810000 10810000 10810000 10810000 10810000 10810000 10810000 10810000 10810000 10810000 10810000 10810000 10810000 10810000 10810000 10810000 10810000 10810000 10810000 10810000 10810000 10810000 10810000 10810000 10810000 10810000 10810000 10810000 10810000 10810000 10810000 10810000 10810000 10810000 10810000 10810000 10810000 10810000 10810000 10810000 10810000 10810000 10810000 10810000 10810000 10810000 10810000 10810000 10810000 10810000 10810000 10810000 10810000 10810000 10810000 10810000 10810000 10810000 10810000 10810000 10810000 10810000 10810000 10810000 10810000 10810000 10810000 10810000 10810000 10810000 10810000 10810000 10810000 
