RUN=0
name=cpuact
freq=2000
reads=200
time=5
samples=2e+02
start_time=14207.2
end_time=15214.5
energy=33673000 33673000 33673000 33586000 33586000 33586000 33586000 33478000 33478000 33478000 33381000 33381000 33381000 33283000 33283000 33283000 33283000 33186000 33186000 33186000 33078000 33078000 33078000 32981000 32981000 32981000 32981000 32884000 32884000 32884000 32775000 32775000 32775000 32667000 32667000 32667000 32570000 32570000 32570000 32570000 32473000 32473000 32473000 32375000 32375000 32375000 32267000 32267000 32267000 32267000 32159000 32159000 32159000 32062000 32062000 32062000 31965000 31965000 31965000 31857000 31857000 31857000 31857000 31759000 31759000 31759000 31651000 31651000 31651000 31543000 31543000 31543000 31543000 31446000 31446000 31446000 31338000 31338000 31338000 31251000 31251000 31251000 31143000 31143000 31143000 31143000 31057000 31057000 31057000 30949000 30949000 30949000 30862000 30862000 30862000 30862000 30754000 30754000 30754000 30667000 30667000 30667000 30570000 30570000 30570000 30570000 30473000 30473000 30473000 30376000 30376000 30376000 30268000 30268000 30268000 30181000 30181000 30181000 30181000 30073000 30073000 30073000 29986000 29986000 29986000 29900000 29900000 29900000 29900000 29792000 29792000 29792000 29705000 29705000 29705000 29597000 29597000 29597000 29597000 29511000 29511000 29511000 29414000 29414000 29414000 29316000 29316000 29316000 29316000 29219000 29219000 29219000 29122000 29122000 29122000 29024000 29024000 29024000 29024000 28927000 28927000 28927000 28830000 28830000 28830000 28743000 28743000 28743000 28743000 28635000 28635000 28635000 28549000 28549000 28549000 28441000 28441000 28441000 28354000 28354000 28354000 28354000 28246000 28246000 28246000 28160000 28160000 28160000 28051000 28051000 28051000 28051000 27965000 27965000 27965000 27857000 27857000 27857000 27770000 27770000 
power=8885000 8885000 8885000 14777000 14777000 14777000 14777000 18009000 18009000 18009000 19901000 19901000 19901000 21392000 21392000 21392000 21392000 21576000 21576000 21576000 21847000 21847000 21847000 21965000 21965000 21965000 21965000 22052000 22052000 22052000 22106000 22106000 22106000 21901000 21901000 21901000 21901000 21901000 21901000 21901000 21901000 21901000 21901000 21901000 21901000 21901000 21901000 21901000 21901000 21901000 21998000 21998000 21998000 22052000 22052000 22052000 22074000 22074000 22074000 22106000 22106000 22106000 22106000 22106000 22106000 22106000 22106000 22106000 22106000 22203000 22203000 22203000 22203000 22246000 22246000 22246000 22268000 22268000 22268000 21792000 21792000 21792000 21230000 21230000 21230000 21230000 20949000 20949000 20949000 20755000 20755000 20755000 20679000 20679000 20679000 20679000 20679000 20679000 20679000 20679000 20679000 20679000 20679000 20679000 20679000 20679000 20679000 20679000 20679000 20679000 20679000 20679000 20679000 20679000 20679000 20679000 20679000 20679000 20679000 20787000 20787000 20787000 20636000 20636000 20636000 20549000 20549000 20549000 20549000 20636000 20636000 20636000 20549000 20549000 20549000 20506000 20506000 20506000 20506000 20506000 20506000 20506000 20484000 20484000 20484000 20484000 20484000 20484000 20484000 20484000 20484000 20484000 20484000 20484000 20484000 20484000 20484000 20484000 20484000 20484000 20484000 20484000 20484000 20484000 20484000 20484000 20484000 20484000 20484000 20582000 20582000 20582000 20528000 20528000 20528000 20506000 20506000 20506000 20603000 20603000 20603000 20603000 20528000 20528000 20528000 21003000 21003000 21003000 21057000 21057000 21057000 21057000 20863000 20863000 20863000 20830000 20830000 20830000 20733000 20733000 
voltage=10810000 10810000 10810000 10810000 10810000 10810000 10810000 10810000 10810000 10810000 10810000 10810000 10810000 10810000 10810000 10810000 10810000 10810000 10810000 10810000 10810000 10810000 10810000 10810000 10810000 10810000 10810000 10810000 10810000 10810000 10810000 10810000 10810000 10810000 10810000 10810000 10810000 10810000 10810000 10810000 10810000 10810000 10810000 10810000 10810000 10810000 10810000 10810000 10810000 10810000 10810000 10810000 10810000 10810000 10810000 10810000 10810000 10810000 10810000 10810000 10810000 10810000 10810000 10810000 10810000 10810000 10810000 10810000 10810000 10810000 10810000 10810000 10810000 10810000 10810000 10810000 10810000 10810000 10810000 10810000 10810000 10810000 10810000 10810000 10810000 10810000 10810000 10810000 10810000 10810000 10810000 10810000 10810000 10810000 10810000 10810000 10810000 10810000 10810000 10810000 10810000 10810000 10810000 10810000 10810000 10810000 10810000 10810000 10810000 10810000 10810000 10810000 10810000 10810000 10810000 10810000 10810000 10810000 10810000 10810000 10810000 10810000 10810000 10810000 10810000 10810000 10810000 10810000 10810000 10810000 10810000 10810000 10810000 10810000 10810000 10810000 10810000 10810000 10810000 10810000 10810000 10810000 10810000 10810000 10810000 10810000 10810000 10810000 10810000 10810000 10810000 10810000 10810000 10810000 10810000 10810000 10810000 10810000 10810000 10810000 10810000 10810000 10810000 10810000 10810000 10810000 10810000 10810000 10810000 10810000 10810000 10810000 10810000 10810000 10810000 10810000 10810000 10810000 10810000 10810000 10810000 10810000 10810000 10810000 10810000 10810000 10810000 10810000 10810000 10810000 10810000 10810000 10810000 10810000 10810000 10810000 10810000 10810000 10810000 10810000 
