RUN=0
name=cpuact
freq=1200
reads=200
time=5
samples=2e+02
start_time=1198.65
end_time=2204.43
energy=79291000 79291000 79291000 79215000 79215000 79215000 79129000 79129000 79129000 79053000 79053000 79053000 79053000 78956000 78956000 78956000 78880000 78880000 78880000 78794000 78794000 78794000 78794000 78718000 78718000 78718000 78631000 78631000 78631000 78556000 78556000 78556000 78469000 78469000 78469000 78469000 78372000 78372000 78372000 78296000 78296000 78296000 78210000 78210000 78210000 78210000 78123000 78123000 78123000 78048000 78048000 78048000 77950000 77950000 77950000 77950000 77864000 77864000 77864000 77788000 77788000 77788000 77713000 77713000 77713000 77713000 77626000 77626000 77626000 77540000 77540000 77540000 77464000 77464000 77464000 77464000 77367000 77367000 77367000 77280000 77280000 77280000 77194000 77194000 77194000 77194000 77118000 77118000 77118000 77032000 77032000 77032000 76934000 76934000 76934000 76934000 76848000 76848000 76848000 76772000 76772000 76772000 76686000 76686000 76686000 76610000 76610000 76610000 76610000 76513000 76513000 76513000 76437000 76437000 76437000 76351000 76351000 76351000 76351000 76275000 76275000 76275000 76188000 76188000 76188000 76113000 76113000 76113000 76113000 76026000 76026000 76026000 75929000 75929000 75929000 75853000 75853000 75853000 75853000 75767000 75767000 75767000 75680000 75680000 75680000 75605000 75605000 75605000 75605000 75507000 75507000 75507000 75421000 75421000 75421000 75334000 75334000 75334000 75334000 75259000 75259000 75259000 75172000 75172000 75172000 75075000 75075000 75075000 75075000 74999000 74999000 74999000 74924000 74924000 74924000 74837000 74837000 74837000 74761000 74761000 74761000 74761000 74675000 74675000 74675000 74599000 74599000 74599000 74524000 74524000 74524000 74524000 74437000 74437000 74437000 74361000 74361000 74361000 74264000 74264000 
power=8366000 8366000 8366000 13912000 13912000 13912000 16982000 16982000 16982000 18701000 18701000 18701000 18701000 20128000 20128000 20128000 20322000 20322000 20322000 20495000 20495000 20495000 20495000 20560000 20560000 20560000 20614000 20614000 20614000 20657000 20657000 20657000 20755000 20755000 20755000 20755000 20820000 20820000 20820000 20733000 20733000 20733000 20820000 20820000 20820000 20820000 20841000 20841000 20841000 20841000 20841000 20841000 20701000 20701000 20701000 20701000 20582000 20582000 20582000 20236000 20236000 20236000 19803000 19803000 19803000 19803000 20247000 20247000 20247000 20528000 20528000 20528000 20722000 20722000 20722000 20722000 20906000 20906000 20906000 20938000 20938000 20938000 20938000 20938000 20938000 20938000 20938000 20938000 20938000 20938000 20938000 20938000 20938000 20938000 20938000 20938000 21047000 21047000 21047000 20982000 20982000 20982000 20722000 20722000 20722000 20387000 20387000 20387000 20387000 20182000 20182000 20182000 20063000 20063000 20063000 20020000 20020000 20020000 20020000 20020000 20020000 20020000 20020000 20020000 20020000 20020000 20020000 20020000 20020000 20474000 20474000 20474000 20701000 20701000 20701000 20820000 20820000 20820000 20820000 20766000 20766000 20766000 20766000 20766000 20766000 20766000 20766000 20766000 20766000 20766000 20766000 20766000 20766000 20766000 20766000 20766000 20766000 20766000 20766000 20766000 20766000 20766000 20766000 20766000 20766000 20528000 20528000 20528000 20528000 20074000 20074000 20074000 19836000 19836000 19836000 19695000 19695000 19695000 19620000 19620000 19620000 19620000 19620000 19620000 19620000 19620000 19620000 19620000 19620000 19620000 19620000 19620000 19620000 19620000 19620000 19620000 19620000 19620000 19620000 19620000 
voltage=10810000 10810000 10810000 10810000 10810000 10810000 10810000 10810000 10810000 10810000 10810000 10810000 10810000 10810000 10810000 10810000 10810000 10810000 10810000 10810000 10810000 10810000 10810000 10810000 10810000 10810000 10810000 10810000 10810000 10810000 10810000 10810000 10810000 10810000 10810000 10810000 10810000 10810000 10810000 10810000 10810000 10810000 10810000 10810000 10810000 10810000 10810000 10810000 10810000 10810000 10810000 10810000 10810000 10810000 10810000 10810000 10810000 10810000 10810000 10810000 10810000 10810000 10810000 10810000 10810000 10810000 10810000 10810000 10810000 10810000 10810000 10810000 10810000 10810000 10810000 10810000 10810000 10810000 10810000 10810000 10810000 10810000 10810000 10810000 10810000 10810000 10810000 10810000 10810000 10810000 10810000 10810000 10810000 10810000 10810000 10810000 10810000 10810000 10810000 10810000 10810000 10810000 10810000 10810000 10810000 10810000 10810000 10810000 10810000 10810000 10810000 10810000 10810000 10810000 10810000 10810000 10810000 10810000 10810000 10810000 10810000 10810000 10810000 10810000 10810000 10810000 10810000 10810000 10810000 10810000 10810000 10810000 10810000 10810000 10810000 10810000 10810000 10810000 10810000 10810000 10810000 10810000 10810000 10810000 10810000 10810000 10810000 10810000 10810000 10810000 10810000 10810000 10810000 10810000 10810000 10810000 10810000 10810000 10810000 10810000 10810000 10810000 10810000 10810000 10810000 10810000 10810000 10810000 10810000 10810000 10810000 10810000 10810000 10810000 10810000 10810000 10810000 10810000 10810000 10810000 10810000 10810000 10810000 10810000 10810000 10810000 10810000 10810000 10810000 10810000 10810000 10810000 10810000 10810000 10810000 10810000 10810000 10810000 10810000 10810000 
