RUN=0
name=cpuact
freq=2000
reads=200
time=5
samples=2e+02
start_time=5771.22
end_time=6776.95
energy=65108000 65108000 65108000 65108000 65022000 65022000 65022000 64924000 64924000 64924000 64838000 64838000 64838000 64838000 64751000 64751000 64751000 64665000 64665000 64665000 64568000 64568000 64568000 64568000 64460000 64460000 64460000 64373000 64373000 64373000 64287000 64287000 64287000 64287000 64200000 64200000 64200000 64103000 64103000 64103000 63995000 63995000 63995000 63995000 63908000 63908000 63908000 63822000 63822000 63822000 63735000 63735000 63735000 63735000 63638000 63638000 63638000 63551000 63551000 63551000 63443000 63443000 63443000 63357000 63357000 63357000 63357000 63270000 63270000 63270000 63173000 63173000 63173000 63076000 63076000 63076000 63076000 62979000 62979000 62979000 62892000 62892000 62892000 62806000 62806000 62806000 62806000 62698000 62698000 62698000 62611000 62611000 62611000 62514000 62514000 62514000 62416000 62416000 62416000 62416000 62319000 62319000 62319000 62233000 62233000 62233000 62125000 62125000 62125000 62125000 62038000 62038000 62038000 61952000 61952000 61952000 61854000 61854000 61854000 61854000 61746000 61746000 61746000 61660000 61660000 61660000 61573000 61573000 61573000 61573000 61465000 61465000 61465000 61379000 61379000 61379000 61292000 61292000 61292000 61184000 61184000 61184000 61184000 61087000 61087000 61087000 61000000 61000000 61000000 60892000 60892000 60892000 60892000 60806000 60806000 60806000 60719000 60719000 60719000 60622000 60622000 60622000 60622000 60525000 60525000 60525000 60427000 60427000 60427000 60341000 60341000 60341000 60341000 60233000 60233000 60233000 60146000 60146000 60146000 60060000 60060000 60060000 60060000 59952000 59952000 59952000 59865000 59865000 59865000 59768000 59768000 59768000 59768000 59671000 59671000 59671000 59573000 59573000 59573000 59487000 
power=9350000 9350000 9350000 9350000 15047000 15047000 15047000 18160000 18160000 18160000 19955000 19955000 19955000 19955000 21349000 21349000 21349000 21576000 21576000 21576000 21663000 21663000 21663000 21663000 21836000 21836000 21836000 21836000 21836000 21836000 21911000 21911000 21911000 21911000 21976000 21976000 21976000 21890000 21890000 21890000 21955000 21955000 21955000 21955000 21857000 21857000 21857000 21803000 21803000 21803000 21911000 21911000 21911000 21911000 21955000 21955000 21955000 21857000 21857000 21857000 21955000 21955000 21955000 21976000 21976000 21976000 21976000 21976000 21976000 21976000 22106000 22106000 22106000 22171000 22171000 22171000 22171000 22192000 22192000 22192000 22225000 22225000 22225000 22030000 22030000 22030000 22030000 22030000 22030000 22030000 22030000 22030000 22030000 22030000 22030000 22030000 22030000 22030000 22030000 22030000 22030000 22030000 22030000 22030000 22030000 22030000 22030000 22030000 22030000 22030000 22138000 22138000 22138000 22084000 22084000 22084000 22160000 22160000 22160000 22160000 22225000 22225000 22225000 22225000 22225000 22225000 22257000 22257000 22257000 22257000 22257000 22257000 22257000 22138000 22138000 22138000 22084000 22084000 22084000 22052000 22052000 22052000 22052000 22030000 22030000 22030000 22030000 22030000 22030000 22030000 22030000 22030000 22030000 22030000 22030000 22030000 22138000 22138000 22138000 22084000 22084000 22084000 22084000 22052000 22052000 22052000 21965000 21965000 21965000 21998000 21998000 21998000 21998000 22019000 22019000 22019000 21944000 21944000 21944000 21998000 21998000 21998000 21998000 22019000 22019000 22019000 22019000 22019000 22019000 22063000 22063000 22063000 22063000 22063000 22063000 22063000 22063000 22063000 22063000 22063000 
voltage=10810000 10810000 10810000 10810000 10810000 10810000 10810000 10810000 10810000 10810000 10810000 10810000 10810000 10810000 10810000 10810000 10810000 10810000 10810000 10810000 10810000 10810000 10810000 10810000 10810000 10810000 10810000 10810000 10810000 10810000 10810000 10810000 10810000 10810000 10810000 10810000 10810000 10810000 10810000 10810000 10810000 10810000 10810000 10810000 10810000 10810000 10810000 10810000 10810000 10810000 10810000 10810000 10810000 10810000 10810000 10810000 10810000 10810000 10810000 10810000 10810000 10810000 10810000 10810000 10810000 10810000 10810000 10810000 10810000 10810000 10810000 10810000 10810000 10810000 10810000 10810000 10810000 10810000 10810000 10810000 10810000 10810000 10810000 10810000 10810000 10810000 10810000 10810000 10810000 10810000 10810000 10810000 10810000 10810000 10810000 10810000 10810000 10810000 10810000 10810000 10810000 10810000 10810000 10810000 10810000 10810000 10810000 10810000 10810000 10810000 10810000 10810000 10810000 10810000 10810000 10810000 10810000 10810000 10810000 10810000 10810000 10810000 10810000 10810000 10810000 10810000 10810000 10810000 10810000 10810000 10810000 10810000 10810000 10810000 10810000 10810000 10810000 10810000 10810000 10810000 10810000 10810000 10810000 10810000 10810000 10810000 10810000 10810000 10810000 10810000 10810000 10810000 10810000 10810000 10810000 10810000 10810000 10810000 10810000 10810000 10810000 10810000 10810000 10810000 10810000 10810000 10810000 10810000 10810000 10810000 10810000 10810000 10810000 10810000 10810000 10810000 10810000 10810000 10810000 10810000 10810000 10810000 10810000 10810000 10810000 10810000 10810000 10810000 10810000 10810000 10810000 10810000 10810000 10810000 10810000 10810000 10810000 10810000 10810000 10810000 
