RUN=0
name=cpuact
freq=2400
reads=200
time=5
samples=2e+02
start_time=7449.94
end_time=8457.7
energy=55055000 55055000 55055000 54947000 54947000 54947000 54947000 54839000 54839000 54839000 54752000 54752000 54752000 54644000 54644000 54644000 54644000 54547000 54547000 54547000 54439000 54439000 54439000 54331000 54331000 54331000 54331000 54222000 54222000 54222000 54104000 54104000 54104000 54006000 54006000 54006000 54006000 53898000 53898000 53898000 53790000 53790000 53790000 53682000 53682000 53682000 53682000 53585000 53585000 53585000 53477000 53477000 53477000 53368000 53368000 53368000 53271000 53271000 53271000 53271000 53163000 53163000 53163000 53044000 53044000 53044000 52936000 52936000 52936000 52936000 52828000 52828000 52828000 52731000 52731000 52731000 52623000 52623000 52623000 52623000 52504000 52504000 52504000 52396000 52396000 52396000 52298000 52298000 52298000 52298000 52190000 52190000 52190000 52071000 52071000 52071000 51963000 51963000 51963000 51855000 51855000 51855000 51855000 51758000 51758000 51758000 51628000 51628000 51628000 51531000 51531000 51531000 51531000 51423000 51423000 51423000 51304000 51304000 51304000 51217000 51217000 51217000 51109000 51109000 51109000 51109000 51001000 51001000 51001000 50904000 50904000 50904000 50807000 50807000 50807000 50807000 50709000 50709000 50709000 50601000 50601000 50601000 50504000 50504000 50504000 50407000 50407000 50407000 50407000 50298000 50298000 50298000 50190000 50190000 50190000 50104000 50104000 50104000 50104000 49996000 49996000 49996000 49898000 49898000 49898000 49801000 49801000 49801000 49704000 49704000 49704000 49704000 49596000 49596000 49596000 49509000 49509000 49509000 49401000 49401000 49401000 49401000 49293000 49293000 49293000 49185000 49185000 49185000 49099000 49099000 49099000 48990000 48990000 48990000 48990000 48893000 48893000 48893000 48796000 48796000 
power=9631000 9631000 9631000 16344000 16344000 16344000 16344000 19944000 19944000 19944000 22019000 22019000 22019000 23587000 23587000 23587000 23587000 23825000 23825000 23825000 24052000 24052000 24052000 24149000 24149000 24149000 24149000 24311000 24311000 24311000 24398000 24398000 24398000 24430000 24430000 24430000 24430000 24463000 24463000 24463000 24463000 24463000 24463000 24463000 24463000 24463000 24463000 24463000 24463000 24463000 24236000 24236000 24236000 24236000 24236000 24236000 24236000 24236000 24236000 24236000 24236000 24236000 24236000 24333000 24333000 24333000 24387000 24387000 24387000 24387000 24527000 24527000 24527000 24614000 24614000 24614000 24635000 24635000 24635000 24635000 24668000 24668000 24668000 24668000 24668000 24668000 24668000 24668000 24668000 24668000 24668000 24668000 24668000 24668000 24668000 24668000 24765000 24765000 24765000 24819000 24819000 24819000 24819000 24614000 24614000 24614000 24646000 24646000 24646000 24646000 24646000 24646000 24646000 24646000 24646000 24646000 24646000 24646000 24646000 24009000 24009000 24009000 23371000 23371000 23371000 23371000 23057000 23057000 23057000 22819000 22819000 22819000 22744000 22744000 22744000 22744000 22744000 22744000 22744000 22744000 22744000 22744000 22744000 22744000 22744000 22636000 22636000 22636000 22636000 22582000 22582000 22582000 22549000 22549000 22549000 22528000 22528000 22528000 22528000 22636000 22636000 22636000 22690000 22690000 22690000 22711000 22711000 22711000 22744000 22744000 22744000 22744000 22744000 22744000 22744000 22744000 22744000 22744000 22744000 22744000 22744000 22744000 22744000 22744000 22744000 22744000 22744000 22744000 22744000 22744000 22744000 22744000 22744000 22744000 22744000 22744000 22744000 22744000 22744000 22744000 
voltage=10810000 10810000 10810000 10810000 10810000 10810000 10810000 10810000 10810000 10810000 10810000 10810000 10810000 10810000 10810000 10810000 10810000 10810000 10810000 10810000 10810000 10810000 10810000 10810000 10810000 10810000 10810000 10810000 10810000 10810000 10810000 10810000 10810000 10810000 10810000 10810000 10810000 10810000 10810000 10810000 10810000 10810000 10810000 10810000 10810000 10810000 10810000 10810000 10810000 10810000 10810000 10810000 10810000 10810000 10810000 10810000 10810000 10810000 10810000 10810000 10810000 10810000 10810000 10810000 10810000 10810000 10810000 10810000 10810000 10810000 10810000 10810000 10810000 10810000 10810000 10810000 10810000 10810000 10810000 10810000 10810000 10810000 10810000 10810000 10810000 10810000 10810000 10810000 10810000 10810000 10810000 10810000 10810000 10810000 10810000 10810000 10810000 10810000 10810000 10810000 10810000 10810000 10810000 10810000 10810000 10810000 10810000 10810000 10810000 10810000 10810000 10810000 10810000 10810000 10810000 10810000 10810000 10810000 10810000 10810000 10810000 10810000 10810000 10810000 10810000 10810000 10810000 10810000 10810000 10810000 10810000 10810000 10810000 10810000 10810000 10810000 10810000 10810000 10810000 10810000 10810000 10810000 10810000 10810000 10810000 10810000 10810000 10810000 10810000 10810000 10810000 10810000 10810000 10810000 10810000 10810000 10810000 10810000 10810000 10810000 10810000 10810000 10810000 10810000 10810000 10810000 10810000 10810000 10810000 10810000 10810000 10810000 10810000 10810000 10810000 10810000 10810000 10810000 10810000 10810000 10810000 10810000 10810000 10810000 10810000 10810000 10810000 10810000 10810000 10810000 10810000 10810000 10810000 10810000 10810000 10810000 10810000 10810000 10810000 10810000 
