RUN=0
name=cpuact
freq=2400
reads=200
time=5
samples=2e+02
start_time=7460.45
end_time=8467.93
energy=53444000 53444000 53444000 53444000 53358000 53358000 53358000 53260000 53260000 53260000 53163000 53163000 53163000 53163000 53055000 53055000 53055000 52969000 52969000 52969000 52860000 52860000 52860000 52860000 52752000 52752000 52752000 52666000 52666000 52666000 52558000 52558000 52558000 52471000 52471000 52471000 52471000 52385000 52385000 52385000 52277000 52277000 52277000 52179000 52179000 52179000 52179000 52093000 52093000 52093000 52006000 52006000 52006000 51898000 51898000 51898000 51812000 51812000 51812000 51812000 51715000 51715000 51715000 51628000 51628000 51628000 51520000 51520000 51520000 51520000 51433000 51433000 51433000 51347000 51347000 51347000 51239000 51239000 51239000 51239000 51152000 51152000 51152000 51055000 51055000 51055000 50958000 50958000 50958000 50958000 50861000 50861000 50861000 50774000 50774000 50774000 50666000 50666000 50666000 50666000 50579000 50579000 50579000 50471000 50471000 50471000 50385000 50385000 50385000 50385000 50298000 50298000 50298000 50190000 50190000 50190000 50104000 50104000 50104000 50104000 49996000 49996000 49996000 49909000 49909000 49909000 49801000 49801000 49801000 49801000 49715000 49715000 49715000 49617000 49617000 49617000 49520000 49520000 49520000 49423000 49423000 49423000 49423000 49326000 49326000 49326000 49228000 49228000 49228000 49142000 49142000 49142000 49142000 49034000 49034000 49034000 48947000 48947000 48947000 48839000 48839000 48839000 48839000 48753000 48753000 48753000 48666000 48666000 48666000 48558000 48558000 48558000 48472000 48472000 48472000 48472000 48363000 48363000 48363000 48277000 48277000 48277000 48169000 48169000 48169000 48169000 48082000 48082000 48082000 47974000 47974000 47974000 47888000 47888000 47888000 47888000 47791000 47791000 47791000 47682000 
power=9610000 9610000 9610000 9610000 15858000 15858000 15858000 19274000 19274000 19274000 21338000 21338000 21338000 21338000 22711000 22711000 22711000 22949000 22949000 22949000 23165000 23165000 23165000 23165000 23284000 23284000 23284000 23446000 23446000 23446000 22982000 22982000 22982000 22290000 22290000 22290000 22290000 21965000 21965000 21965000 21717000 21717000 21717000 21620000 21620000 21620000 21620000 21620000 21620000 21620000 21620000 21620000 21620000 21717000 21717000 21717000 21782000 21782000 21782000 21782000 21609000 21609000 21609000 21641000 21641000 21641000 21641000 21641000 21641000 21641000 21749000 21749000 21749000 21803000 21803000 21803000 21825000 21825000 21825000 21825000 21857000 21857000 21857000 21857000 21857000 21857000 21857000 21857000 21857000 21857000 21857000 21857000 21857000 21965000 21965000 21965000 21901000 21901000 21901000 21901000 21879000 21879000 21879000 21987000 21987000 21987000 22019000 22019000 22019000 22019000 22041000 22041000 22041000 22074000 22074000 22074000 22074000 22074000 22074000 22074000 22074000 22074000 22074000 21868000 21868000 21868000 21868000 21868000 21868000 21868000 21868000 21868000 21868000 21868000 21868000 21868000 21868000 21868000 21868000 21868000 21868000 21868000 21868000 21868000 21868000 21868000 21868000 21868000 21868000 21868000 21868000 21868000 21868000 21868000 21868000 21868000 21868000 21868000 21868000 21868000 21868000 21868000 21868000 21868000 21868000 21868000 21868000 21868000 21868000 21868000 21868000 21868000 21868000 21868000 21868000 21868000 21868000 21868000 21868000 21987000 21987000 21987000 21933000 21933000 21933000 21933000 22009000 22009000 22009000 22063000 22063000 22063000 22063000 22063000 22063000 22063000 22095000 22095000 22095000 22095000 
voltage=10810000 10810000 10810000 10810000 10810000 10810000 10810000 10810000 10810000 10810000 10810000 10810000 10810000 10810000 10810000 10810000 10810000 10810000 10810000 10810000 10810000 10810000 10810000 10810000 10810000 10810000 10810000 10810000 10810000 10810000 10810000 10810000 10810000 10810000 10810000 10810000 10810000 10810000 10810000 10810000 10810000 10810000 10810000 10810000 10810000 10810000 10810000 10810000 10810000 10810000 10810000 10810000 10810000 10810000 10810000 10810000 10810000 10810000 10810000 10810000 10810000 10810000 10810000 10810000 10810000 10810000 10810000 10810000 10810000 10810000 10810000 10810000 10810000 10810000 10810000 10810000 10810000 10810000 10810000 10810000 10810000 10810000 10810000 10810000 10810000 10810000 10810000 10810000 10810000 10810000 10810000 10810000 10810000 10810000 10810000 10810000 10810000 10810000 10810000 10810000 10810000 10810000 10810000 10810000 10810000 10810000 10810000 10810000 10810000 10810000 10810000 10810000 10810000 10810000 10810000 10810000 10810000 10810000 10810000 10810000 10810000 10810000 10810000 10810000 10810000 10810000 10810000 10810000 10810000 10810000 10810000 10810000 10810000 10810000 10810000 10810000 10810000 10810000 10810000 10810000 10810000 10810000 10810000 10810000 10810000 10810000 10810000 10810000 10810000 10810000 10810000 10810000 10810000 10810000 10810000 10810000 10810000 10810000 10810000 10810000 10810000 10810000 10810000 10810000 10810000 10810000 10810000 10810000 10810000 10810000 10810000 10810000 10810000 10810000 10810000 10810000 10810000 10810000 10810000 10810000 10810000 10810000 10810000 10810000 10810000 10810000 10810000 10810000 10810000 10810000 10810000 10810000 10810000 10810000 10810000 10810000 10810000 10810000 10810000 10810000 
