RUN=0
name=cpuact
freq=1600
reads=200
time=5
samples=2e+02
start_time=3242.99
end_time=4248.72
energy=68416000 68416000 68362000 68362000 68362000 68265000 68265000 68265000 68265000 68189000 68189000 68189000 68103000 68103000 68103000 68027000 68027000 68027000 68027000 67940000 67940000 67940000 67854000 67854000 67854000 67778000 67778000 67778000 67681000 67681000 67681000 67681000 67594000 67594000 67594000 67519000 67519000 67519000 67432000 67432000 67432000 67432000 67335000 67335000 67335000 67259000 67259000 67259000 67173000 67173000 67173000 67173000 67086000 67086000 67086000 67000000 67000000 67000000 66924000 66924000 66924000 66924000 66827000 66827000 66827000 66740000 66740000 66740000 66654000 66654000 66654000 66578000 66578000 66578000 66578000 66481000 66481000 66481000 66395000 66395000 66395000 66308000 66308000 66308000 66308000 66232000 66232000 66232000 66135000 66135000 66135000 66049000 66049000 66049000 66049000 65962000 65962000 65962000 65876000 65876000 65876000 65800000 65800000 65800000 65800000 65703000 65703000 65703000 65616000 65616000 65616000 65530000 65530000 65530000 65432000 65432000 65432000 65432000 65357000 65357000 65357000 65270000 65270000 65270000 65184000 65184000 65184000 65184000 65087000 65087000 65087000 65000000 65000000 65000000 64924000 64924000 64924000 64924000 64838000 64838000 64838000 64751000 64751000 64751000 64654000 64654000 64654000 64654000 64568000 64568000 64568000 64492000 64492000 64492000 64405000 64405000 64405000 64405000 64308000 64308000 64308000 64222000 64222000 64222000 64146000 64146000 64146000 64060000 64060000 64060000 64060000 63962000 63962000 63962000 63876000 63876000 63876000 63789000 63789000 63789000 63789000 63714000 63714000 63714000 63627000 63627000 63627000 63530000 63530000 63530000 63530000 63443000 63443000 63443000 63357000 63357000 63357000 63260000 63260000 63260000 
power=7502000 7502000 12269000 12269000 12269000 16106000 16106000 16106000 16106000 18171000 18171000 18171000 19803000 19803000 19803000 20203000 20203000 20203000 20203000 20366000 20366000 20366000 20528000 20528000 20528000 20430000 20430000 20430000 20495000 20495000 20495000 20495000 20647000 20647000 20647000 20582000 20582000 20582000 20549000 20549000 20549000 20549000 20549000 20549000 20549000 20647000 20647000 20647000 20701000 20701000 20701000 20701000 20722000 20722000 20722000 20766000 20766000 20766000 20766000 20766000 20766000 20766000 20766000 20766000 20766000 20766000 20766000 20766000 20766000 20766000 20766000 20863000 20863000 20863000 20863000 20928000 20928000 20928000 20766000 20766000 20766000 20809000 20809000 20809000 20809000 20809000 20809000 20809000 20809000 20809000 20809000 20809000 20809000 20809000 20809000 20809000 20809000 20809000 20809000 20809000 20809000 20809000 20809000 20809000 20809000 20917000 20917000 20917000 20863000 20863000 20863000 20830000 20830000 20830000 20830000 20830000 20830000 20830000 20809000 20809000 20809000 20809000 20809000 20809000 20809000 20809000 20809000 20809000 20809000 20809000 20809000 20809000 20809000 20809000 20809000 20809000 20809000 20809000 20809000 20809000 20809000 20809000 20809000 20809000 20809000 20809000 20809000 20809000 20809000 20809000 20809000 20625000 20625000 20625000 20625000 20625000 20625000 20625000 20625000 20625000 20625000 20625000 20625000 20625000 20625000 20625000 20625000 20625000 20625000 20625000 20625000 20625000 20625000 20625000 20625000 20625000 20625000 20625000 20625000 20625000 20625000 20625000 20625000 20625000 20625000 20625000 20625000 20744000 20744000 20744000 20744000 20679000 20679000 20679000 20766000 20766000 20766000 20701000 20701000 20701000 
voltage=10810000 10810000 10810000 10810000 10810000 10810000 10810000 10810000 10810000 10810000 10810000 10810000 10810000 10810000 10810000 10810000 10810000 10810000 10810000 10810000 10810000 10810000 10810000 10810000 10810000 10810000 10810000 10810000 10810000 10810000 10810000 10810000 10810000 10810000 10810000 10810000 10810000 10810000 10810000 10810000 10810000 10810000 10810000 10810000 10810000 10810000 10810000 10810000 10810000 10810000 10810000 10810000 10810000 10810000 10810000 10810000 10810000 10810000 10810000 10810000 10810000 10810000 10810000 10810000 10810000 10810000 10810000 10810000 10810000 10810000 10810000 10810000 10810000 10810000 10810000 10810000 10810000 10810000 10810000 10810000 10810000 10810000 10810000 10810000 10810000 10810000 10810000 10810000 10810000 10810000 10810000 10810000 10810000 10810000 10810000 10810000 10810000 10810000 10810000 10810000 10810000 10810000 10810000 10810000 10810000 10810000 10810000 10810000 10810000 10810000 10810000 10810000 10810000 10810000 10810000 10810000 10810000 10810000 10810000 10810000 10810000 10810000 10810000 10810000 10810000 10810000 10810000 10810000 10810000 10810000 10810000 10810000 10810000 10810000 10810000 10810000 10810000 10810000 10810000 10810000 10810000 10810000 10810000 10810000 10810000 10810000 10810000 10810000 10810000 10810000 10810000 10810000 10810000 10810000 10810000 10810000 10810000 10810000 10810000 10810000 10810000 10810000 10810000 10810000 10810000 10810000 10810000 10810000 10810000 10810000 10810000 10810000 10810000 10810000 10810000 10810000 10810000 10810000 10810000 10810000 10810000 10810000 10810000 10810000 10810000 10810000 10810000 10810000 10810000 10810000 10810000 10810000 10810000 10810000 10810000 10810000 10810000 10810000 10810000 10810000 
