RUN=0
name=cpuact
freq=1200
reads=200
time=5
samples=2e+02
start_time=10783.1
end_time=11790.8
energy=47272000 47272000 47272000 47272000 47196000 47196000 47196000 47109000 47109000 47109000 47034000 47034000 47034000 47034000 46937000 46937000 46937000 46850000 46850000 46850000 46774000 46774000 46774000 46688000 46688000 46688000 46688000 46601000 46601000 46601000 46504000 46504000 46504000 46428000 46428000 46428000 46428000 46342000 46342000 46342000 46255000 46255000 46255000 46158000 46158000 46158000 46158000 46083000 46083000 46083000 45996000 45996000 45996000 45910000 45910000 45910000 45812000 45812000 45812000 45812000 45726000 45726000 45726000 45650000 45650000 45650000 45564000 45564000 45564000 45564000 45477000 45477000 45477000 45380000 45380000 45380000 45293000 45293000 45293000 45207000 45207000 45207000 45207000 45131000 45131000 45131000 45034000 45034000 45034000 44947000 44947000 44947000 44947000 44861000 44861000 44861000 44764000 44764000 44764000 44677000 44677000 44677000 44677000 44591000 44591000 44591000 44493000 44493000 44493000 44407000 44407000 44407000 44407000 44321000 44321000 44321000 44245000 44245000 44245000 44158000 44158000 44158000 44158000 44061000 44061000 44061000 43975000 43975000 43975000 43888000 43888000 43888000 43791000 43791000 43791000 43791000 43704000 43704000 43704000 43618000 43618000 43618000 43521000 43521000 43521000 43521000 43434000 43434000 43434000 43348000 43348000 43348000 43250000 43250000 43250000 43250000 43164000 43164000 43164000 43088000 43088000 43088000 43002000 43002000 43002000 43002000 42904000 42904000 42904000 42818000 42818000 42818000 42731000 42731000 42731000 42731000 42634000 42634000 42634000 42548000 42548000 42548000 42461000 42461000 42461000 42375000 42375000 42375000 42375000 42277000 42277000 42277000 42191000 42191000 42191000 42104000 42104000 42104000 42104000 42007000 
power=8929000 8929000 8929000 8929000 13880000 13880000 13880000 16333000 16333000 16333000 17922000 17922000 17922000 17922000 19036000 19036000 19036000 19090000 19090000 19090000 19230000 19230000 19230000 19285000 19285000 19285000 19285000 19306000 19306000 19306000 19436000 19436000 19436000 19490000 19490000 19490000 19490000 19414000 19414000 19414000 19490000 19490000 19490000 19339000 19339000 19339000 19339000 19339000 19339000 19339000 19371000 19371000 19371000 19371000 19371000 19371000 19371000 19371000 19371000 19371000 19371000 19371000 19371000 19371000 19371000 19371000 19479000 19479000 19479000 19479000 19533000 19533000 19533000 19555000 19555000 19555000 19587000 19587000 19587000 19587000 19587000 19587000 19587000 19587000 19587000 19587000 19587000 19587000 19587000 19685000 19685000 19685000 19685000 19630000 19630000 19630000 19706000 19706000 19706000 19760000 19760000 19760000 19760000 19760000 19760000 19760000 19793000 19793000 19793000 19609000 19609000 19609000 19609000 19609000 19609000 19609000 19609000 19609000 19609000 19609000 19609000 19609000 19609000 19609000 19609000 19609000 19717000 19717000 19717000 19663000 19663000 19663000 19630000 19630000 19630000 19630000 19630000 19630000 19630000 19609000 19609000 19609000 19609000 19609000 19609000 19609000 19609000 19609000 19609000 19609000 19609000 19609000 19609000 19609000 19609000 19609000 19609000 19609000 19609000 19609000 19609000 19609000 19609000 19609000 19609000 19609000 19717000 19717000 19717000 19771000 19771000 19771000 19793000 19793000 19793000 19793000 19825000 19825000 19825000 19717000 19717000 19717000 19663000 19663000 19663000 19630000 19630000 19630000 19630000 19609000 19609000 19609000 19609000 19609000 19609000 19609000 19609000 19609000 19609000 19609000 
voltage=10810000 10810000 10810000 10810000 10810000 10810000 10810000 10810000 10810000 10810000 10810000 10810000 10810000 10810000 10810000 10810000 10810000 10810000 10810000 10810000 10810000 10810000 10810000 10810000 10810000 10810000 10810000 10810000 10810000 10810000 10810000 10810000 10810000 10810000 10810000 10810000 10810000 10810000 10810000 10810000 10810000 10810000 10810000 10810000 10810000 10810000 10810000 10810000 10810000 10810000 10810000 10810000 10810000 10810000 10810000 10810000 10810000 10810000 10810000 10810000 10810000 10810000 10810000 10810000 10810000 10810000 10810000 10810000 10810000 10810000 10810000 10810000 10810000 10810000 10810000 10810000 10810000 10810000 10810000 10810000 10810000 10810000 10810000 10810000 10810000 10810000 10810000 10810000 10810000 10810000 10810000 10810000 10810000 10810000 10810000 10810000 10810000 10810000 10810000 10810000 10810000 10810000 10810000 10810000 10810000 10810000 10810000 10810000 10810000 10810000 10810000 10810000 10810000 10810000 10810000 10810000 10810000 10810000 10810000 10810000 10810000 10810000 10810000 10810000 10810000 10810000 10810000 10810000 10810000 10810000 10810000 10810000 10810000 10810000 10810000 10810000 10810000 10810000 10810000 10810000 10810000 10810000 10810000 10810000 10810000 10810000 10810000 10810000 10810000 10810000 10810000 10810000 10810000 10810000 10810000 10810000 10810000 10810000 10810000 10810000 10810000 10810000 10810000 10810000 10810000 10810000 10810000 10810000 10810000 10810000 10810000 10810000 10810000 10810000 10810000 10810000 10810000 10810000 10810000 10810000 10810000 10810000 10810000 10810000 10810000 10810000 10810000 10810000 10810000 10810000 10810000 10810000 10810000 10810000 10810000 10810000 10810000 10810000 10810000 10810000 
