RUN=0
name=cpuact
freq=2000
reads=200
time=5
samples=2e+02
start_time=5351.15
end_time=6357.95
energy=61108000 61108000 61108000 61011000 61011000 61011000 60935000 60935000 60935000 60849000 60849000 60849000 60849000 60763000 60763000 60763000 60654000 60654000 60654000 60568000 60568000 60568000 60568000 60471000 60471000 60471000 60384000 60384000 60384000 60298000 60298000 60298000 60298000 60200000 60200000 60200000 60114000 60114000 60114000 60006000 60006000 60006000 60006000 59919000 59919000 59919000 59833000 59833000 59833000 59736000 59736000 59736000 59736000 59649000 59649000 59649000 59563000 59563000 59563000 59455000 59455000 59455000 59368000 59368000 59368000 59368000 59271000 59271000 59271000 59184000 59184000 59184000 59076000 59076000 59076000 59076000 58990000 58990000 58990000 58903000 58903000 58903000 58806000 58806000 58806000 58806000 58709000 58709000 58709000 58611000 58611000 58611000 58525000 58525000 58525000 58417000 58417000 58417000 58417000 58330000 58330000 58330000 58244000 58244000 58244000 58146000 58146000 58146000 58146000 58049000 58049000 58049000 57952000 57952000 57952000 57865000 57865000 57865000 57779000 57779000 57779000 57779000 57682000 57682000 57682000 57595000 57595000 57595000 57509000 57509000 57509000 57509000 57411000 57411000 57411000 57325000 57325000 57325000 57249000 57249000 57249000 57249000 57163000 57163000 57163000 57076000 57076000 57076000 56979000 56979000 56979000 56979000 56893000 56893000 56893000 56817000 56817000 56817000 56730000 56730000 56730000 56730000 56633000 56633000 56633000 56547000 56547000 56547000 56460000 56460000 56460000 56363000 56363000 56363000 56363000 56287000 56287000 56287000 56201000 56201000 56201000 56114000 56114000 56114000 56114000 56017000 56017000 56017000 55930000 55930000 55930000 55844000 55844000 55844000 55844000 55768000 55768000 55768000 55682000 55682000 
power=7610000 7610000 7610000 13836000 13836000 13836000 17425000 17425000 17425000 19360000 19360000 19360000 19360000 21133000 21133000 21133000 21382000 21382000 21382000 21576000 21576000 21576000 21576000 21771000 21771000 21771000 21879000 21879000 21879000 21749000 21749000 21749000 21749000 21890000 21890000 21890000 21836000 21836000 21836000 21803000 21803000 21803000 21803000 21803000 21803000 21803000 21782000 21782000 21782000 21782000 21782000 21782000 21782000 21890000 21890000 21890000 21836000 21836000 21836000 21803000 21803000 21803000 21803000 21803000 21803000 21803000 21890000 21890000 21890000 21955000 21955000 21955000 22084000 22084000 22084000 22084000 22171000 22171000 22171000 22192000 22192000 22192000 22030000 22030000 22030000 22030000 22030000 22030000 22030000 22030000 22030000 22030000 22030000 22030000 22030000 22030000 22030000 22030000 22030000 22030000 22030000 22030000 22030000 22030000 22030000 22030000 22030000 22030000 22030000 22138000 22138000 22138000 22203000 22203000 22203000 22106000 22106000 22106000 21317000 21317000 21317000 21317000 20895000 20895000 20895000 20679000 20679000 20679000 20495000 20495000 20495000 20495000 20495000 20495000 20495000 20495000 20495000 20495000 20376000 20376000 20376000 20376000 20430000 20430000 20430000 20463000 20463000 20463000 20463000 20463000 20463000 20463000 20495000 20495000 20495000 20495000 20495000 20495000 20376000 20376000 20376000 20376000 20322000 20322000 20322000 20398000 20398000 20398000 20430000 20430000 20430000 20463000 20463000 20463000 20463000 20495000 20495000 20495000 20495000 20495000 20495000 20495000 20495000 20495000 20495000 20495000 20495000 20495000 20495000 20495000 20495000 20495000 20495000 20495000 20495000 20495000 20495000 20495000 20495000 20495000 
voltage=10810000 10810000 10810000 10810000 10810000 10810000 10810000 10810000 10810000 10810000 10810000 10810000 10810000 10810000 10810000 10810000 10810000 10810000 10810000 10810000 10810000 10810000 10810000 10810000 10810000 10810000 10810000 10810000 10810000 10810000 10810000 10810000 10810000 10810000 10810000 10810000 10810000 10810000 10810000 10810000 10810000 10810000 10810000 10810000 10810000 10810000 10810000 10810000 10810000 10810000 10810000 10810000 10810000 10810000 10810000 10810000 10810000 10810000 10810000 10810000 10810000 10810000 10810000 10810000 10810000 10810000 10810000 10810000 10810000 10810000 10810000 10810000 10810000 10810000 10810000 10810000 10810000 10810000 10810000 10810000 10810000 10810000 10810000 10810000 10810000 10810000 10810000 10810000 10810000 10810000 10810000 10810000 10810000 10810000 10810000 10810000 10810000 10810000 10810000 10810000 10810000 10810000 10810000 10810000 10810000 10810000 10810000 10810000 10810000 10810000 10810000 10810000 10810000 10810000 10810000 10810000 10810000 10810000 10810000 10810000 10810000 10810000 10810000 10810000 10810000 10810000 10810000 10810000 10810000 10810000 10810000 10810000 10810000 10810000 10810000 10810000 10810000 10810000 10810000 10810000 10810000 10810000 10810000 10810000 10810000 10810000 10810000 10810000 10810000 10810000 10810000 10810000 10810000 10810000 10810000 10810000 10810000 10810000 10810000 10810000 10810000 10810000 10810000 10810000 10810000 10810000 10810000 10810000 10810000 10810000 10810000 10810000 10810000 10810000 10810000 10810000 10810000 10810000 10810000 10810000 10810000 10810000 10810000 10810000 10810000 10810000 10810000 10810000 10810000 10810000 10810000 10810000 10810000 10810000 10810000 10810000 10810000 10810000 10810000 10810000 
