RUN=0
name=cpuact
freq=2000
reads=200
time=5
samples=2e+02
start_time=6567.5
end_time=7573.86
energy=63141000 63087000 63087000 63087000 63087000 63000000 63000000 63000000 62903000 62903000 62903000 62816000 62816000 62816000 62816000 62708000 62708000 62708000 62622000 62622000 62622000 62535000 62535000 62535000 62535000 62438000 62438000 62438000 62352000 62352000 62352000 62243000 62243000 62243000 62243000 62157000 62157000 62157000 62071000 62071000 62071000 61973000 61973000 61973000 61973000 61887000 61887000 61887000 61779000 61779000 61779000 61692000 61692000 61692000 61692000 61606000 61606000 61606000 61508000 61508000 61508000 61422000 61422000 61422000 61314000 61314000 61314000 61314000 61227000 61227000 61227000 61141000 61141000 61141000 61033000 61033000 61033000 61033000 60946000 60946000 60946000 60849000 60849000 60849000 60752000 60752000 60752000 60752000 60654000 60654000 60654000 60568000 60568000 60568000 60460000 60460000 60460000 60460000 60373000 60373000 60373000 60287000 60287000 60287000 60179000 60179000 60179000 60179000 60092000 60092000 60092000 59995000 59995000 59995000 59898000 59898000 59898000 59898000 59800000 59800000 59800000 59714000 59714000 59714000 59606000 59606000 59606000 59606000 59519000 59519000 59519000 59411000 59411000 59411000 59325000 59325000 59325000 59238000 59238000 59238000 59238000 59130000 59130000 59130000 59044000 59044000 59044000 58946000 58946000 58946000 58946000 58838000 58838000 58838000 58752000 58752000 58752000 58665000 58665000 58665000 58557000 58557000 58557000 58557000 58471000 58471000 58471000 58374000 58374000 58374000 58276000 58276000 58276000 58276000 58179000 58179000 58179000 58092000 58092000 58092000 57984000 57984000 57984000 57898000 57898000 57898000 57898000 57790000 57790000 57790000 57703000 57703000 57703000 57617000 57617000 57617000 57617000 57509000 57509000 57509000 
power=7426000 11209000 11209000 11209000 11209000 15966000 15966000 15966000 18668000 18668000 18668000 20474000 20474000 20474000 20474000 21274000 21274000 21274000 21555000 21555000 21555000 21663000 21663000 21663000 21663000 21836000 21836000 21836000 21955000 21955000 21955000 22084000 22084000 22084000 22084000 22052000 22052000 22052000 21911000 21911000 21911000 21782000 21782000 21782000 21782000 21782000 21782000 21782000 21782000 21782000 21782000 21814000 21814000 21814000 21814000 21814000 21814000 21814000 21814000 21814000 21814000 21814000 21814000 21814000 21814000 21814000 21814000 21814000 21911000 21911000 21911000 21976000 21976000 21976000 21998000 21998000 21998000 21998000 22030000 22030000 22030000 22030000 22030000 22030000 22138000 22138000 22138000 22138000 22203000 22203000 22203000 22225000 22225000 22225000 22257000 22257000 22257000 22257000 22257000 22257000 22257000 22257000 22257000 22257000 22063000 22063000 22063000 22063000 22063000 22063000 22063000 22063000 22063000 22063000 22063000 22063000 22063000 22063000 22160000 22160000 22160000 22214000 22214000 22214000 22138000 22138000 22138000 22138000 22214000 22214000 22214000 22138000 22138000 22138000 22084000 22084000 22084000 22084000 22084000 22084000 22084000 22063000 22063000 22063000 22063000 22063000 22063000 22063000 22063000 22063000 22063000 22063000 22063000 22063000 22063000 22063000 22063000 22063000 22063000 22063000 22063000 22063000 22063000 22063000 22063000 22063000 22063000 22063000 22063000 22063000 22063000 22063000 22063000 22063000 22063000 22063000 22063000 22063000 22063000 22063000 22063000 22063000 22063000 22063000 22063000 22063000 22063000 22063000 22063000 22063000 22063000 22063000 22063000 22063000 22063000 22063000 22063000 22160000 22160000 22160000 
voltage=10810000 10810000 10810000 10810000 10810000 10810000 10810000 10810000 10810000 10810000 10810000 10810000 10810000 10810000 10810000 10810000 10810000 10810000 10810000 10810000 10810000 10810000 10810000 10810000 10810000 10810000 10810000 10810000 10810000 10810000 10810000 10810000 10810000 10810000 10810000 10810000 10810000 10810000 10810000 10810000 10810000 10810000 10810000 10810000 10810000 10810000 10810000 10810000 10810000 10810000 10810000 10810000 10810000 10810000 10810000 10810000 10810000 10810000 10810000 10810000 10810000 10810000 10810000 10810000 10810000 10810000 10810000 10810000 10810000 10810000 10810000 10810000 10810000 10810000 10810000 10810000 10810000 10810000 10810000 10810000 10810000 10810000 10810000 10810000 10810000 10810000 10810000 10810000 10810000 10810000 10810000 10810000 10810000 10810000 10810000 10810000 10810000 10810000 10810000 10810000 10810000 10810000 10810000 10810000 10810000 10810000 10810000 10810000 10810000 10810000 10810000 10810000 10810000 10810000 10810000 10810000 10810000 10810000 10810000 10810000 10810000 10810000 10810000 10810000 10810000 10810000 10810000 10810000 10810000 10810000 10810000 10810000 10810000 10810000 10810000 10810000 10810000 10810000 10810000 10810000 10810000 10810000 10810000 10810000 10810000 10810000 10810000 10810000 10810000 10810000 10810000 10810000 10810000 10810000 10810000 10810000 10810000 10810000 10810000 10810000 10810000 10810000 10810000 10810000 10810000 10810000 10810000 10810000 10810000 10810000 10810000 10810000 10810000 10810000 10810000 10810000 10810000 10810000 10810000 10810000 10810000 10810000 10810000 10810000 10810000 10810000 10810000 10810000 10810000 10810000 10810000 10810000 10810000 10810000 10810000 10810000 10810000 10810000 10810000 10810000 
