RUN=0
name=cam1
width=640
height=480
fps=15
realfps=14.97
reads=199
time=5
samples=2e+02
start_time=12802
end_time=13802.1
energy=46147000 46093000 46093000 46093000 46093000 46050000 46050000 46050000 45996000 45996000 45996000 45953000 45953000 45953000 45899000 45899000 45899000 45899000 45845000 45845000 45845000 45801000 45801000 45801000 45758000 45758000 45758000 45758000 45693000 45693000 45693000 45650000 45650000 45650000 45607000 45607000 45607000 45542000 45542000 45542000 45542000 45499000 45499000 45499000 45456000 45456000 45456000 45391000 45391000 45391000 45391000 45347000 45347000 45347000 45304000 45304000 45304000 45239000 45239000 45239000 45239000 45196000 45196000 45196000 45153000 45153000 45153000 45099000 45099000 45099000 45045000 45045000 45045000 45045000 45002000 45002000 45002000 44947000 44947000 44947000 44904000 44904000 44904000 44904000 44839000 44839000 44839000 44796000 44796000 44796000 44753000 44753000 44753000 44688000 44688000 44688000 44688000 44645000 44645000 44645000 44602000 44602000 44602000 44537000 44537000 44537000 44537000 44493000 44493000 44493000 44439000 44439000 44439000 44385000 44385000 44385000 44385000 44342000 44342000 44342000 44288000 44288000 44288000 44245000 44245000 44245000 44191000 44191000 44191000 44191000 44137000 44137000 44137000 44093000 44093000 44093000 44050000 44050000 44050000 44050000 43985000 43985000 43985000 43942000 43942000 43942000 43877000 43877000 43877000 43834000 43834000 43834000 43834000 43791000 43791000 43791000 43726000 43726000 43726000 43683000 43683000 43683000 43683000 43639000 43639000 43639000 43585000 43585000 43585000 43531000 43531000 43531000 43531000 43477000 43477000 43477000 43434000 43434000 43434000 43391000 43391000 43391000 43326000 43326000 43326000 43326000 43283000 43283000 43283000 43240000 43240000 43240000 43175000 43175000 43175000 43175000 43131000 43131000 43131000 
power=10701000 10874000 10874000 10874000 10874000 11177000 11177000 11177000 11199000 11199000 11199000 11361000 11361000 11361000 11328000 11328000 11328000 11328000 11382000 11382000 11382000 11436000 11436000 11436000 11436000 11436000 11436000 11436000 11469000 11469000 11469000 11469000 11469000 11469000 11469000 11469000 11469000 11469000 11469000 11469000 11469000 11361000 11361000 11361000 11512000 11512000 11512000 11491000 11491000 11491000 11491000 11458000 11458000 11458000 11491000 11491000 11491000 11469000 11469000 11469000 11469000 11469000 11469000 11469000 11469000 11469000 11469000 11469000 11469000 11469000 11361000 11361000 11361000 11361000 11415000 11415000 11415000 11545000 11545000 11545000 11491000 11491000 11491000 11491000 11491000 11491000 11491000 11491000 11491000 11491000 11469000 11469000 11469000 11566000 11566000 11566000 11566000 11512000 11512000 11512000 11599000 11599000 11599000 11653000 11653000 11653000 11653000 11545000 11545000 11545000 11512000 11512000 11512000 11491000 11491000 11491000 11491000 11469000 11469000 11469000 11372000 11372000 11372000 11372000 11372000 11372000 11372000 11372000 11372000 11372000 11372000 11372000 11372000 11372000 11372000 11372000 11372000 11372000 11372000 11372000 11469000 11469000 11469000 11523000 11523000 11523000 11447000 11447000 11447000 11523000 11523000 11523000 11523000 11447000 11447000 11447000 11491000 11491000 11491000 11545000 11545000 11545000 11545000 11447000 11447000 11447000 11523000 11523000 11523000 11447000 11447000 11447000 11447000 11491000 11491000 11491000 11447000 11447000 11447000 11393000 11393000 11393000 11393000 11393000 11393000 11393000 11372000 11372000 11372000 11469000 11469000 11469000 11415000 11415000 11415000 11415000 11491000 11491000 11491000 
voltage=10810000 10810000 10810000 10810000 10810000 10810000 10810000 10810000 10810000 10810000 10810000 10810000 10810000 10810000 10810000 10810000 10810000 10810000 10810000 10810000 10810000 10810000 10810000 10810000 10810000 10810000 10810000 10810000 10810000 10810000 10810000 10810000 10810000 10810000 10810000 10810000 10810000 10810000 10810000 10810000 10810000 10810000 10810000 10810000 10810000 10810000 10810000 10810000 10810000 10810000 10810000 10810000 10810000 10810000 10810000 10810000 10810000 10810000 10810000 10810000 10810000 10810000 10810000 10810000 10810000 10810000 10810000 10810000 10810000 10810000 10810000 10810000 10810000 10810000 10810000 10810000 10810000 10810000 10810000 10810000 10810000 10810000 10810000 10810000 10810000 10810000 10810000 10810000 10810000 10810000 10810000 10810000 10810000 10810000 10810000 10810000 10810000 10810000 10810000 10810000 10810000 10810000 10810000 10810000 10810000 10810000 10810000 10810000 10810000 10810000 10810000 10810000 10810000 10810000 10810000 10810000 10810000 10810000 10810000 10810000 10810000 10810000 10810000 10810000 10810000 10810000 10810000 10810000 10810000 10810000 10810000 10810000 10810000 10810000 10810000 10810000 10810000 10810000 10810000 10810000 10810000 10810000 10810000 10810000 10810000 10810000 10810000 10810000 10810000 10810000 10810000 10810000 10810000 10810000 10810000 10810000 10810000 10810000 10810000 10810000 10810000 10810000 10810000 10810000 10810000 10810000 10810000 10810000 10810000 10810000 10810000 10810000 10810000 10810000 10810000 10810000 10810000 10810000 10810000 10810000 10810000 10810000 10810000 10810000 10810000 10810000 10810000 10810000 10810000 10810000 10810000 10810000 10810000 10810000 10810000 10810000 10810000 10810000 10810000 
captureT=5.889904 5.856598 5.887514 5.885442 5.84954 5.847324 5.884572 6.203295 5.813901 5.733783 5.706311 5.678407 6.062834 5.655958 5.627042 5.687682 6.077761 5.657834 5.761076 5.762109 6.152227 5.732321 6.116979 6.089524 5.741499 5.65526 6.111646 5.70498 6.124501 5.731526 5.716426 5.752631 5.639022 6.173584 6.177678 5.787101 5.853141 5.868293 5.831119 6.28775 6.044298 6.255342 5.834882 5.796022 6.206771 5.890083 5.849393 5.893563 5.839834 6.209417 5.809373 5.802311 5.869551 5.868129 6.226016 6.212528 6.292007 5.862896 5.809941 6.215398 5.859683 5.883567 5.871037 5.855416 5.871525 6.003422 5.962997 6.021906 5.929378 6.353704 6.439943 6.067529 6.004165 6.027688 5.958466 5.949818 6.357157 6.361815 6.321982 5.886506 6.054738 6.039708 6.025229 6.008671 6.015087 5.96309 6.035849 6.081432 5.984515 5.952836 6.363108 5.950788 6.036139 6.03747 5.952592 6.361518 6.36423 5.997091 5.980784 6.023306 6.023101 6.031724 6.012474 6.36265 5.91522 6.001255 6.001141 6.343612 6.309204 6.356257 6.040383 6.003539 5.98227 5.972053 5.972526 5.939702 5.939237 5.965757 6.06607 6.014763 6.007088 6.002294 6.005724 5.977995 6.048147 5.994839 6.1062 6.081432 6.350797 6.316662 5.909215 6.032516 6.468706 6.017652 5.976326 6.3358 6.0387 5.972872 6.064153 6.326761 6.018652 5.955583 6.286316 6.302778 5.903645 5.935147 6.02609 5.979061 5.92967 5.889 6.12169 5.995295 5.954331 6.57657 5.860709 5.915421 5.980032 5.972097 6.074621 6.346356 6.011962 5.931996 6.085999 5.977063 5.98122 5.958387 6.294938 6.262493 5.871312 6.035096 5.980551 6.338711 5.906644 6.378006 5.942633 5.936749 5.937739 6.28515 6.282376 6.267295 5.95688 5.978692 12.246989 6.28507 6.249711 5.939391 5.941506 6.338691 5.928963 6.286072 6.306673 6.252609 5.923921 5.983546 6.018954 5.908887 5.961688 5.95995 5.974477 
sleepT=60.246484 60.27576 60.356316 60.361295 60.377879 60.382995 60.349828 60.037096 60.421652 60.500135 60.539517 60.544637 60.181226 60.584209 60.792618 60.555436 60.148929 60.583011 60.49184 60.476311 60.080525 60.467675 60.128067 60.161591 60.488697 60.577008 60.138082 60.551364 60.113477 60.514068 60.44601 60.488819 60.595408 60.058249 60.059004 60.371934 60.389065 60.552005 60.394211 59.959021 60.188206 59.969153 60.409924 60.443097 60.028381 60.351798 60.400906 60.523677 60.405216 60.040231 60.437507 60.439454 60.3721 60.37962 60.006767 60.028348 59.955178 60.356951 60.432261 60.030607 60.388926 60.35934 60.375109 60.390513 60.352114 60.241478 60.281982 60.19791 60.31083 59.888114 59.903609 60.172581 60.250516 60.209098 60.294787 60.21693 59.888892 59.872892 59.925691 60.278971 60.177115 60.194949 60.217929 60.235637 60.227881 60.28374 60.208663 60.160634 60.268922 60.211067 59.871181 60.205413 60.208332 60.382347 60.2773 59.884718 59.884077 60.24061 60.189211 60.228654 60.21159 60.191595 60.240582 60.057327 60.325696 60.242712 60.243384 59.899733 59.938449 59.809137 60.194588 60.237848 60.258927 60.245006 60.266194 60.303443 60.310434 60.180857 60.179387 60.21701 60.148595 60.238689 60.240245 60.257912 60.190597 60.267417 60.320203 60.16158 59.892071 59.930255 60.337115 60.215347 59.779605 60.216925 60.263838 59.917403 60.198015 60.258373 60.179774 59.918586 60.225535 60.287288 59.952932 59.936661 60.346099 60.228626 60.20956 60.260849 60.306567 60.529373 60.119339 60.251943 60.292894 59.638231 60.389219 60.265789 60.255117 60.279425 60.168504 60.094864 60.230595 60.24777 60.156274 60.276669 60.263589 60.294412 59.938643 59.99175 60.375078 60.133877 60.258423 59.912845 60.251956 59.870633 60.300332 60.315104 60.296587 59.963465 59.96658 59.977113 60.286021 60.269014 54.180079 59.962884 59.993714 60.222381 60.311557 59.89872 60.304878 59.956267 59.933755 59.994473 60.226612 60.257701 60.224037 60.321937 60.283893 60.283612 60.267662 
