RUN=0
name=cam1
width=640
height=480
fps=5
realfps=4.997
reads=199
time=5
samples=2e+02
start_time=2235.07
end_time=3235.34
energy=72621000 72621000 72621000 72567000 72567000 72567000 72524000 72524000 72524000 72524000 72481000 72481000 72481000 72437000 72437000 72437000 72394000 72394000 72394000 72351000 72351000 72351000 72351000 72297000 72297000 72297000 72275000 72275000 72275000 72221000 72221000 72221000 72221000 72178000 72178000 72178000 72135000 72135000 72135000 72091000 72091000 72091000 72091000 72048000 72048000 72048000 72005000 72005000 72005000 71951000 71951000 71951000 71908000 71908000 71908000 71908000 71864000 71864000 71864000 71821000 71821000 71821000 71778000 71778000 71778000 71778000 71735000 71735000 71735000 71691000 71691000 71691000 71637000 71637000 71637000 71637000 71594000 71594000 71594000 71551000 71551000 71551000 71508000 71508000 71508000 71464000 71464000 71464000 71464000 71421000 71421000 71421000 71367000 71367000 71367000 71324000 71324000 71324000 71324000 71281000 71281000 71281000 71237000 71237000 71237000 71194000 71194000 71194000 71194000 71162000 71162000 71162000 71118000 71118000 71118000 71075000 71075000 71075000 71032000 71032000 71032000 71032000 70978000 70978000 70978000 70935000 70935000 70935000 70891000 70891000 70891000 70891000 70848000 70848000 70848000 70805000 70805000 70805000 70762000 70762000 70762000 70762000 70708000 70708000 70708000 70664000 70664000 70664000 70621000 70621000 70621000 70578000 70578000 70578000 70578000 70535000 70535000 70535000 70492000 70492000 70492000 70437000 70437000 70437000 70437000 70394000 70394000 70394000 70351000 70351000 70351000 70308000 70308000 70308000 70308000 70265000 70265000 70265000 70221000 70221000 70221000 70167000 70167000 70167000 70124000 70124000 70124000 70124000 70081000 70081000 70081000 70037000 70037000 70037000 69994000 69994000 69994000 69994000 69951000 
power=10291000 10291000 10291000 10658000 10658000 10658000 10701000 10701000 10701000 10701000 10723000 10723000 10723000 10874000 10874000 10874000 10939000 10939000 10939000 10961000 10961000 10961000 10961000 10993000 10993000 10993000 10874000 10874000 10874000 10939000 10939000 10939000 10939000 10961000 10961000 10961000 10961000 10961000 10961000 10993000 10993000 10993000 10993000 10993000 10993000 10993000 10993000 10993000 10993000 10993000 10993000 10993000 10993000 10993000 10993000 10993000 10993000 10993000 10993000 10993000 10993000 10993000 10993000 10993000 10993000 10993000 10993000 10993000 10993000 10993000 10993000 10993000 10993000 10993000 10993000 10993000 10993000 10993000 10993000 10993000 10993000 10993000 10993000 10993000 10993000 10993000 10993000 10993000 10993000 10993000 10993000 10993000 10993000 10993000 10993000 10993000 10993000 10993000 10993000 10993000 10993000 10993000 10993000 10993000 10993000 10993000 10993000 10993000 10993000 10993000 10993000 10993000 10874000 10874000 10874000 10939000 10939000 10939000 10961000 10961000 10961000 10961000 10961000 10961000 10961000 10993000 10993000 10993000 10993000 10993000 10993000 10993000 10993000 10993000 10993000 10993000 10993000 10993000 10993000 10993000 10993000 10993000 10993000 10993000 10993000 10993000 10993000 10993000 10907000 10907000 10907000 10907000 10907000 10907000 10907000 10907000 10907000 10907000 10907000 10907000 10907000 10907000 10907000 10907000 10907000 10907000 10907000 10907000 10907000 10907000 10907000 10907000 10907000 10907000 10907000 10907000 10907000 10907000 10907000 10907000 10907000 10907000 10907000 10907000 10907000 10907000 10907000 10907000 10907000 10907000 10907000 10907000 10907000 10907000 10907000 10907000 10907000 10907000 10907000 
voltage=10810000 10810000 10810000 10810000 10810000 10810000 10810000 10810000 10810000 10810000 10810000 10810000 10810000 10810000 10810000 10810000 10810000 10810000 10810000 10810000 10810000 10810000 10810000 10810000 10810000 10810000 10810000 10810000 10810000 10810000 10810000 10810000 10810000 10810000 10810000 10810000 10810000 10810000 10810000 10810000 10810000 10810000 10810000 10810000 10810000 10810000 10810000 10810000 10810000 10810000 10810000 10810000 10810000 10810000 10810000 10810000 10810000 10810000 10810000 10810000 10810000 10810000 10810000 10810000 10810000 10810000 10810000 10810000 10810000 10810000 10810000 10810000 10810000 10810000 10810000 10810000 10810000 10810000 10810000 10810000 10810000 10810000 10810000 10810000 10810000 10810000 10810000 10810000 10810000 10810000 10810000 10810000 10810000 10810000 10810000 10810000 10810000 10810000 10810000 10810000 10810000 10810000 10810000 10810000 10810000 10810000 10810000 10810000 10810000 10810000 10810000 10810000 10810000 10810000 10810000 10810000 10810000 10810000 10810000 10810000 10810000 10810000 10810000 10810000 10810000 10810000 10810000 10810000 10810000 10810000 10810000 10810000 10810000 10810000 10810000 10810000 10810000 10810000 10810000 10810000 10810000 10810000 10810000 10810000 10810000 10810000 10810000 10810000 10810000 10810000 10810000 10810000 10810000 10810000 10810000 10810000 10810000 10810000 10810000 10810000 10810000 10810000 10810000 10810000 10810000 10810000 10810000 10810000 10810000 10810000 10810000 10810000 10810000 10810000 10810000 10810000 10810000 10810000 10810000 10810000 10810000 10810000 10810000 10810000 10810000 10810000 10810000 10810000 10810000 10810000 10810000 10810000 10810000 10810000 10810000 10810000 10810000 10810000 10810000 
captureT=6.355983 6.288701 6.620572 6.282607 6.304497 6.338859 6.598142 6.299952 6.269336 6.183147 6.236889 6.222852 6.622994 6.265808 6.193852 6.581648 6.554681 6.321127 6.225394 6.379843 6.238467 6.535405 6.584725 6.214197 6.240415 6.580762 6.187848 6.220393 6.535759 6.604892 6.331816 6.177994 6.22265 6.745297 6.635191 6.510588 6.313098 6.234349 6.615482 6.320411 6.296127 6.402885 6.434522 10.989114 6.323506 6.225453 6.515667 6.283512 6.235489 6.624224 6.296892 6.311435 6.697244 6.287364 6.305539 6.695325 6.240373 6.294212 6.216044 6.782219 6.707065 6.34029 6.405562 6.312218 6.231131 6.721958 6.391668 6.373889 6.275891 6.360063 6.356048 6.373489 6.4521 6.340865 6.738226 6.31802 6.347092 6.285053 6.693003 6.399427 6.410163 6.678877 6.293744 6.327553 6.704929 6.361947 6.315174 6.331352 6.717864 6.384084 6.338961 6.380637 6.358772 6.661972 6.326927 6.407017 6.774754 6.721899 6.32585 6.362886 6.720485 6.370196 6.341796 6.673718 6.264835 6.364701 6.657153 6.243025 6.356704 6.582324 6.690035 6.371324 6.401146 6.619265 6.231251 6.352595 6.271661 6.739459 6.378076 6.844719 6.32818 6.282959 6.2912 6.3415 6.383215 6.684355 6.343218 6.356717 6.285621 6.222238 6.297492 6.308537 6.609236 6.308526 6.3165 6.607072 6.324347 6.289179 6.727108 6.59477 6.306583 6.387861 6.604448 6.303852 6.385351 6.227739 6.669213 6.293766 6.325539 6.697457 6.276019 6.457652 6.264135 6.306205 6.283715 6.228682 6.594907 6.280994 6.349143 6.583844 6.309288 6.235347 6.391361 6.217863 6.315313 6.320969 6.592351 6.311538 6.712194 6.435213 6.317422 6.289744 6.428668 6.699255 6.292019 6.319758 6.638711 6.213278 6.301869 6.249465 6.248357 6.261641 6.259382 6.328895 6.370882 6.593999 6.290998 6.323331 6.608478 6.26859 6.295639 6.595706 6.726915 6.340289 6.301671 6.58249 6.268534 6.295286 6.249782 
sleepT=193.09037 193.25956 192.86415 193.29056 193.2706 193.22962 192.96833 193.26766 193.29302 193.38438 193.32911 193.27088 192.92607 193.30543 193.29691 192.9877 193.00604 193.24926 193.34364 193.3687 193.3273 192.94429 192.97476 193.35358 193.32717 192.98847 193.37789 193.34874 192.96399 193.13587 193.23548 193.38858 193.33435 192.75684 192.92023 193.05771 193.25126 193.25696 192.94554 193.2494 193.27235 193.16611 193.14622 187.34409 193.24194 193.34512 193.0475 193.30109 193.25412 192.94083 193.26781 193.25722 193.05435 193.2845 193.25946 192.80808 193.32661 193.27419 193.26829 192.78782 192.86474 193.24027 193.34203 193.25717 193.23881 192.84697 193.18623 193.20502 193.21222 193.20527 193.21413 193.19885 193.11004 193.23122 192.7525 193.26259 193.22532 193.20523 192.87321 193.17546 193.16752 192.88023 193.27515 193.22974 192.78507 193.39203 193.2521 193.15943 192.84956 193.18895 193.2281 193.19898 193.20588 192.82624 193.25148 193.34174 192.79326 192.84861 193.24361 193.21677 192.8499 193.19315 193.22167 192.82426 193.30086 193.1994 192.9103 193.32604 193.21879 192.9887 192.87225 193.19719 193.16797 192.87182 193.34031 193.21907 193.21698 192.8283 193.37367 192.72448 193.24121 193.28048 193.27789 193.22781 193.18634 192.88632 193.22458 193.21704 193.45674 193.34662 193.26872 193.17781 192.96481 193.25696 193.25415 192.88234 193.24548 193.27805 192.84068 192.95803 193.26118 193.18507 192.96437 193.26899 193.17241 193.2605 192.90373 193.27401 193.23858 192.87105 193.29065 193.29428 193.30391 193.26135 193.28831 193.2584 192.97322 193.28397 193.20904 192.98423 193.26255 193.51596 193.1764 193.35475 193.25432 193.24962 192.89313 193.25445 192.85502 193.13147 193.25189 193.27378 193.13953 192.86537 193.27806 193.24965 192.84062 193.35344 193.26076 193.24231 193.23222 193.30508 193.3047 193.2546 193.381 192.97119 193.27516 193.23946 192.89214 193.29856 193.26677 192.89418 192.83402 193.22773 193.26056 192.9792 193.29947 193.2832 193.31682 
