RUN=0
name=cam1
width=640
height=480
fps=25
realfps=24.92
reads=199
time=5
samples=2e+02
start_time=15600.6
end_time=16600.7
energy=41099000 41099000 41099000 41099000 41034000 41034000 41034000 40991000 40991000 40991000 40926000 40926000 40926000 40872000 40872000 40872000 40872000 40829000 40829000 40829000 40764000 40764000 40764000 40721000 40721000 40721000 40721000 40656000 40656000 40656000 40613000 40613000 40613000 40559000 40559000 40559000 40559000 40494000 40494000 40494000 40451000 40451000 40451000 40386000 40386000 40386000 40342000 40342000 40342000 40342000 40288000 40288000 40288000 40245000 40245000 40245000 40180000 40180000 40180000 40180000 40137000 40137000 40137000 40072000 40072000 40072000 40018000 40018000 40018000 39975000 39975000 39975000 39975000 39910000 39910000 39910000 39867000 39867000 39867000 39802000 39802000 39802000 39802000 39759000 39759000 39759000 39705000 39705000 39705000 39640000 39640000 39640000 39597000 39597000 39597000 39597000 39532000 39532000 39532000 39488000 39488000 39488000 39434000 39434000 39434000 39434000 39391000 39391000 39391000 39326000 39326000 39326000 39261000 39261000 39261000 39218000 39218000 39218000 39218000 39164000 39164000 39164000 39121000 39121000 39121000 39056000 39056000 39056000 39056000 39013000 39013000 39013000 38948000 38948000 38948000 38894000 38894000 38894000 38851000 38851000 38851000 38851000 38786000 38786000 38786000 38743000 38743000 38743000 38678000 38678000 38678000 38678000 38634000 38634000 38634000 38580000 38580000 38580000 38516000 38516000 38516000 38516000 38472000 38472000 38472000 38407000 38407000 38407000 38364000 38364000 38364000 38310000 38310000 38310000 38310000 38267000 38267000 38267000 38202000 38202000 38202000 38137000 38137000 38137000 38137000 38094000 38094000 38094000 38040000 38040000 38040000 37997000 37997000 37997000 37932000 37932000 37932000 37932000 37878000 
power=10896000 10896000 10896000 10896000 11426000 11426000 11426000 11609000 11609000 11609000 11804000 11804000 11804000 11858000 11858000 11858000 11858000 11804000 11804000 11804000 11912000 11912000 11912000 11836000 11836000 11836000 11836000 11804000 11804000 11804000 11912000 11912000 11912000 11945000 11945000 11945000 11945000 11966000 11966000 11966000 11891000 11891000 11891000 11945000 11945000 11945000 11858000 11858000 11858000 11858000 11912000 11912000 11912000 11858000 11858000 11858000 11912000 11912000 11912000 11912000 11858000 11858000 11858000 11912000 11912000 11912000 11858000 11858000 11858000 11804000 11804000 11804000 11804000 11912000 11912000 11912000 11836000 11836000 11836000 11804000 11804000 11804000 11804000 11912000 11912000 11912000 11836000 11836000 11836000 11804000 11804000 11804000 11912000 11912000 11912000 11912000 11945000 11945000 11945000 11966000 11966000 11966000 11891000 11891000 11891000 11891000 11945000 11945000 11945000 11966000 11966000 11966000 11966000 11966000 11966000 11891000 11891000 11891000 11891000 11836000 11836000 11836000 11750000 11750000 11750000 11696000 11696000 11696000 11696000 11804000 11804000 11804000 11728000 11728000 11728000 11804000 11804000 11804000 11858000 11858000 11858000 11858000 11858000 11858000 11858000 11782000 11782000 11782000 11728000 11728000 11728000 11728000 11804000 11804000 11804000 11728000 11728000 11728000 11804000 11804000 11804000 11804000 11858000 11858000 11858000 11858000 11858000 11858000 11891000 11891000 11891000 11891000 11891000 11891000 11891000 11891000 11891000 11891000 11891000 11891000 11891000 11891000 11891000 11891000 11891000 11891000 11891000 11891000 11891000 11891000 11891000 11891000 11891000 11891000 11782000 11782000 11782000 11782000 11836000 
voltage=10810000 10810000 10810000 10810000 10810000 10810000 10810000 10810000 10810000 10810000 10810000 10810000 10810000 10810000 10810000 10810000 10810000 10810000 10810000 10810000 10810000 10810000 10810000 10810000 10810000 10810000 10810000 10810000 10810000 10810000 10810000 10810000 10810000 10810000 10810000 10810000 10810000 10810000 10810000 10810000 10810000 10810000 10810000 10810000 10810000 10810000 10810000 10810000 10810000 10810000 10810000 10810000 10810000 10810000 10810000 10810000 10810000 10810000 10810000 10810000 10810000 10810000 10810000 10810000 10810000 10810000 10810000 10810000 10810000 10810000 10810000 10810000 10810000 10810000 10810000 10810000 10810000 10810000 10810000 10810000 10810000 10810000 10810000 10810000 10810000 10810000 10810000 10810000 10810000 10810000 10810000 10810000 10810000 10810000 10810000 10810000 10810000 10810000 10810000 10810000 10810000 10810000 10810000 10810000 10810000 10810000 10810000 10810000 10810000 10810000 10810000 10810000 10810000 10810000 10810000 10810000 10810000 10810000 10810000 10810000 10810000 10810000 10810000 10810000 10810000 10810000 10810000 10810000 10810000 10810000 10810000 10810000 10810000 10810000 10810000 10810000 10810000 10810000 10810000 10810000 10810000 10810000 10810000 10810000 10810000 10810000 10810000 10810000 10810000 10810000 10810000 10810000 10810000 10810000 10810000 10810000 10810000 10810000 10810000 10810000 10810000 10810000 10810000 10810000 10810000 10810000 10810000 10810000 10810000 10810000 10810000 10810000 10810000 10810000 10810000 10810000 10810000 10810000 10810000 10810000 10810000 10810000 10810000 10810000 10810000 10810000 10810000 10810000 10810000 10810000 10810000 10810000 10810000 10810000 10810000 10810000 10810000 10810000 10810000 
captureT=6.403337 6.400257 6.73081 6.322703 6.408485 6.743676 6.338362 6.751576 6.341334 6.179128 6.574998 6.165559 6.547362 6.575041 6.127424 6.189322 6.154276 6.216717 6.583432 6.167101 6.338185 6.207562 6.585069 6.162605 6.17407 6.577965 6.171916 6.172431 6.585176 6.149826 6.134498 6.101362 6.205676 6.355772 6.659188 6.685183 6.378382 6.363409 6.699579 6.371122 6.685213 6.344373 6.327646 6.677761 6.66687 6.683672 6.781774 6.342487 6.346875 6.298195 6.247872 6.329936 6.326672 6.646626 6.325188 6.318325 6.649764 6.272969 6.341948 6.239931 6.303641 6.30324 6.6547 6.251389 6.318632 6.469449 6.391866 6.391462 6.774947 15.212725 6.352486 6.36867 6.855395 6.390294 6.391634 6.3547 6.349369 6.248382 6.409956 6.320907 6.357267 6.726599 6.312994 6.383668 6.70251 6.310259 6.270976 6.358572 6.741423 6.367571 6.206574 6.310283 6.419592 6.67461 6.311919 6.384 6.685373 6.311171 6.357864 6.304336 6.317935 6.379565 6.690843 6.317795 6.281621 6.361652 6.36198 6.326414 6.302328 6.341304 6.389153 6.690151 6.734356 6.249025 6.316018 6.684054 6.315161 6.318949 6.354102 6.325257 6.346059 6.396314 6.628649 6.272273 6.353553 6.317263 6.743001 6.325445 6.411108 6.273532 6.283187 6.34177 6.599692 6.285867 6.340885 6.604387 6.272795 6.336287 6.683158 6.297199 6.289915 6.415796 6.695946 10.429304 6.269861 6.698683 9.095909 9.157576 6.339892 6.69748 9.972174 7.747351 6.310572 6.343217 6.700591 6.304044 6.33255 6.695666 6.303505 6.694245 6.32521 6.356965 6.772441 6.345032 6.775047 6.389067 6.467809 6.359917 6.364206 6.704635 6.794676 6.753634 6.367926 6.400604 6.808147 6.375735 6.42055 6.333005 6.470054 6.404565 6.373712 6.679198 6.383788 6.417175 6.863144 6.411416 6.778152 6.371903 6.398709 6.404815 6.750102 6.40723 6.418394 6.758787 6.413197 6.391134 6.788107 6.400821 6.61313 
sleepT=33.221866 33.149958 32.825895 33.249701 33.158245 32.815121 33.231095 32.804792 33.224644 33.382964 32.988147 33.405141 32.941166 33.171923 33.442637 33.382788 33.328284 33.350434 32.98921 33.402001 33.229441 33.348424 32.973394 33.583614 33.316118 32.982082 33.400615 33.316153 32.985099 33.423273 33.420338 33.469589 33.274497 33.206807 32.911539 32.869364 33.192529 33.207374 32.858035 33.198809 32.866937 33.226301 33.240383 32.801099 32.816748 32.892993 32.964137 33.228658 33.22327 33.190436 33.312706 33.243069 33.24375 32.8346 33.246117 33.254898 32.905547 33.29345 33.228605 33.319965 33.265234 33.267386 32.902697 33.31774 33.237611 33.101899 33.174557 33.181604 32.714964 24.570222 33.217743 33.197836 32.714833 33.190524 33.180466 33.203693 33.221268 33.321222 33.165378 33.245726 33.136748 32.837815 33.260175 33.188034 32.856942 33.261544 33.297809 33.215787 32.744992 33.114351 33.361559 33.259739 33.328782 32.883986 33.256422 33.183374 32.884187 33.250041 33.2104 33.182745 33.24834 33.185291 32.799983 33.254252 33.290924 33.217108 33.209101 33.158287 33.270076 33.22972 33.187649 32.799589 32.832882 33.321287 33.252646 33.064301 33.258797 33.251601 33.216922 33.243478 33.225323 33.161544 32.927685 33.293354 33.21702 33.431512 32.829203 33.242775 33.152464 33.284028 33.285435 33.23033 32.966403 33.286413 33.229458 32.953013 33.298477 33.237771 33.064986 33.265685 33.280047 33.155933 32.184572 29.162452 33.233183 32.795225 30.504177 30.420485 33.408094 32.875458 29.628304 31.839697 33.275998 33.234905 32.887432 33.279825 33.25042 32.88674 33.272919 32.811045 33.255481 33.143095 32.795956 33.234269 32.801594 33.189569 33.110643 33.215738 33.207978 32.789106 32.781771 32.986463 33.20649 33.176041 32.753113 33.202183 33.15158 33.23828 33.01978 33.174616 33.195547 32.811926 33.187865 33.15143 32.707516 33.163798 32.787261 33.202517 33.170421 33.170516 32.822734 33.163186 33.155073 32.81351 33.335695 33.17479 32.784688 33.173127 32.990666 
