RUN=0
name=cam1
width=640
height=480
fps=15
realfps=14.97
reads=199
time=5
samples=2e+02
start_time=4389.26
end_time=5389.33
energy=68059000 68016000 68016000 68016000 68016000 67973000 67973000 67973000 67919000 67919000 67919000 67875000 67875000 67875000 67832000 67832000 67832000 67832000 67789000 67789000 67789000 67724000 67724000 67724000 67681000 67681000 67681000 67681000 67638000 67638000 67638000 67594000 67594000 67594000 67551000 67551000 67551000 67551000 67508000 67508000 67508000 67454000 67454000 67454000 67400000 67400000 67400000 67400000 67357000 67357000 67357000 67313000 67313000 67313000 67259000 67259000 67259000 67259000 67216000 67216000 67216000 67173000 67173000 67173000 67130000 67130000 67130000 67086000 67086000 67086000 67086000 67022000 67022000 67022000 66978000 66978000 66978000 66935000 66935000 66935000 66935000 66892000 66892000 66892000 66849000 66849000 66849000 66794000 66794000 66794000 66794000 66751000 66751000 66751000 66697000 66697000 66697000 66654000 66654000 66654000 66654000 66600000 66600000 66600000 66557000 66557000 66557000 66513000 66513000 66513000 66513000 66470000 66470000 66470000 66405000 66405000 66405000 66362000 66362000 66362000 66319000 66319000 66319000 66319000 66276000 66276000 66276000 66232000 66232000 66232000 66189000 66189000 66189000 66189000 66135000 66135000 66135000 66081000 66081000 66081000 66038000 66038000 66038000 66038000 65995000 65995000 65995000 65941000 65941000 65941000 65897000 65897000 65897000 65897000 65854000 65854000 65854000 65800000 65800000 65800000 65746000 65746000 65746000 65746000 65703000 65703000 65703000 65659000 65659000 65659000 65616000 65616000 65616000 65573000 65573000 65573000 65573000 65508000 65508000 65508000 65465000 65465000 65465000 65422000 65422000 65422000 65422000 65378000 65378000 65378000 65335000 65335000 65335000 65281000 65281000 65281000 65281000 65227000 65227000 
power=10777000 10982000 10982000 10982000 10982000 11155000 11155000 11155000 11361000 11361000 11361000 11404000 11404000 11404000 11469000 11469000 11469000 11469000 11501000 11501000 11501000 11501000 11501000 11501000 11382000 11382000 11382000 11382000 11436000 11436000 11436000 11469000 11469000 11469000 11469000 11469000 11469000 11469000 11501000 11501000 11501000 11501000 11501000 11501000 11382000 11382000 11382000 11382000 11436000 11436000 11436000 11361000 11361000 11361000 11404000 11404000 11404000 11404000 11361000 11361000 11361000 11404000 11404000 11404000 11469000 11469000 11469000 11469000 11469000 11469000 11469000 11382000 11382000 11382000 11436000 11436000 11436000 11469000 11469000 11469000 11469000 11469000 11469000 11469000 11501000 11501000 11501000 11501000 11501000 11501000 11501000 11501000 11501000 11501000 11501000 11501000 11501000 11501000 11501000 11501000 11501000 11501000 11501000 11501000 11501000 11501000 11501000 11501000 11501000 11501000 11501000 11501000 11501000 11501000 11501000 11501000 11501000 11382000 11382000 11382000 11436000 11436000 11436000 11436000 11469000 11469000 11469000 11469000 11469000 11469000 11501000 11501000 11501000 11501000 11501000 11501000 11501000 11501000 11501000 11501000 11620000 11620000 11620000 11620000 11436000 11436000 11436000 11469000 11469000 11469000 11501000 11501000 11501000 11501000 11577000 11577000 11577000 11555000 11555000 11555000 11523000 11523000 11523000 11523000 11642000 11642000 11642000 11555000 11555000 11555000 11523000 11523000 11523000 11523000 11523000 11523000 11523000 11501000 11501000 11501000 11382000 11382000 11382000 11436000 11436000 11436000 11436000 11577000 11577000 11577000 11523000 11523000 11523000 11523000 11523000 11523000 11523000 11523000 11523000 
voltage=10810000 10810000 10810000 10810000 10810000 10810000 10810000 10810000 10810000 10810000 10810000 10810000 10810000 10810000 10810000 10810000 10810000 10810000 10810000 10810000 10810000 10810000 10810000 10810000 10810000 10810000 10810000 10810000 10810000 10810000 10810000 10810000 10810000 10810000 10810000 10810000 10810000 10810000 10810000 10810000 10810000 10810000 10810000 10810000 10810000 10810000 10810000 10810000 10810000 10810000 10810000 10810000 10810000 10810000 10810000 10810000 10810000 10810000 10810000 10810000 10810000 10810000 10810000 10810000 10810000 10810000 10810000 10810000 10810000 10810000 10810000 10810000 10810000 10810000 10810000 10810000 10810000 10810000 10810000 10810000 10810000 10810000 10810000 10810000 10810000 10810000 10810000 10810000 10810000 10810000 10810000 10810000 10810000 10810000 10810000 10810000 10810000 10810000 10810000 10810000 10810000 10810000 10810000 10810000 10810000 10810000 10810000 10810000 10810000 10810000 10810000 10810000 10810000 10810000 10810000 10810000 10810000 10810000 10810000 10810000 10810000 10810000 10810000 10810000 10810000 10810000 10810000 10810000 10810000 10810000 10810000 10810000 10810000 10810000 10810000 10810000 10810000 10810000 10810000 10810000 10810000 10810000 10810000 10810000 10810000 10810000 10810000 10810000 10810000 10810000 10810000 10810000 10810000 10810000 10810000 10810000 10810000 10810000 10810000 10810000 10810000 10810000 10810000 10810000 10810000 10810000 10810000 10810000 10810000 10810000 10810000 10810000 10810000 10810000 10810000 10810000 10810000 10810000 10810000 10810000 10810000 10810000 10810000 10810000 10810000 10810000 10810000 10810000 10810000 10810000 10810000 10810000 10810000 10810000 10810000 10810000 10810000 10810000 10810000 
captureT=6.344207 6.027019 5.946862 6.32547 6.319412 5.983473 5.986703 6.288388 5.974829 5.941201 5.921519 5.890544 5.87771 5.880497 6.261069 6.217327 6.208535 5.879691 5.878336 5.941332 5.930454 5.923811 5.886468 6.256415 6.212518 5.905127 5.883354 5.897264 5.940362 5.940593 5.91512 6.304949 5.891366 6.081961 6.053292 6.016281 5.998308 5.981649 6.380769 6.046375 6.081485 6.000172 6.102169 6.025072 6.02702 6.03553 6.002728 6.046057 6.311426 6.422841 5.991955 6.025497 6.000179 6.529768 5.985011 6.106321 6.062742 6.046962 6.016535 6.046297 5.993687 6.331539 6.314914 6.012427 5.972531 5.9362 6.013762 6.386683 6.384945 6.337077 5.942381 6.00715 5.973152 5.968566 5.88782 6.285755 6.283088 5.9504 5.923131 6.29452 6.29449 6.012265 6.009215 5.98686 5.964482 5.899453 6.289798 5.998838 5.97532 5.995235 5.980402 6.296672 5.946112 6.343496 5.939941 5.915169 6.003663 5.997813 5.975001 5.963306 5.96211 6.293895 5.902911 5.994811 6.061533 5.994216 5.963153 5.990392 5.947437 6.31077 6.287369 5.953685 6.339549 6.026695 6.013451 5.993686 5.992625 5.968432 5.912082 6.28252 6.366383 5.950118 5.993633 5.991176 5.995607 5.961328 6.279679 5.981346 6.386974 5.834058 6.328899 5.95342 5.897711 5.919135 5.876815 6.333357 6.225755 5.983013 5.879942 6.305514 6.216211 6.314223 5.878849 6.19992 5.900639 5.897922 5.906915 5.97805 5.879759 6.21603 5.939649 6.216144 5.893935 5.875828 5.894637 5.888378 6.333457 5.976635 5.935164 5.949312 5.935205 5.89717 5.891183 5.880889 6.230958 6.218904 5.881245 5.887373 5.876736 5.931954 5.922652 5.887619 5.883325 5.878059 6.225648 5.926514 5.900403 5.905583 5.878291 6.207222 5.951602 5.916146 5.916807 5.961191 5.855956 6.201557 6.241785 5.895927 6.225882 6.215238 5.901869 5.900307 5.882602 5.880684 5.927949 5.92636 5.900801 5.906002 6.28397 
sleepT=59.697828 60.190598 60.297298 59.920171 59.922416 60.178542 60.259242 59.950717 60.177492 60.306154 60.325816 60.335729 60.35825 60.36743 60.1627 60.026115 60.032722 60.36446 60.286179 60.302036 60.309931 60.295254 60.357074 60.0029 60.209494 60.33341 60.357465 60.265596 60.29756 60.306258 60.320372 59.853264 60.26814 60.1625 60.364951 60.216113 60.246414 60.265569 59.865273 60.196453 60.164848 60.238278 60.140651 60.210731 60.20911 60.210065 60.239759 60.220703 59.930887 59.739856 60.170976 60.212334 60.243878 59.718831 60.248747 60.136239 60.177787 60.175187 60.216478 60.208466 60.252729 59.912682 59.936324 60.235811 60.246112 60.225137 60.23092 60.040405 59.858844 59.907385 60.226772 60.238939 60.271995 60.272944 60.350383 59.9548 59.958763 60.38929 60.24109 59.945386 59.946236 60.217172 60.237913 60.24876 60.273911 60.341025 59.957688 60.42322 60.268738 60.240247 60.263933 59.953511 60.301146 59.825771 60.217613 60.255722 60.242924 60.420526 60.256241 60.279351 60.280841 59.938633 60.337022 60.244444 60.157084 60.229333 60.27786 60.248733 60.293729 59.929755 59.957731 60.283154 59.820869 60.21652 60.225974 60.241008 60.254704 60.264764 60.328272 59.963499 60.056685 60.199714 60.245508 60.240821 60.244724 60.281158 59.963272 60.239868 59.851054 60.421471 60.094978 60.27842 60.336161 60.232765 60.362517 59.909451 60.021273 60.25419 60.274772 59.929493 60.200675 59.927048 60.365292 59.968642 60.257827 60.348511 60.325721 60.258034 60.365604 60.025657 60.295887 60.030021 60.267857 60.289663 60.349103 60.269694 59.895442 60.265026 60.309177 60.283294 60.300819 60.332103 60.34962 60.362546 60.009711 60.021193 60.363891 60.270609 60.284316 60.30252 60.311694 60.343994 60.362904 60.540103 60.015151 60.317045 60.326147 60.331787 60.366848 60.033727 60.282233 60.323991 60.316326 60.458465 60.385599 60.04269 59.999966 60.358392 60.017825 60.027803 60.322085 60.330835 60.364756 60.45671 60.316462 60.31205 60.331774 60.333971 59.961166 
