RUN=0
name=cam1
width=640
height=480
fps=5
realfps=4.997
reads=199
time=5
samples=2e+02
start_time=13800.3
end_time=14800.6
energy=51369000 51369000 51315000 51315000 51315000 51271000 51271000 51271000 51228000 51228000 51228000 51228000 51185000 51185000 51185000 51120000 51120000 51120000 51077000 51077000 51077000 51034000 51034000 51034000 51034000 50990000 50990000 50990000 50947000 50947000 50947000 50904000 50904000 50904000 50904000 50850000 50850000 50850000 50796000 50796000 50796000 50752000 50752000 50752000 50709000 50709000 50709000 50709000 50655000 50655000 50655000 50612000 50612000 50612000 50558000 50558000 50558000 50558000 50504000 50504000 50504000 50461000 50461000 50461000 50417000 50417000 50417000 50417000 50374000 50374000 50374000 50331000 50331000 50331000 50266000 50266000 50266000 50223000 50223000 50223000 50223000 50180000 50180000 50180000 50136000 50136000 50136000 50093000 50093000 50093000 50093000 50028000 50028000 50028000 49985000 49985000 49985000 49942000 49942000 49942000 49898000 49898000 49898000 49898000 49844000 49844000 49844000 49801000 49801000 49801000 49747000 49747000 49747000 49747000 49704000 49704000 49704000 49650000 49650000 49650000 49607000 49607000 49607000 49607000 49563000 49563000 49563000 49509000 49509000 49509000 49455000 49455000 49455000 49412000 49412000 49412000 49412000 49369000 49369000 49369000 49326000 49326000 49326000 49261000 49261000 49261000 49261000 49217000 49217000 49217000 49174000 49174000 49174000 49131000 49131000 49131000 49131000 49088000 49088000 49088000 49023000 49023000 49023000 48980000 48980000 48980000 48936000 48936000 48936000 48936000 48893000 48893000 48893000 48850000 48850000 48850000 48785000 48785000 48785000 48785000 48742000 48742000 48742000 48699000 48699000 48699000 48655000 48655000 48655000 48601000 48601000 48601000 48601000 48558000 48558000 48558000 48504000 48504000 48504000 
power=10291000 10291000 10777000 10777000 10777000 10853000 10853000 10853000 10885000 10885000 10885000 10885000 10918000 10918000 10918000 10918000 10918000 10918000 10918000 10918000 10918000 10918000 10918000 10918000 10918000 10918000 10918000 10918000 10820000 10820000 10820000 10820000 10820000 10820000 10820000 10820000 10820000 10820000 10820000 10820000 10820000 10820000 10820000 10820000 10820000 10820000 10820000 10820000 10820000 10820000 10820000 10820000 10820000 10820000 10820000 10820000 10820000 10820000 10820000 10820000 10820000 10820000 10820000 10820000 10820000 10820000 10820000 10820000 10820000 10820000 10820000 10820000 10820000 10820000 10928000 10928000 10928000 10982000 10982000 10982000 10982000 11004000 11004000 11004000 10928000 10928000 10928000 10874000 10874000 10874000 10874000 10842000 10842000 10842000 10928000 10928000 10928000 10874000 10874000 10874000 10950000 10950000 10950000 10950000 11004000 11004000 11004000 11004000 11004000 11004000 11037000 11037000 11037000 11037000 10928000 10928000 10928000 10874000 10874000 10874000 10950000 10950000 10950000 10950000 10982000 10982000 10982000 10896000 10896000 10896000 10874000 10874000 10874000 10842000 10842000 10842000 10842000 10820000 10820000 10820000 10820000 10820000 10820000 10928000 10928000 10928000 10928000 10982000 10982000 10982000 11004000 11004000 11004000 10928000 10928000 10928000 10928000 10982000 10982000 10982000 11004000 11004000 11004000 11004000 11004000 11004000 11037000 11037000 11037000 11037000 10928000 10928000 10928000 10982000 10982000 10982000 11004000 11004000 11004000 11004000 11004000 11004000 11004000 11037000 11037000 11037000 10928000 10928000 10928000 10982000 10982000 10982000 10982000 11004000 11004000 11004000 11004000 11004000 11004000 
voltage=10810000 10810000 10810000 10810000 10810000 10810000 10810000 10810000 10810000 10810000 10810000 10810000 10810000 10810000 10810000 10810000 10810000 10810000 10810000 10810000 10810000 10810000 10810000 10810000 10810000 10810000 10810000 10810000 10810000 10810000 10810000 10810000 10810000 10810000 10810000 10810000 10810000 10810000 10810000 10810000 10810000 10810000 10810000 10810000 10810000 10810000 10810000 10810000 10810000 10810000 10810000 10810000 10810000 10810000 10810000 10810000 10810000 10810000 10810000 10810000 10810000 10810000 10810000 10810000 10810000 10810000 10810000 10810000 10810000 10810000 10810000 10810000 10810000 10810000 10810000 10810000 10810000 10810000 10810000 10810000 10810000 10810000 10810000 10810000 10810000 10810000 10810000 10810000 10810000 10810000 10810000 10810000 10810000 10810000 10810000 10810000 10810000 10810000 10810000 10810000 10810000 10810000 10810000 10810000 10810000 10810000 10810000 10810000 10810000 10810000 10810000 10810000 10810000 10810000 10810000 10810000 10810000 10810000 10810000 10810000 10810000 10810000 10810000 10810000 10810000 10810000 10810000 10810000 10810000 10810000 10810000 10810000 10810000 10810000 10810000 10810000 10810000 10810000 10810000 10810000 10810000 10810000 10810000 10810000 10810000 10810000 10810000 10810000 10810000 10810000 10810000 10810000 10810000 10810000 10810000 10810000 10810000 10810000 10810000 10810000 10810000 10810000 10810000 10810000 10810000 10810000 10810000 10810000 10810000 10810000 10810000 10810000 10810000 10810000 10810000 10810000 10810000 10810000 10810000 10810000 10810000 10810000 10810000 10810000 10810000 10810000 10810000 10810000 10810000 10810000 10810000 10810000 10810000 10810000 10810000 10810000 10810000 10810000 10810000 
captureT=6.398563 18.696469 6.338281 6.453856 6.735723 6.325229 6.405017 6.775837 6.656438 6.237232 6.230587 6.204357 6.594289 6.10874 6.184368 6.116629 6.213719 6.261134 6.204288 6.530818 6.236579 6.266908 6.613698 6.218419 6.274991 6.17464 6.141728 6.160256 6.137936 6.212073 6.242315 6.181543 6.501614 6.357859 6.255829 6.309744 6.358205 6.36106 6.643222 6.642476 6.327962 6.341454 6.25685 6.664495 6.349032 6.331444 6.338109 6.268953 6.644729 6.394575 6.337747 6.638225 6.657848 6.334204 6.32921 6.264426 6.696381 6.382796 6.33411 6.3546 6.259961 6.318683 6.325652 6.339629 6.333713 6.433935 6.421017 6.381652 6.446728 6.476864 6.445115 6.389759 6.7119 6.356331 6.463036 6.51373 6.860629 6.681875 6.426794 6.463095 6.385947 6.818366 6.466046 6.486729 6.401527 6.805975 6.835161 6.825615 6.408623 6.462759 6.471433 6.796492 6.445524 6.401109 6.696588 6.417204 6.461217 6.394427 6.844999 6.38261 6.457293 6.484358 6.826784 6.381739 6.419284 6.442081 6.887803 6.746944 6.410824 6.435651 8.261187 6.838927 6.472232 6.44758 6.493427 6.799566 6.712017 6.875793 6.542742 6.468188 6.706557 6.825294 6.506357 6.685143 6.737327 6.862326 6.416798 6.490445 6.449841 6.430235 6.5481 6.359885 6.691722 6.432516 6.467822 6.464129 6.842419 6.334954 6.409584 6.454325 6.705738 6.710683 6.315432 6.44408 6.416695 6.775081 6.402629 6.683175 6.461129 6.487536 6.799599 6.428355 6.489947 6.38798 6.413839 6.484607 6.893718 6.720678 6.493388 6.493042 6.815542 6.430917 6.733693 6.941501 6.71991 6.460984 6.480203 6.959997 6.425386 6.504799 6.408475 6.428041 6.483207 6.446475 6.760542 6.432551 6.419286 6.703699 6.41995 6.486524 6.804582 6.380021 6.500113 6.646252 6.848779 6.459002 6.547718 6.851983 6.452484 6.468944 6.459754 6.798744 6.45004 6.469027 6.830045 6.343484 6.478732 6.655502 6.902426 
sleepT=193.05612 167.9895 193.22725 193.11932 192.75346 193.24932 193.16482 192.78779 192.91168 193.33421 193.34056 193.35825 192.98276 193.46834 193.39116 193.45921 193.35937 193.31652 193.28732 193.04746 193.34186 193.29266 192.95943 193.35394 193.29933 193.39909 193.42797 193.41272 193.43716 193.35869 193.31888 193.39489 193.06609 193.21688 193.31443 193.26323 193.21567 193.21999 192.85473 192.93641 193.24999 193.23519 193.2404 192.90484 193.2261 193.24388 193.22756 193.30612 192.93159 193.17774 193.23696 192.85636 192.91645 193.23996 193.24504 193.23267 192.87979 193.19397 193.23911 193.20632 193.31321 193.25608 193.25404 193.23712 193.22691 193.14433 193.15739 193.1849 193.12917 193.0998 193.13097 193.10246 192.86433 193.21638 193.11128 193.06301 192.70393 192.8906 193.14449 193.10893 193.10839 192.74685 193.10573 193.08695 193.09369 192.7658 192.73239 192.7519 193.16999 193.11534 193.08961 192.70487 193.13513 193.17664 192.87964 193.15704 193.11746 193.09776 192.72365 193.19074 193.11933 193.07192 192.66394 193.19066 193.15448 193.1222 192.67529 192.82639 193.1653 193.14107 191.30401 192.73608 193.10235 193.13205 193.06831 192.77963 192.86781 192.69042 193.03875 193.10951 192.87487 192.74465 193.06139 192.88607 192.83945 192.73422 193.14734 193.08533 193.12016 193.14463 193.02468 193.14046 192.88515 193.14266 193.10237 193.09482 192.65115 193.25527 193.16781 193.11693 192.79746 192.87036 193.25976 193.13409 193.14753 192.80348 193.08309 192.89073 193.11446 193.08875 192.77728 193.14574 193.09107 193.19285 193.16164 193.09177 192.66621 192.85679 193.06839 193.06693 192.76114 193.16133 192.83963 192.62489 192.86259 193.11888 193.08708 192.61489 193.15327 193.07075 193.15849 193.14422 193.09239 193.06372 192.81183 193.14366 193.15198 192.87443 193.15162 193.08594 192.69077 193.18603 193.06433 192.91061 192.72902 193.12436 193.02778 192.64075 193.12318 193.11141 193.10244 192.77748 193.13014 193.10836 192.63849 193.22413 193.09676 192.9142 192.67092 
