RUN=0
name=cam1
width=640
height=480
fps=5
realfps=4.997
reads=199
time=5
samples=2e+02
start_time=2285.15
end_time=3285.36
energy=73648000 73616000 73616000 73616000 73572000 73572000 73572000 73572000 73529000 73529000 73529000 73486000 73486000 73486000 73443000 73443000 73443000 73399000 73399000 73399000 73399000 73345000 73345000 73345000 73302000 73302000 73302000 73259000 73259000 73259000 73259000 73216000 73216000 73216000 73172000 73172000 73172000 73129000 73129000 73129000 73129000 73075000 73075000 73075000 73032000 73032000 73032000 72989000 72989000 72989000 72945000 72945000 72945000 72945000 72902000 72902000 72902000 72870000 72870000 72870000 72826000 72826000 72826000 72826000 72783000 72783000 72783000 72740000 72740000 72740000 72686000 72686000 72686000 72686000 72643000 72643000 72643000 72599000 72599000 72599000 72556000 72556000 72556000 72556000 72513000 72513000 72513000 72470000 72470000 72470000 72416000 72416000 72416000 72372000 72372000 72372000 72372000 72329000 72329000 72329000 72286000 72286000 72286000 72243000 72243000 72243000 72243000 72199000 72199000 72199000 72156000 72156000 72156000 72102000 72102000 72102000 72102000 72059000 72059000 72059000 72016000 72016000 72016000 71983000 71983000 71983000 71983000 71940000 71940000 71940000 71897000 71897000 71897000 71854000 71854000 71854000 71854000 71810000 71810000 71810000 71756000 71756000 71756000 71713000 71713000 71713000 71713000 71670000 71670000 71670000 71627000 71627000 71627000 71583000 71583000 71583000 71540000 71540000 71540000 71540000 71497000 71497000 71497000 71443000 71443000 71443000 71400000 71400000 71400000 71400000 71356000 71356000 71356000 71313000 71313000 71313000 71270000 71270000 71270000 71270000 71227000 71227000 71227000 71173000 71173000 71173000 71129000 71129000 71129000 71129000 71086000 71086000 71086000 71043000 71043000 71043000 71000000 71000000 71000000 
power=10064000 10518000 10518000 10518000 10701000 10701000 10701000 10701000 10723000 10723000 10723000 10755000 10755000 10755000 10755000 10755000 10755000 10874000 10874000 10874000 10874000 10939000 10939000 10939000 10961000 10961000 10961000 10993000 10993000 10993000 10993000 10993000 10993000 10993000 10993000 10993000 10993000 10874000 10874000 10874000 10874000 10939000 10939000 10939000 10842000 10842000 10842000 10907000 10907000 10907000 10961000 10961000 10961000 10961000 10842000 10842000 10842000 10939000 10939000 10939000 10961000 10961000 10961000 10961000 10961000 10961000 10961000 10993000 10993000 10993000 10874000 10874000 10874000 10874000 10939000 10939000 10939000 10961000 10961000 10961000 10961000 10961000 10961000 10961000 10874000 10874000 10874000 10939000 10939000 10939000 10842000 10842000 10842000 10907000 10907000 10907000 10907000 10842000 10842000 10842000 10907000 10907000 10907000 10961000 10961000 10961000 10961000 10961000 10961000 10961000 10993000 10993000 10993000 10993000 10993000 10993000 10993000 10993000 10993000 10993000 10993000 10993000 10993000 10874000 10874000 10874000 10874000 10939000 10939000 10939000 10961000 10961000 10961000 10961000 10961000 10961000 10961000 10874000 10874000 10874000 10939000 10939000 10939000 10961000 10961000 10961000 10961000 10961000 10961000 10961000 10993000 10993000 10993000 10993000 10993000 10993000 10993000 10993000 10993000 10993000 10993000 10993000 10993000 10993000 10993000 10993000 10993000 10993000 10993000 10993000 10993000 10993000 10993000 10993000 10993000 10993000 10993000 10993000 10993000 10993000 10993000 10993000 10993000 10907000 10907000 10907000 10907000 10907000 10907000 10907000 10907000 10907000 10907000 10907000 10907000 10907000 10907000 10907000 10907000 
voltage=10810000 10810000 10810000 10810000 10810000 10810000 10810000 10810000 10810000 10810000 10810000 10810000 10810000 10810000 10810000 10810000 10810000 10810000 10810000 10810000 10810000 10810000 10810000 10810000 10810000 10810000 10810000 10810000 10810000 10810000 10810000 10810000 10810000 10810000 10810000 10810000 10810000 10810000 10810000 10810000 10810000 10810000 10810000 10810000 10810000 10810000 10810000 10810000 10810000 10810000 10810000 10810000 10810000 10810000 10810000 10810000 10810000 10810000 10810000 10810000 10810000 10810000 10810000 10810000 10810000 10810000 10810000 10810000 10810000 10810000 10810000 10810000 10810000 10810000 10810000 10810000 10810000 10810000 10810000 10810000 10810000 10810000 10810000 10810000 10810000 10810000 10810000 10810000 10810000 10810000 10810000 10810000 10810000 10810000 10810000 10810000 10810000 10810000 10810000 10810000 10810000 10810000 10810000 10810000 10810000 10810000 10810000 10810000 10810000 10810000 10810000 10810000 10810000 10810000 10810000 10810000 10810000 10810000 10810000 10810000 10810000 10810000 10810000 10810000 10810000 10810000 10810000 10810000 10810000 10810000 10810000 10810000 10810000 10810000 10810000 10810000 10810000 10810000 10810000 10810000 10810000 10810000 10810000 10810000 10810000 10810000 10810000 10810000 10810000 10810000 10810000 10810000 10810000 10810000 10810000 10810000 10810000 10810000 10810000 10810000 10810000 10810000 10810000 10810000 10810000 10810000 10810000 10810000 10810000 10810000 10810000 10810000 10810000 10810000 10810000 10810000 10810000 10810000 10810000 10810000 10810000 10810000 10810000 10810000 10810000 10810000 10810000 10810000 10810000 10810000 10810000 10810000 10810000 10810000 10810000 10810000 10810000 10810000 10810000 
captureT=6.026713 6.118732 6.369922 6.050244 6.089343 5.981595 6.42376 6.134298 6.124043 6.270025 5.892673 6.022217 5.961185 6.297668 5.988426 6.111363 6.295839 5.987357 6.347476 5.961606 6.02393 5.906566 5.95213 6.021138 5.936885 5.955249 6.266296 5.908421 6.644257 5.964179 6.27972 5.970694 6.015241 6.006039 6.539071 6.075507 6.066943 6.011084 6.260764 6.146319 6.100755 6.454904 6.119828 6.179588 6.041041 6.371758 6.136097 6.406921 6.489511 6.152901 6.624151 6.458183 6.244591 6.149027 6.458129 6.264039 6.140259 6.63987 6.172169 6.247622 6.123571 6.428275 6.121603 6.202841 6.45878 6.067653 6.100247 6.00256 5.987883 6.075791 6.089194 6.362369 6.039863 6.020341 6.383666 6.055302 6.082898 6.37597 5.975593 6.058401 6.026423 6.350102 6.383859 6.046821 6.075454 6.340592 6.380395 6.112192 6.019793 6.387265 6.05587 6.085509 6.080875 6.06728 6.389919 6.063339 6.078256 5.96648 6.049686 6.061628 6.01445 6.37196 6.051544 6.057333 6.379773 6.059661 6.101202 5.951771 5.98009 6.066984 6.013941 6.387569 6.055824 6.116659 6.408024 6.384478 6.369461 6.062121 6.024017 6.365641 6.064185 6.103885 6.397675 6.049646 6.152159 6.004434 6.382653 6.07443 6.027078 6.046424 6.379289 6.376909 5.991553 6.455282 6.301838 5.972039 6.020951 5.993359 6.049769 6.302319 5.981224 6.30782 6.009473 6.034125 6.027819 6.38778 6.313464 5.994683 6.043418 5.884409 5.930225 6.056244 5.983008 6.030469 5.894144 5.909564 6.467269 5.976973 6.31346 5.995304 6.048913 6.310276 5.975737 6.106314 5.89163 5.96254 6.032219 6.282356 5.89956 6.010494 6.04018 6.314961 6.002528 6.057257 6.321852 5.996875 6.272886 6.033847 6.300241 5.989568 6.076268 5.908349 5.899175 6.001361 6.028627 6.327642 6.014195 6.000439 5.887351 5.948623 5.960029 6.011175 6.045808 5.897646 5.908245 6.020957 6.06559 5.965825 6.299158 
sleepT=193.43744 193.43421 193.19731 193.51885 193.46071 193.51926 193.1457 193.44086 193.43997 193.29819 193.67953 193.5289 193.61281 193.27054 193.58273 193.45758 193.26501 193.76273 193.21251 193.5267 193.54189 193.65407 193.51794 193.54953 193.63757 193.53341 193.3058 193.84286 192.92731 193.52232 193.28734 193.60094 193.55047 193.56154 193.02915 193.49145 193.50835 193.5569 193.30906 193.42193 193.47151 193.1157 193.444 193.38382 193.52846 193.19933 193.4358 193.07498 193.08163 193.39149 193.13635 193.11245 193.32526 193.42063 193.10849 193.30607 193.42851 192.84561 193.39554 193.31277 193.62942 193.14088 193.45105 193.36317 193.09879 193.49784 193.46872 193.56183 193.57894 193.49187 193.47955 193.20335 193.53183 193.48708 193.19026 193.51333 193.48446 193.1925 193.59232 193.49885 193.45932 193.2093 193.18807 193.51841 193.49587 193.14668 193.18851 193.44895 193.56064 193.18088 193.51146 193.4788 193.46751 193.61067 193.17671 193.50486 193.49114 193.60353 193.52189 193.50566 193.55145 193.18889 193.50586 193.61545 193.1883 193.51255 193.46748 193.61582 193.58912 193.49233 193.55445 193.17619 193.50858 193.63722 193.08173 193.18253 193.19755 193.49286 193.46768 193.20171 193.50516 193.45637 193.17411 193.69976 193.40301 193.48506 193.18736 193.5003 193.53402 193.52584 193.11111 193.18779 193.56379 193.10779 193.26488 193.59671 193.56107 193.56851 193.52242 193.25901 193.58211 193.26082 193.54851 193.52038 193.53895 193.10295 193.26012 193.57334 193.5236 193.68271 193.64328 193.51739 193.58465 193.5372 193.67517 193.65328 193.27604 193.51477 193.24577 193.57217 193.52252 193.26452 193.59235 193.45832 193.67219 193.60678 193.72072 193.28487 193.66931 193.54694 193.44827 193.25378 193.56521 193.50998 193.2454 193.58461 193.47409 193.53783 193.27075 193.57641 193.49237 193.66478 193.67157 193.54051 193.53835 193.24869 193.72803 193.48722 193.68253 193.61927 193.618 193.54392 193.525 193.66711 193.6587 193.53209 193.50072 193.52083 193.27309 
