RUN=0
name=cam1
width=640
height=480
fps=5
realfps=4.997
reads=199
time=5
samples=2e+02
start_time=11390.5
end_time=12390.7
energy=53552000 53487000 53487000 53487000 53444000 53444000 53444000 53401000 53401000 53401000 53401000 53358000 53358000 53358000 53314000 53314000 53314000 53271000 53271000 53271000 53271000 53206000 53206000 53206000 53163000 53163000 53163000 53120000 53120000 53120000 53077000 53077000 53077000 53077000 53023000 53023000 53023000 52979000 52979000 52979000 52925000 52925000 52925000 52925000 52882000 52882000 52882000 52828000 52828000 52828000 52785000 52785000 52785000 52785000 52741000 52741000 52741000 52698000 52698000 52698000 52633000 52633000 52633000 52633000 52590000 52590000 52590000 52547000 52547000 52547000 52504000 52504000 52504000 52460000 52460000 52460000 52460000 52417000 52417000 52417000 52352000 52352000 52352000 52309000 52309000 52309000 52309000 52266000 52266000 52266000 52223000 52223000 52223000 52169000 52169000 52169000 52169000 52125000 52125000 52125000 52071000 52071000 52071000 52028000 52028000 52028000 51974000 51974000 51974000 51974000 51931000 51931000 51931000 51888000 51888000 51888000 51833000 51833000 51833000 51833000 51779000 51779000 51779000 51736000 51736000 51736000 51693000 51693000 51693000 51650000 51650000 51650000 51650000 51606000 51606000 51606000 51542000 51542000 51542000 51498000 51498000 51498000 51498000 51455000 51455000 51455000 51412000 51412000 51412000 51369000 51369000 51369000 51369000 51304000 51304000 51304000 51261000 51261000 51261000 51217000 51217000 51217000 51174000 51174000 51174000 51174000 51120000 51120000 51120000 51066000 51066000 51066000 51023000 51023000 51023000 51023000 50969000 50969000 50969000 50925000 50925000 50925000 50882000 50882000 50882000 50882000 50828000 50828000 50828000 50774000 50774000 50774000 50731000 50731000 50731000 50688000 50688000 50688000 50688000 
power=10247000 10626000 10626000 10626000 10874000 10874000 10874000 10853000 10853000 10853000 10853000 10885000 10885000 10885000 10918000 10918000 10918000 10918000 10918000 10918000 10918000 10918000 10918000 10918000 10918000 10918000 10918000 10918000 10918000 10918000 10918000 10918000 10918000 10918000 10918000 10918000 10918000 10918000 10918000 10918000 11026000 11026000 11026000 11026000 10972000 10972000 10972000 11047000 11047000 11047000 10993000 10993000 10993000 10993000 10939000 10939000 10939000 10939000 10939000 10939000 11026000 11026000 11026000 11026000 10972000 10972000 10972000 10939000 10939000 10939000 10939000 10939000 10939000 10918000 10918000 10918000 10918000 10918000 10918000 10918000 10918000 10918000 10918000 10918000 10918000 10918000 10918000 10918000 10918000 10918000 10918000 10918000 10918000 10918000 10918000 10918000 10918000 10918000 10918000 10918000 11026000 11026000 11026000 10972000 10972000 10972000 10939000 10939000 10939000 10939000 10939000 10939000 10939000 11026000 11026000 11026000 10972000 10972000 10972000 10972000 11047000 11047000 11047000 10993000 10993000 10993000 11047000 11047000 11047000 10993000 10993000 10993000 10993000 11047000 11047000 11047000 10993000 10993000 10993000 10939000 10939000 10939000 10939000 10939000 10939000 10939000 11026000 11026000 11026000 11080000 11080000 11080000 11080000 11101000 11101000 11101000 11026000 11026000 11026000 11080000 11080000 11080000 10896000 10896000 10896000 10896000 10950000 10950000 10950000 11004000 11004000 11004000 10896000 10896000 10896000 10896000 10874000 10874000 10874000 10950000 10950000 10950000 10982000 10982000 10982000 10982000 10896000 10896000 10896000 10874000 10874000 10874000 10950000 10950000 10950000 10982000 10982000 10982000 10982000 
voltage=10810000 10810000 10810000 10810000 10810000 10810000 10810000 10810000 10810000 10810000 10810000 10810000 10810000 10810000 10810000 10810000 10810000 10810000 10810000 10810000 10810000 10810000 10810000 10810000 10810000 10810000 10810000 10810000 10810000 10810000 10810000 10810000 10810000 10810000 10810000 10810000 10810000 10810000 10810000 10810000 10810000 10810000 10810000 10810000 10810000 10810000 10810000 10810000 10810000 10810000 10810000 10810000 10810000 10810000 10810000 10810000 10810000 10810000 10810000 10810000 10810000 10810000 10810000 10810000 10810000 10810000 10810000 10810000 10810000 10810000 10810000 10810000 10810000 10810000 10810000 10810000 10810000 10810000 10810000 10810000 10810000 10810000 10810000 10810000 10810000 10810000 10810000 10810000 10810000 10810000 10810000 10810000 10810000 10810000 10810000 10810000 10810000 10810000 10810000 10810000 10810000 10810000 10810000 10810000 10810000 10810000 10810000 10810000 10810000 10810000 10810000 10810000 10810000 10810000 10810000 10810000 10810000 10810000 10810000 10810000 10810000 10810000 10810000 10810000 10810000 10810000 10810000 10810000 10810000 10810000 10810000 10810000 10810000 10810000 10810000 10810000 10810000 10810000 10810000 10810000 10810000 10810000 10810000 10810000 10810000 10810000 10810000 10810000 10810000 10810000 10810000 10810000 10810000 10810000 10810000 10810000 10810000 10810000 10810000 10810000 10810000 10810000 10810000 10810000 10810000 10810000 10810000 10810000 10810000 10810000 10810000 10810000 10810000 10810000 10810000 10810000 10810000 10810000 10810000 10810000 10810000 10810000 10810000 10810000 10810000 10810000 10810000 10810000 10810000 10810000 10810000 10810000 10810000 10810000 10810000 10810000 10810000 10810000 10810000 
captureT=6.265908 6.003968 5.958421 6.003377 6.888694 6.141932 6.176847 6.129124 6.154218 6.03537 5.925638 6.388704 6.017081 6.008073 6.353987 6.021016 6.074819 6.340146 6.392103 6.069326 6.40889 6.389146 6.06084 6.074933 6.393169 6.356568 6.028825 6.032955 5.896585 6.342961 6.053488 5.982867 6.301055 6.046302 6.103379 6.102612 6.13683 6.008462 6.252774 6.264388 6.368428 6.419528 6.132737 6.096164 6.466813 6.163629 6.192103 6.222087 6.147277 6.176646 6.517724 6.495766 6.174245 6.504044 6.099193 6.122139 6.432785 6.159229 6.564976 6.290635 6.333188 6.523776 6.185458 6.348981 6.483492 6.085564 6.194571 6.104259 6.158277 6.185868 6.46551 6.094359 6.17996 6.158496 6.478506 6.148147 6.182613 6.1004 6.086953 6.180035 6.108971 6.470486 6.156218 6.200747 6.427505 6.062342 6.170188 6.093758 6.446002 6.14089 6.050406 6.064138 6.132553 6.101729 6.438232 6.44676 6.14825 6.160743 6.433333 6.476538 6.135206 6.197414 6.461928 6.1118 6.193174 6.097363 6.407385 6.095375 6.061196 6.269975 6.03768 6.055285 6.341815 6.402389 6.454185 6.022749 6.425601 6.053725 6.147099 6.050018 6.346917 6.01947 6.080109 6.413072 6.048459 6.079877 6.018527 6.346168 6.024579 6.480645 6.282723 6.019509 5.931607 6.26793 5.971299 5.99179 6.524825 6.249456 5.966456 5.948253 6.262543 5.941603 6.010327 6.26252 5.867525 6.316491 5.934551 6.071296 5.946451 6.285865 6.238128 5.963181 5.866151 6.274747 5.957306 5.877471 6.038886 5.938959 6.287074 5.926041 5.979936 6.197774 6.078739 5.923182 5.948655 6.213032 5.933816 5.916199 5.965985 6.172057 6.262947 5.946425 6.272755 5.834353 5.902609 5.965908 5.952547 6.242764 5.948948 6.005784 6.014481 6.378024 6.063934 5.970972 5.946426 6.269389 5.937899 6.000682 5.937781 6.333561 5.981078 6.000039 6.059765 6.280303 5.970091 6.028668 5.950621 6.29593 6.284748 
sleepT=193.19048 193.55137 193.6075 193.58119 192.6753 193.42778 193.39603 193.43741 193.41359 193.53771 193.65767 193.17996 193.54084 193.48785 193.21588 193.55395 193.48878 193.14695 193.17835 193.47689 193.16838 193.17364 193.50986 193.49166 193.17842 193.21988 193.52488 193.4553 193.67349 193.22976 193.69599 193.50611 193.26597 193.52429 193.46648 193.44463 193.43462 193.55591 193.31858 193.30582 193.29745 193.15021 193.41979 193.38842 193.10087 193.40963 193.37662 193.34143 193.42289 193.39727 193.16052 193.07615 193.38178 193.06377 193.47422 193.4489 193.12307 193.3274 193.00552 193.27874 193.23349 193.04871 193.38443 193.2283 192.99389 193.48117 193.36225 193.46624 193.41858 193.3825 193.02229 193.46991 193.37709 193.50654 193.08947 193.41929 193.38489 193.46491 193.48294 193.37648 193.37422 193.097 193.42177 193.55084 193.14512 193.50686 193.39944 193.47909 193.12399 193.43375 193.51972 193.50517 193.44026 193.4637 193.13104 193.11604 193.4237 193.40703 193.05187 193.09298 193.42143 193.37039 193.10464 193.45064 193.37449 193.47266 193.34201 193.47178 193.5068 193.30095 193.52737 193.51562 193.14662 193.1658 193.11677 193.47195 193.32403 193.51642 193.40875 193.43678 193.22518 193.54202 193.4883 193.16359 193.53883 193.48853 193.4726 193.22126 193.53336 193.18699 193.28516 193.5443 193.63883 193.30538 193.60402 193.58134 192.95777 193.32281 193.60207 193.72281 193.30855 193.62901 193.55988 193.31609 193.70416 193.25332 193.6338 193.49365 193.62814 193.2838 193.33077 193.59152 193.63655 193.29592 193.61119 193.68701 193.51868 193.56713 193.27668 193.64139 193.58875 193.37379 193.6699 193.63371 193.53625 193.36108 193.63552 193.66045 193.5914 193.31449 193.306 193.6365 193.47934 193.7351 193.66463 193.58969 193.54381 193.32402 193.62261 193.56132 193.55551 193.11586 193.50106 193.58992 193.5483 193.31666 193.63019 193.5729 193.63263 193.24248 193.60056 193.56763 193.50793 193.29048 193.60307 193.69387 193.61914 193.27558 193.28577 
