RUN=0
name=cam1
width=640
height=480
fps=15
realfps=14.97
reads=199
time=5
samples=2e+02
start_time=5611.26
end_time=6611.37
energy=72167000 72124000 72124000 72124000 72070000 72070000 72070000 72070000 72016000 72016000 72016000 71972000 71972000 71972000 71929000 71929000 71929000 71929000 71886000 71886000 71886000 71821000 71821000 71821000 71778000 71778000 71778000 71778000 71735000 71735000 71735000 71691000 71691000 71691000 71648000 71648000 71648000 71605000 71605000 71605000 71605000 71540000 71540000 71540000 71497000 71497000 71497000 71454000 71454000 71454000 71454000 71410000 71410000 71410000 71356000 71356000 71356000 71302000 71302000 71302000 71259000 71259000 71259000 71259000 71205000 71205000 71205000 71162000 71162000 71162000 71118000 71118000 71118000 71118000 71064000 71064000 71064000 71010000 71010000 71010000 70967000 70967000 70967000 70967000 70924000 70924000 70924000 70881000 70881000 70881000 70837000 70837000 70837000 70773000 70773000 70773000 70773000 70729000 70729000 70729000 70686000 70686000 70686000 70643000 70643000 70643000 70643000 70578000 70578000 70578000 70535000 70535000 70535000 70492000 70492000 70492000 70448000 70448000 70448000 70448000 70405000 70405000 70405000 70340000 70340000 70340000 70297000 70297000 70297000 70297000 70254000 70254000 70254000 70210000 70210000 70210000 70156000 70156000 70156000 70156000 70102000 70102000 70102000 70059000 70059000 70059000 69994000 69994000 69994000 69951000 69951000 69951000 69951000 69908000 69908000 69908000 69865000 69865000 69865000 69800000 69800000 69800000 69800000 69756000 69756000 69756000 69713000 69713000 69713000 69670000 69670000 69670000 69616000 69616000 69616000 69616000 69562000 69562000 69562000 69519000 69519000 69519000 69475000 69475000 69475000 69475000 69421000 69421000 69421000 69378000 69378000 69378000 69324000 69324000 69324000 69281000 69281000 69281000 69281000 
power=11015000 11101000 11101000 11101000 11339000 11339000 11339000 11339000 11447000 11447000 11447000 11555000 11555000 11555000 11674000 11674000 11674000 11674000 11577000 11577000 11577000 11555000 11555000 11555000 11523000 11523000 11523000 11523000 11501000 11501000 11501000 11501000 11501000 11501000 11501000 11501000 11501000 11501000 11501000 11501000 11501000 11501000 11501000 11501000 11620000 11620000 11620000 11555000 11555000 11555000 11555000 11642000 11642000 11642000 11696000 11696000 11696000 11577000 11577000 11577000 11674000 11674000 11674000 11674000 11696000 11696000 11696000 11696000 11696000 11696000 11620000 11620000 11620000 11620000 11674000 11674000 11674000 11696000 11696000 11696000 11696000 11696000 11696000 11696000 11620000 11620000 11620000 11674000 11674000 11674000 11577000 11577000 11577000 11642000 11642000 11642000 11642000 11577000 11577000 11577000 11642000 11642000 11642000 11696000 11696000 11696000 11696000 11696000 11696000 11696000 11739000 11739000 11739000 11739000 11739000 11739000 11739000 11739000 11739000 11739000 11739000 11739000 11739000 11739000 11739000 11739000 11739000 11739000 11739000 11739000 11620000 11620000 11620000 11674000 11674000 11674000 11815000 11815000 11815000 11815000 12096000 12096000 12096000 12388000 12388000 12388000 12182000 12182000 12182000 12096000 12096000 12096000 12096000 12042000 12042000 12042000 11836000 11836000 11836000 11782000 11782000 11782000 11782000 11761000 11761000 11761000 11620000 11620000 11620000 11674000 11674000 11674000 11696000 11696000 11696000 11696000 11696000 11696000 11696000 11739000 11739000 11739000 11739000 11739000 11739000 11739000 11739000 11739000 11739000 11739000 11739000 11739000 11739000 11739000 11739000 11739000 11739000 11739000 11739000 
voltage=10810000 10810000 10810000 10810000 10810000 10810000 10810000 10810000 10810000 10810000 10810000 10810000 10810000 10810000 10810000 10810000 10810000 10810000 10810000 10810000 10810000 10810000 10810000 10810000 10810000 10810000 10810000 10810000 10810000 10810000 10810000 10810000 10810000 10810000 10810000 10810000 10810000 10810000 10810000 10810000 10810000 10810000 10810000 10810000 10810000 10810000 10810000 10810000 10810000 10810000 10810000 10810000 10810000 10810000 10810000 10810000 10810000 10810000 10810000 10810000 10810000 10810000 10810000 10810000 10810000 10810000 10810000 10810000 10810000 10810000 10810000 10810000 10810000 10810000 10810000 10810000 10810000 10810000 10810000 10810000 10810000 10810000 10810000 10810000 10810000 10810000 10810000 10810000 10810000 10810000 10810000 10810000 10810000 10810000 10810000 10810000 10810000 10810000 10810000 10810000 10810000 10810000 10810000 10810000 10810000 10810000 10810000 10810000 10810000 10810000 10810000 10810000 10810000 10810000 10810000 10810000 10810000 10810000 10810000 10810000 10810000 10810000 10810000 10810000 10810000 10810000 10810000 10810000 10810000 10810000 10810000 10810000 10810000 10810000 10810000 10810000 10810000 10810000 10810000 10810000 10810000 10810000 10810000 10810000 10810000 10810000 10810000 10810000 10810000 10810000 10810000 10810000 10810000 10810000 10810000 10810000 10810000 10810000 10810000 10810000 10810000 10810000 10810000 10810000 10810000 10810000 10810000 10810000 10810000 10810000 10810000 10810000 10810000 10810000 10810000 10810000 10810000 10810000 10810000 10810000 10810000 10810000 10810000 10810000 10810000 10810000 10810000 10810000 10810000 10810000 10810000 10810000 10810000 10810000 10810000 10810000 10810000 10810000 10810000 
captureT=6.804388 6.89318 6.961862 6.56753 6.594362 6.531752 6.864194 6.860431 6.918216 6.339509 6.296723 6.481499 6.444182 6.427323 6.435175 6.771179 6.763011 6.821544 6.462356 6.390045 6.501795 6.48326 6.450997 6.432993 6.420615 6.361763 6.487021 6.482789 6.454855 6.434433 6.387516 6.774807 6.504676 6.59153 6.547176 6.534263 6.943997 6.944141 6.934316 6.588463 6.552006 6.556503 6.895299 6.944404 6.593684 6.590597 6.843801 6.773653 6.537743 6.524904 6.527943 6.900939 6.860278 6.923756 6.59729 6.566706 6.661427 6.550021 6.64439 6.520959 6.571465 6.559734 6.496218 6.516197 6.917631 6.514828 6.546699 6.512559 6.509691 6.543071 6.515312 6.836886 6.428372 6.483439 6.524765 6.493997 6.483085 6.822778 6.433751 6.527996 6.517158 6.5227 6.518795 6.477964 6.551075 6.5084 6.61723 6.474259 6.831201 6.823699 6.508276 6.491197 6.412732 6.571769 6.533958 6.490092 6.507459 6.488029 6.447905 6.807015 6.502983 6.487415 6.466998 6.454698 6.465179 6.486567 6.470531 6.847429 6.817327 6.395065 6.395166 6.796582 6.760301 6.488697 6.475621 6.432046 6.495054 6.46894 6.44692 6.417493 6.780485 6.352353 6.471855 6.440635 6.428671 6.759933 6.748916 6.739315 6.404005 6.181903 6.630146 6.605498 6.605116 6.174273 6.359435 6.842911 11.258744 6.881965 6.370229 6.27881 6.203703 6.676575 6.838975 6.321704 6.309453 6.382312 6.667623 6.267917 6.86152 7.053474 6.363777 6.282648 6.167694 6.528861 6.336134 6.306559 6.260926 6.546277 6.628445 6.592174 6.575265 6.32341 6.306183 6.24718 6.175581 6.35129 6.259953 6.627847 6.179591 6.346359 6.325717 6.298827 6.285627 6.363109 6.635032 6.608933 6.164675 6.319338 6.313174 6.281861 6.256637 6.613331 6.190677 6.316001 6.298452 6.278173 6.265453 6.547788 6.323868 6.338895 6.326011 6.292649 6.337106 6.325471 6.231491 6.328505 6.247775 6.271322 6.62807 
sleepT=59.317748 59.237394 59.271144 59.675527 59.816221 59.710932 59.382176 59.30261 59.311866 59.907629 59.870883 59.75928 59.798147 59.778194 59.966483 59.475953 59.393604 59.422827 59.785263 59.858617 59.731666 59.741077 59.793589 59.799522 59.815465 59.881068 59.755208 59.762768 59.78585 59.791382 59.859211 59.466751 59.727742 59.655274 59.677811 59.712294 59.313975 59.391208 59.310833 59.65627 59.678407 59.697563 59.352671 59.293427 59.649444 59.651786 59.394315 59.448904 59.69003 59.715855 59.72146 59.343927 59.298008 59.315699 59.641691 59.683066 59.581117 59.668733 59.600526 59.720218 59.845588 59.672079 59.748959 59.727763 59.307268 59.728948 59.699176 59.722519 59.714576 59.70793 59.887509 59.411081 59.73105 59.755656 59.71702 59.729913 59.759218 59.415796 59.805908 59.708251 59.713606 59.69591 59.724707 59.769645 59.685146 59.731045 59.630427 59.761781 59.415833 59.334476 59.726197 59.738334 59.758012 59.849411 59.713572 59.753895 59.723906 59.759173 59.794167 59.351469 59.736015 59.744174 59.76664 59.780457 59.769818 59.745573 59.777576 59.392832 59.424234 59.841327 59.843939 59.45197 59.404368 59.74326 59.768099 59.797234 59.92483 59.775592 59.786701 59.827597 59.45874 59.804977 59.771771 59.793614 59.794838 59.484822 59.665821 59.418189 59.824387 60.058535 59.60967 59.637844 59.54281 59.975956 59.88119 59.388395 41.231418 59.355131 59.861274 59.940024 59.952879 59.552562 59.251585 59.916051 59.917779 59.84919 59.553587 59.968745 59.385962 59.364181 59.857617 59.949924 59.97411 59.719005 59.90285 59.936332 59.958192 59.693613 59.608318 59.638948 59.582256 59.91649 59.936283 59.982832 59.980319 59.895126 59.977668 59.623592 60.061966 59.888114 59.91941 59.944288 60.130209 59.84814 59.610072 59.631639 59.979502 59.924435 59.927669 59.940188 59.984032 59.633898 60.214059 59.924615 59.941628 59.959377 59.977895 59.68977 59.910739 59.894966 59.918183 59.95203 59.89826 59.916528 60.014093 60.068113 59.984332 59.963485 59.615539 
