RUN=0
name=cam1
width=640
height=480
fps=15
realfps=14.97
reads=199
time=5
samples=2e+02
start_time=15905.8
end_time=16905.9
energy=45293000 45293000 45293000 45250000 45250000 45250000 45185000 45185000 45185000 45142000 45142000 45142000 45099000 45099000 45099000 45099000 45034000 45034000 45034000 44991000 44991000 44991000 44947000 44947000 44947000 44947000 44883000 44883000 44883000 44839000 44839000 44839000 44785000 44785000 44785000 44742000 44742000 44742000 44742000 44688000 44688000 44688000 44634000 44634000 44634000 44591000 44591000 44591000 44591000 44548000 44548000 44548000 44483000 44483000 44483000 44439000 44439000 44439000 44375000 44375000 44375000 44375000 44331000 44331000 44331000 44288000 44288000 44288000 44223000 44223000 44223000 44223000 44180000 44180000 44180000 44137000 44137000 44137000 44083000 44083000 44083000 44083000 44029000 44029000 44029000 43975000 43975000 43975000 43931000 43931000 43931000 43888000 43888000 43888000 43888000 43823000 43823000 43823000 43780000 43780000 43780000 43737000 43737000 43737000 43737000 43672000 43672000 43672000 43629000 43629000 43629000 43564000 43564000 43564000 43521000 43521000 43521000 43521000 43477000 43477000 43477000 43423000 43423000 43423000 43369000 43369000 43369000 43369000 43326000 43326000 43326000 43272000 43272000 43272000 43229000 43229000 43229000 43229000 43164000 43164000 43164000 43121000 43121000 43121000 43077000 43077000 43077000 43012000 43012000 43012000 43012000 42969000 42969000 42969000 42926000 42926000 42926000 42861000 42861000 42861000 42861000 42818000 42818000 42818000 42775000 42775000 42775000 42710000 42710000 42710000 42667000 42667000 42667000 42667000 42613000 42613000 42613000 42569000 42569000 42569000 42515000 42515000 42515000 42515000 42461000 42461000 42461000 42418000 42418000 42418000 42375000 42375000 42375000 42310000 42310000 42310000 42310000 42267000 42267000 
power=10907000 10907000 10907000 11123000 11123000 11123000 11177000 11177000 11177000 11339000 11339000 11339000 11339000 11339000 11339000 11339000 11382000 11382000 11382000 11436000 11436000 11436000 11339000 11339000 11339000 11339000 11415000 11415000 11415000 11436000 11436000 11436000 11339000 11339000 11339000 11307000 11307000 11307000 11307000 11285000 11285000 11285000 11264000 11264000 11264000 11264000 11264000 11264000 11264000 11361000 11361000 11361000 11415000 11415000 11415000 11339000 11339000 11339000 11307000 11307000 11307000 11307000 11382000 11382000 11382000 11307000 11307000 11307000 11382000 11382000 11382000 11382000 11339000 11339000 11339000 11285000 11285000 11285000 11285000 11285000 11285000 11285000 11264000 11264000 11264000 11264000 11264000 11264000 11264000 11264000 11264000 11264000 11264000 11264000 11264000 11264000 11264000 11264000 11361000 11361000 11361000 11307000 11307000 11307000 11307000 11382000 11382000 11382000 11339000 11339000 11339000 11285000 11285000 11285000 11285000 11285000 11285000 11285000 11264000 11264000 11264000 11264000 11264000 11264000 11264000 11264000 11264000 11264000 11264000 11264000 11264000 11361000 11361000 11361000 11307000 11307000 11307000 11307000 11382000 11382000 11382000 11339000 11339000 11339000 11285000 11285000 11285000 11285000 11285000 11285000 11285000 11264000 11264000 11264000 11264000 11264000 11264000 11264000 11264000 11264000 11264000 11264000 11264000 11264000 11361000 11361000 11361000 11307000 11307000 11307000 11285000 11285000 11285000 11285000 11285000 11285000 11285000 11264000 11264000 11264000 11264000 11264000 11264000 11264000 11415000 11415000 11415000 11339000 11339000 11339000 11264000 11264000 11264000 11209000 11209000 11209000 11209000 11285000 11285000 
voltage=10810000 10810000 10810000 10810000 10810000 10810000 10810000 10810000 10810000 10810000 10810000 10810000 10810000 10810000 10810000 10810000 10810000 10810000 10810000 10810000 10810000 10810000 10810000 10810000 10810000 10810000 10810000 10810000 10810000 10810000 10810000 10810000 10810000 10810000 10810000 10810000 10810000 10810000 10810000 10810000 10810000 10810000 10810000 10810000 10810000 10810000 10810000 10810000 10810000 10810000 10810000 10810000 10810000 10810000 10810000 10810000 10810000 10810000 10810000 10810000 10810000 10810000 10810000 10810000 10810000 10810000 10810000 10810000 10810000 10810000 10810000 10810000 10810000 10810000 10810000 10810000 10810000 10810000 10810000 10810000 10810000 10810000 10810000 10810000 10810000 10810000 10810000 10810000 10810000 10810000 10810000 10810000 10810000 10810000 10810000 10810000 10810000 10810000 10810000 10810000 10810000 10810000 10810000 10810000 10810000 10810000 10810000 10810000 10810000 10810000 10810000 10810000 10810000 10810000 10810000 10810000 10810000 10810000 10810000 10810000 10810000 10810000 10810000 10810000 10810000 10810000 10810000 10810000 10810000 10810000 10810000 10810000 10810000 10810000 10810000 10810000 10810000 10810000 10810000 10810000 10810000 10810000 10810000 10810000 10810000 10810000 10810000 10810000 10810000 10810000 10810000 10810000 10810000 10810000 10810000 10810000 10810000 10810000 10810000 10810000 10810000 10810000 10810000 10810000 10810000 10810000 10810000 10810000 10810000 10810000 10810000 10810000 10810000 10810000 10810000 10810000 10810000 10810000 10810000 10810000 10810000 10810000 10810000 10810000 10810000 10810000 10810000 10810000 10810000 10810000 10810000 10810000 10810000 10810000 10810000 10810000 10810000 10810000 10810000 
captureT=6.239903 6.301691 6.195965 6.236575 6.603516 6.59873 6.211363 6.231917 6.266471 6.168131 6.552555 6.466574 6.134803 6.122003 6.572983 6.586363 6.170963 6.211775 6.142968 6.590379 6.189387 6.149747 6.184078 6.130083 6.133841 6.116177 6.603516 6.535606 6.209995 6.14301 5.166169 5.127436 5.539807 5.695579 5.621321 5.204584 5.371467 5.621243 5.182465 5.192065 5.243687 5.245997 5.522015 5.642821 5.251684 5.25062 5.297949 5.237343 5.656552 5.245555 5.225907 5.18339 5.230054 5.233174 5.912823 5.286014 5.224268 5.189647 5.16637 5.257463 5.646807 5.248168 5.23209 5.300744 5.644441 5.18218 5.18487 5.235866 5.240805 5.211162 5.594305 5.577133 5.188191 5.171494 5.144683 5.223296 5.192978 5.176729 5.599957 5.191748 5.204187 5.17256 5.184806 5.184011 5.582907 5.22514 5.623385 5.596615 5.194188 5.184589 5.157021 5.222829 5.230336 5.192384 5.597751 5.183503 5.135948 5.591676 5.255894 5.186771 5.180143 5.235195 5.243318 5.225414 5.262503 5.17133 5.607212 5.223438 5.183494 5.223727 5.607061 5.213266 5.168173 5.190904 5.258177 5.595098 5.629508 5.594587 6.410195 6.32777 5.589086 5.199708 5.185543 5.247177 7.935077 7.793984 5.589895 5.624274 5.181391 5.195972 6.897993 7.710695 5.158699 5.190529 5.624374 5.159707 8.296266 6.437847 5.200377 5.191456 5.188568 5.184556 6.277853 6.246559 5.170189 5.495269 5.606994 5.602366 5.159704 5.202433 5.193189 5.222826 5.173199 5.187649 5.158428 5.137544 5.178221 5.154745 5.624017 5.609664 5.192438 5.151677 5.138336 5.192258 5.161402 5.587343 5.597651 5.574036 5.146745 5.128674 5.109536 5.127522 5.157765 5.603428 5.581013 5.563913 5.1382 5.113673 5.159595 5.156845 5.171091 5.127031 5.160703 5.116153 5.158213 5.179282 5.156281 5.620748 5.17395 5.172125 5.162196 5.596963 5.599673 5.153843 5.118924 5.126191 5.16341 5.140881 5.594964 
sleepT=59.897545 59.903399 60.036429 59.999592 59.644772 59.633333 59.943581 60.008594 59.97797 60.06944 59.681346 59.759157 60.037153 60.106702 59.649764 59.649798 59.986274 60.025385 60.092344 59.644278 59.972197 60.000946 60.05231 60.109319 60.113191 60.109802 59.820809 59.618296 60.031356 60.095837 61.070286 61.110289 60.874971 60.541945 60.615291 61.014304 60.873305 60.608705 61.237535 60.958916 61.00055 60.985208 60.711687 60.584919 61.151972 60.986412 60.94008 61.003763 60.585477 60.988163 61.193522 60.973058 61.012947 61.004718 60.322673 60.951955 61.191816 61.036111 60.990095 60.976575 60.59474 60.981924 61.183108 60.935507 60.583372 61.055605 61.03605 60.997635 61.180021 61.022682 60.640281 60.656368 61.047034 61.044422 61.270842 61.012999 61.049091 61.059301 60.636739 61.017211 61.214634 61.059547 60.969804 61.047485 60.656435 61.018048 60.793665 60.636886 61.045217 61.041687 60.999701 61.011772 61.187359 61.041093 60.638664 61.036357 61.105977 60.650466 61.156899 61.034218 61.058918 60.99735 60.994015 61.011235 61.148732 61.064654 60.628378 61.014571 61.052944 61.013643 60.806152 61.02103 61.056245 61.047783 60.980186 60.639947 60.783144 60.64284 59.841034 59.916909 60.664438 61.043864 61.145852 61.001866 58.232914 58.44998 60.663198 60.627359 61.226108 61.054394 59.356513 58.543457 61.080582 61.060037 60.787937 61.076938 57.967694 59.272903 61.051928 61.050292 61.06251 61.066091 59.984777 60.018073 61.081731 60.75858 60.641137 60.645792 61.082031 61.045935 61.053268 61.015674 61.069321 61.058277 61.074528 61.023579 61.068442 61.092163 60.611115 60.629788 61.051656 61.079237 61.024798 61.047372 61.079454 60.658626 60.643686 60.664294 61.084704 61.115714 61.112218 61.030658 61.085293 60.636846 60.662118 60.675693 61.076918 61.036051 61.083987 61.085358 61.069457 61.102312 61.079665 61.041321 61.085286 61.061019 61.084638 60.619713 61.054331 61.070264 61.080244 60.638891 60.63765 61.087935 61.104735 61.025214 61.076807 61.089428 60.645858 
