RUN=0
name=cam1
width=640
height=480
fps=25
realfps=24.03
reads=192
time=5
samples=2e+02
start_time=18010.5
end_time=19010.5
energy=38980000 38980000 38980000 38980000 38926000 38926000 38926000 38872000 38872000 38872000 38818000 38818000 38818000 38775000 38775000 38775000 38710000 38710000 38710000 38667000 38667000 38667000 38667000 38602000 38602000 38602000 38559000 38559000 38559000 38505000 38505000 38505000 38461000 38461000 38461000 38407000 38407000 38407000 38353000 38353000 38353000 38353000 38310000 38310000 38310000 38245000 38245000 38245000 38202000 38202000 38202000 38137000 38137000 38137000 38094000 38094000 38094000 38040000 38040000 38040000 38040000 37997000 37997000 37997000 37932000 37932000 37932000 37889000 37889000 37889000 37824000 37824000 37824000 37780000 37780000 37780000 37726000 37726000 37726000 37726000 37683000 37683000 37683000 37618000 37618000 37618000 37575000 37575000 37575000 37510000 37510000 37510000 37467000 37467000 37467000 37413000 37413000 37413000 37413000 37359000 37359000 37359000 37305000 37305000 37305000 37262000 37262000 37262000 37197000 37197000 37197000 37153000 37153000 37153000 37089000 37089000 37089000 37089000 37045000 37045000 37045000 36991000 36991000 36991000 36948000 36948000 36948000 36883000 36883000 36883000 36840000 36840000 36840000 36775000 36775000 36775000 36775000 36732000 36732000 36732000 36678000 36678000 36678000 36624000 36624000 36624000 36570000 36570000 36570000 36526000 36526000 36526000 36462000 36462000 36462000 36462000 36418000 36418000 36418000 36375000 36375000 36375000 36310000 36310000 36310000 36267000 36267000 36267000 36213000 36213000 36213000 36159000 36159000 36159000 36159000 36105000 36105000 36105000 36062000 36062000 36062000 35997000 35997000 35997000 35954000 35954000 35954000 35889000 35889000 35889000 35845000 35845000 
power=10896000 10896000 10896000 10896000 11209000 11209000 11209000 11393000 11393000 11393000 11609000 11609000 11609000 11523000 11523000 11523000 11501000 11501000 11501000 11501000 11501000 11501000 11501000 11480000 11480000 11480000 11480000 11480000 11480000 11480000 11480000 11480000 11480000 11480000 11480000 11372000 11372000 11372000 11426000 11426000 11426000 11426000 11339000 11339000 11339000 11393000 11393000 11393000 11447000 11447000 11447000 11555000 11555000 11555000 11620000 11620000 11620000 11750000 11750000 11750000 11750000 11728000 11728000 11728000 11599000 11599000 11599000 11642000 11642000 11642000 11555000 11555000 11555000 11501000 11501000 11501000 11501000 11501000 11501000 11501000 11480000 11480000 11480000 11480000 11480000 11480000 11480000 11480000 11480000 11480000 11480000 11480000 11480000 11480000 11480000 11480000 11480000 11480000 11480000 11480000 11480000 11480000 11566000 11566000 11566000 11523000 11523000 11523000 11588000 11588000 11588000 11555000 11555000 11555000 11501000 11501000 11501000 11501000 11501000 11501000 11501000 11480000 11480000 11480000 11566000 11566000 11566000 11523000 11523000 11523000 11501000 11501000 11501000 11501000 11501000 11501000 11501000 11480000 11480000 11480000 11480000 11480000 11480000 11566000 11566000 11566000 11523000 11523000 11523000 11501000 11501000 11501000 11501000 11501000 11501000 11501000 11480000 11480000 11480000 11480000 11480000 11480000 11480000 11480000 11480000 11480000 11480000 11480000 11480000 11480000 11480000 11480000 11480000 11480000 11480000 11480000 11480000 11480000 11566000 11566000 11566000 11620000 11620000 11620000 11555000 11555000 11555000 11620000 11620000 11620000 11555000 11555000 
voltage=10810000 10810000 10810000 10810000 10810000 10810000 10810000 10810000 10810000 10810000 10810000 10810000 10810000 10810000 10810000 10810000 10810000 10810000 10810000 10810000 10810000 10810000 10810000 10810000 10810000 10810000 10810000 10810000 10810000 10810000 10810000 10810000 10810000 10810000 10810000 10810000 10810000 10810000 10810000 10810000 10810000 10810000 10810000 10810000 10810000 10810000 10810000 10810000 10810000 10810000 10810000 10810000 10810000 10810000 10810000 10810000 10810000 10810000 10810000 10810000 10810000 10810000 10810000 10810000 10810000 10810000 10810000 10810000 10810000 10810000 10810000 10810000 10810000 10810000 10810000 10810000 10810000 10810000 10810000 10810000 10810000 10810000 10810000 10810000 10810000 10810000 10810000 10810000 10810000 10810000 10810000 10810000 10810000 10810000 10810000 10810000 10810000 10810000 10810000 10810000 10810000 10810000 10810000 10810000 10810000 10810000 10810000 10810000 10810000 10810000 10810000 10810000 10810000 10810000 10810000 10810000 10810000 10810000 10810000 10810000 10810000 10810000 10810000 10810000 10810000 10810000 10810000 10810000 10810000 10810000 10810000 10810000 10810000 10810000 10810000 10810000 10810000 10810000 10810000 10810000 10810000 10810000 10810000 10810000 10810000 10810000 10810000 10810000 10810000 10810000 10810000 10810000 10810000 10810000 10810000 10810000 10810000 10810000 10810000 10810000 10810000 10810000 10810000 10810000 10810000 10810000 10810000 10810000 10810000 10810000 10810000 10810000 10810000 10810000 10810000 10810000 10810000 10810000 10810000 10810000 10810000 10810000 10810000 10810000 10810000 10810000 10810000 10810000 10810000 10810000 10810000 10810000 
captureT=38.561292 40.025509 39.980152 43.904035 43.891153 39.954949 40.010712 41.56527 44.001974 39.987731 39.990795 40.003908 42.918284 43.924085 40.002508 40.032532 43.832194 43.849214 39.909773 40.026264 39.974618 43.869847 43.965699 39.881972 39.974207 43.898535 44.01812 40.015597 40.00059 39.839263 43.847477 46.397241 37.34232 40.028316 43.865074 43.964888 40.023981 39.828797 40.293823 44.627729 44.003641 39.920339 40.031079 43.923777 44.025228 40.02895 39.987099 39.980145 43.959386 43.908577 39.717408 39.989177 40.008075 43.935948 39.968088 39.998056 40.057476 42.430116 43.954933 33.321785 43.907661 43.966451 39.943176 40.014625 39.983858 43.844432 43.905936 39.980436 39.949796 43.836963 43.923364 39.915169 39.989555 39.958959 43.932282 43.985997 39.90896 39.985876 40.048169 44.006839 40.01682 40.003297 39.991493 43.827102 43.944369 39.912881 39.958795 40.034197 43.945362 39.922751 40.041596 39.876747 43.891557 43.958806 39.93131 40.011056 39.973646 43.717381 40.075336 40.086718 40.093211 44.006023 43.919744 39.915958 39.99812 38.080294 45.4709 39.917328 39.977498 39.987123 43.807827 43.933418 39.882153 40.022013 39.962494 43.939493 43.994681 40.006715 39.960513 43.850932 43.889572 39.942809 39.982274 39.963791 43.86978 43.919554 39.958224 40.024452 43.805127 44.008924 40.025088 40.015259 39.966207 43.95013 43.888934 39.996192 39.926457 43.933475 43.940383 39.96089 40.0381 40.000091 43.889766 43.943126 39.987105 39.923303 44.004624 44.032914 39.990928 40.003266 40.00471 43.8795 44.055781 39.999828 40.020921 43.87522 43.280363 39.916673 40.077963 40.00329 43.800245 43.744686 40.001652 40.019921 43.82494 44.096079 39.883199 39.994688 40.012553 43.76994 43.700295 39.923721 39.990635 40.145087 43.988035 40.019748 40.056165 39.984192 43.830231 43.979654 39.341752 39.962484 39.921131 43.996633 39.815359 39.973689 40.012379 43.831409 43.957374 39.98311 39.122378 40.10354 
sleepT=0.893826 -0.471293 -0.412747 -4.328336 -4.320199 -0.377398 -0.435624 -1.81442 -4.424159 -0.410521 -0.414521 -0.429585 -3.342525 -4.349174 -0.430739 -0.45682 -4.260411 -4.273471 -0.33409 -0.453997 -0.395985 -4.303317 -4.391012 -0.30796 -0.399624 -4.324196 -4.439086 -0.437458 -0.421759 -0.264299 -4.09701 -6.890297 2.230485 -0.451016 -4.284653 -4.38727 -0.448553 -0.250852 -0.715992 -5.065009 -4.412326 -0.342277 -0.453782 -4.352362 -4.449973 -0.451059 -0.408887 -0.404913 -4.385051 -4.329202 -0.132793 -0.412135 -0.433993 -4.184021 -0.394842 -0.430113 -0.470836 -2.840358 -4.369643 6.251174 -4.325666 -4.38593 -0.360613 -0.432225 -0.417221 -4.266093 -4.325933 -0.409285 -0.38188 -4.258651 -4.34988 -0.346721 -0.410899 -0.38069 -4.353883 -4.408015 -0.329365 -0.40873 -0.471831 -4.429706 -0.432817 -0.421385 -0.404733 -4.249074 -4.359437 -0.329699 -0.376266 -0.45255 -4.36585 -0.342367 -0.460607 -0.293906 -4.311988 -4.383023 -0.352473 -0.432824 -0.398097 -4.1358 -0.497448 -0.504239 -0.513017 -4.433472 -4.342157 -0.333262 -0.41279 1.668695 -6.517549 -0.328627 -0.394614 -0.404459 -4.228121 -4.353388 -0.30468 -0.433408 -0.385612 -4.358855 -4.416777 -0.428069 -0.378762 -4.270771 -4.309706 -0.368022 -0.402016 -0.386067 -4.289098 -4.341606 -0.378912 -0.450875 -4.057243 -4.431197 -0.444907 -0.422267 -0.381663 -4.369769 -4.308897 -0.414287 -0.344853 -4.351527 -4.357676 -0.392152 -0.483778 -0.420673 -4.307781 -4.361415 -0.409194 -0.34448 -4.429005 -4.449552 -0.417789 -0.423076 -0.43829 -4.126665 -4.478187 -0.419527 -0.442394 -4.280045 -3.690565 -0.332372 -0.500333 -0.42356 -4.217852 -4.160395 -0.422347 -0.43953 -4.243753 -4.51909 -0.303313 -0.41118 -0.437071 -4.194101 -4.121415 -0.344546 -0.407427 -0.576529 -4.406892 -0.440356 -0.484687 -0.401379 -4.251851 -4.401024 0.406482 -0.378892 -0.339775 -4.415894 -0.233565 -0.403928 -0.437188 -4.242233 -4.375967 -0.40187 0.455811 -0.525034 
