RUN=0
name=cam1
width=640
height=480
fps=5
realfps=4.997
reads=199
time=5
samples=2e+02
start_time=3505.57
end_time=4505.81
energy=77821000 77821000 77821000 77777000 77777000 77777000 77777000 77734000 77734000 77734000 77691000 77691000 77691000 77637000 77637000 77637000 77594000 77594000 77594000 77594000 77550000 77550000 77550000 77507000 77507000 77507000 77464000 77464000 77464000 77464000 77421000 77421000 77421000 77367000 77367000 77367000 77323000 77323000 77323000 77280000 77280000 77280000 77280000 77237000 77237000 77237000 77194000 77194000 77194000 77150000 77150000 77150000 77150000 77096000 77096000 77096000 77053000 77053000 77053000 77010000 77010000 77010000 77010000 76967000 76967000 76967000 76923000 76923000 76923000 76880000 76880000 76880000 76826000 76826000 76826000 76826000 76783000 76783000 76783000 76740000 76740000 76740000 76696000 76696000 76696000 76696000 76653000 76653000 76653000 76610000 76610000 76610000 76567000 76567000 76567000 76567000 76513000 76513000 76513000 76469000 76469000 76469000 76426000 76426000 76426000 76383000 76383000 76383000 76383000 76340000 76340000 76340000 76296000 76296000 76296000 76242000 76242000 76242000 76242000 76199000 76199000 76199000 76156000 76156000 76156000 76113000 76113000 76113000 76113000 76080000 76080000 76080000 76037000 76037000 76037000 75994000 75994000 75994000 75951000 75951000 75951000 75951000 75886000 75886000 75886000 75842000 75842000 75842000 75810000 75810000 75810000 75810000 75767000 75767000 75767000 75724000 75724000 75724000 75680000 75680000 75680000 75680000 75637000 75637000 75637000 75583000 75583000 75583000 75540000 75540000 75540000 75497000 75497000 75497000 75497000 75453000 75453000 75453000 75410000 75410000 75410000 75367000 75367000 75367000 75367000 75313000 75313000 75313000 75270000 75270000 75270000 75226000 75226000 75226000 75226000 75183000 75183000 75183000 75118000 
power=10550000 10550000 10550000 10874000 10874000 10874000 10874000 10939000 10939000 10939000 10961000 10961000 10961000 10993000 10993000 10993000 10993000 10993000 10993000 10993000 10993000 10993000 10993000 10993000 10993000 10993000 10993000 10993000 10993000 10993000 10993000 10993000 10993000 10993000 10993000 10993000 10993000 10993000 10993000 10993000 10993000 10993000 10993000 10993000 10993000 10993000 10993000 10993000 10993000 10993000 10993000 10993000 10993000 10993000 10993000 10993000 10993000 10993000 10993000 10993000 10993000 10993000 10993000 10993000 10993000 10993000 10993000 10993000 10993000 10874000 10874000 10874000 10939000 10939000 10939000 10939000 10961000 10961000 10961000 10961000 10961000 10961000 10993000 10993000 10993000 10993000 10993000 10993000 10993000 10993000 10993000 10993000 10993000 10993000 10993000 10993000 10993000 10993000 10993000 10993000 10993000 10993000 10993000 10993000 10993000 10993000 10993000 10993000 10993000 10993000 10993000 10993000 10993000 10993000 10993000 10993000 10993000 10993000 10993000 11101000 11101000 11101000 11047000 11047000 11047000 11026000 11026000 11026000 11026000 11026000 11026000 11026000 10993000 10993000 10993000 11101000 11101000 11101000 11047000 11047000 11047000 11047000 11134000 11134000 11134000 11080000 11080000 11080000 11026000 11026000 11026000 11026000 11026000 11026000 11026000 10993000 10993000 10993000 10993000 10993000 10993000 10993000 10993000 10993000 10993000 10993000 10993000 10993000 11101000 11101000 11101000 11047000 11047000 11047000 11047000 11026000 11026000 11026000 11134000 11134000 11134000 11166000 11166000 11166000 11166000 11080000 11080000 11080000 11047000 11047000 11047000 11134000 11134000 11134000 11134000 11166000 11166000 11166000 11188000 
voltage=10810000 10810000 10810000 10810000 10810000 10810000 10810000 10810000 10810000 10810000 10810000 10810000 10810000 10810000 10810000 10810000 10810000 10810000 10810000 10810000 10810000 10810000 10810000 10810000 10810000 10810000 10810000 10810000 10810000 10810000 10810000 10810000 10810000 10810000 10810000 10810000 10810000 10810000 10810000 10810000 10810000 10810000 10810000 10810000 10810000 10810000 10810000 10810000 10810000 10810000 10810000 10810000 10810000 10810000 10810000 10810000 10810000 10810000 10810000 10810000 10810000 10810000 10810000 10810000 10810000 10810000 10810000 10810000 10810000 10810000 10810000 10810000 10810000 10810000 10810000 10810000 10810000 10810000 10810000 10810000 10810000 10810000 10810000 10810000 10810000 10810000 10810000 10810000 10810000 10810000 10810000 10810000 10810000 10810000 10810000 10810000 10810000 10810000 10810000 10810000 10810000 10810000 10810000 10810000 10810000 10810000 10810000 10810000 10810000 10810000 10810000 10810000 10810000 10810000 10810000 10810000 10810000 10810000 10810000 10810000 10810000 10810000 10810000 10810000 10810000 10810000 10810000 10810000 10810000 10810000 10810000 10810000 10810000 10810000 10810000 10810000 10810000 10810000 10810000 10810000 10810000 10810000 10810000 10810000 10810000 10810000 10810000 10810000 10810000 10810000 10810000 10810000 10810000 10810000 10810000 10810000 10810000 10810000 10810000 10810000 10810000 10810000 10810000 10810000 10810000 10810000 10810000 10810000 10810000 10810000 10810000 10810000 10810000 10810000 10810000 10810000 10810000 10810000 10810000 10810000 10810000 10810000 10810000 10810000 10810000 10810000 10810000 10810000 10810000 10810000 10810000 10810000 10810000 10810000 10810000 10810000 10810000 10810000 10810000 
captureT=6.360937 6.217369 6.605591 6.251853 6.397097 6.751152 6.486693 6.384777 6.859505 6.661203 6.250422 6.66231 6.663733 6.296471 6.290291 6.230471 6.687325 6.215347 6.323776 6.246067 6.703101 9.754349 6.194526 6.239845 6.251445 6.669427 6.331023 6.324423 6.288191 6.22717 6.318074 6.742162 6.708652 8.105758 6.775306 6.424547 6.761138 6.442158 6.318608 6.846821 6.401544 6.712595 6.737803 6.581241 6.525337 6.839659 6.686417 6.367128 6.453942 6.661651 6.458196 6.511421 6.241269 6.567676 6.393332 6.394656 6.737825 6.492086 6.407497 6.330882 6.927135 6.370069 6.444384 6.397138 6.379141 6.434902 6.611545 6.517567 6.872267 6.51162 6.466594 6.429651 6.489461 6.456994 6.44147 6.808348 6.456332 6.504722 6.831128 6.426604 6.385732 6.447818 6.446032 6.379175 6.79993 6.369929 6.432348 6.390142 6.378758 6.314405 6.348427 6.332043 6.722433 6.398359 6.421147 6.354793 6.313192 6.405251 6.336492 6.759612 6.360863 6.264485 6.613525 6.198381 6.308018 6.381074 6.676783 6.26966 6.319637 6.680014 6.230332 6.296282 6.269548 6.270328 6.369954 6.350993 6.335879 6.469733 6.319023 6.683262 6.26206 6.358424 6.378309 6.697119 6.426605 6.351478 6.61439 6.331402 6.344597 6.322345 6.320476 6.246871 6.644742 6.273415 6.308462 6.291152 6.233314 6.645941 6.676649 6.252424 6.316866 6.637808 6.240871 6.275394 6.243276 6.173437 6.27992 6.244654 6.697935 6.285125 6.314781 6.670623 6.283532 6.331385 6.619376 6.235879 6.32465 6.312476 6.283205 6.696946 6.304797 6.320586 6.672521 6.281431 6.251099 6.242687 6.367751 6.300553 6.652 6.304946 6.316302 6.665644 6.264465 6.281688 6.638904 6.201817 6.276801 6.253494 6.632147 6.249155 6.28891 6.235009 6.282628 6.267012 6.601971 6.267127 6.298567 6.265316 6.190702 6.65196 6.264455 6.302376 6.631185 6.191848 6.291548 6.296773 6.63078 6.572194 6.269507 
sleepT=193.10426 193.2776 192.98016 193.3335 193.18616 192.75973 193.10597 193.20533 192.72951 192.91405 193.25895 192.93523 192.92627 193.2869 193.29527 193.28133 193.0584 193.37079 193.25813 193.26978 192.88078 189.81299 193.39069 193.34327 193.25746 192.92358 193.42449 193.266 193.30314 193.3629 193.27324 192.85161 192.87748 191.4563 192.81149 193.16879 192.81 193.14346 193.19253 192.91104 193.1841 192.79232 192.8331 192.99366 193.06001 192.73086 192.89837 193.22304 193.14649 193.09657 193.11473 193.07686 193.26106 193.03003 193.19738 193.1979 192.77398 193.08044 193.18308 193.16743 192.65958 193.21867 193.15723 193.19275 193.19457 193.15171 192.97692 193.08254 192.71267 193.05444 193.12075 193.16376 193.26465 193.12958 193.05641 192.78153 193.1333 193.08273 192.75765 193.15852 193.20036 193.10945 193.31082 193.13308 192.78799 193.21706 193.16358 193.19998 193.20982 193.26677 193.22988 193.17397 192.84959 193.17246 193.1611 193.23827 193.27582 193.18641 193.17673 192.82543 193.23601 193.31766 192.88617 193.39077 193.28142 193.37098 192.91058 193.31941 193.26712 192.82145 193.36116 193.29392 193.23015 193.23564 193.22215 193.40505 193.24824 193.10201 193.26337 192.82472 193.32469 193.22569 193.2055 192.88982 193.16668 193.22113 192.97286 193.25797 193.23931 193.2474 193.26725 193.26191 192.93783 193.31919 193.28067 193.28946 193.26704 192.94058 193.07833 193.32415 193.26184 192.93385 193.3438 193.31114 193.3392 193.40799 193.30024 193.27003 193.05564 193.3035 193.26905 192.91591 193.30829 193.23562 192.88706 193.34582 193.25912 193.19767 193.28705 192.88766 193.2814 193.26759 192.91238 193.30625 193.3271 193.32695 193.22229 193.20198 192.92604 193.27395 193.26949 193.08666 193.32072 193.30816 192.8677 193.38296 193.30288 193.23375 192.94663 193.33962 193.2977 193.33424 193.30559 193.23909 193.00297 193.32197 193.2855 193.32082 193.39729 192.92246 193.32216 193.26835 192.86786 193.39022 193.29877 193.27716 192.95081 192.99751 193.30741 
