RUN=0
name=wifiTX
iniTX=bytes:89227
endTX=bytes:1014997855
iniRX=bytes:1597242
endRX=bytes:30939128
MaxBitrate=8192
nPackets=19184
pktSize=50000
reads=200
time=5
samples=2e+02
start_time=6658.77
end_time=7729.38
energy=66513000 66513000 66513000 66470000 66470000 66470000 66416000 66416000 66416000 66373000 66373000 66373000 66373000 66319000 66319000 66319000 66265000 66265000 66265000 66222000 66222000 66222000 66222000 66178000 66178000 66178000 66113000 66113000 66113000 66070000 66070000 66070000 66027000 66027000 66027000 66027000 65962000 65962000 65962000 65919000 65919000 65919000 65876000 65876000 65876000 65876000 65811000 65811000 65811000 65768000 65768000 65768000 65713000 65713000 65713000 65659000 65659000 65659000 65616000 65616000 65616000 65573000 65573000 65573000 65573000 65519000 65519000 65519000 65465000 65465000 65465000 65411000 65411000 65411000 65411000 65368000 65368000 65368000 65303000 65303000 65303000 65259000 65259000 65259000 65216000 65216000 65216000 65216000 65151000 65151000 65151000 65108000 65108000 65108000 65065000 65065000 65065000 65065000 65000000 65000000 65000000 64957000 64957000 64957000 64903000 64903000 64903000 64860000 64860000 64860000 64860000 64795000 64795000 64795000 64751000 64751000 64751000 64708000 64708000 64708000 64708000 64643000 64643000 64643000 64600000 64600000 64600000 64535000 64535000 64535000 64492000 64492000 64492000 64449000 64449000 64449000 64449000 64395000 64395000 64395000 64341000 64341000 64341000 64287000 64287000 64287000 64287000 64243000 64243000 64243000 64178000 64178000 64178000 64135000 64135000 64135000 64092000 64092000 64092000 64092000 64027000 64027000 64027000 63984000 63984000 63984000 63930000 63930000 63930000 63930000 63876000 63876000 63876000 63833000 63833000 63833000 63779000 63779000 63779000 63735000 63735000 63735000 63735000 63670000 63670000 63670000 63627000 63627000 63627000 63562000 63562000 63562000 63562000 63519000 63519000 63519000 63465000 63465000 63465000 63411000 
power=8604000 8604000 8604000 10258000 10258000 10258000 11145000 11145000 11145000 11523000 11523000 11523000 11523000 11912000 11912000 11912000 11999000 11999000 11999000 11912000 11912000 11912000 11912000 11999000 11999000 11999000 12053000 12053000 12053000 12053000 12053000 12053000 12096000 12096000 12096000 12096000 11858000 11858000 11858000 12085000 12085000 12085000 12096000 12096000 12096000 12096000 12118000 12118000 12118000 12096000 12096000 12096000 12031000 12031000 12031000 12118000 12118000 12118000 11696000 11696000 11696000 11955000 11955000 11955000 11955000 12096000 12096000 12096000 12096000 12096000 12096000 12204000 12204000 12204000 12204000 12204000 12204000 12204000 12323000 12323000 12323000 12150000 12150000 12150000 12172000 12172000 12172000 12172000 12204000 12204000 12204000 12172000 12172000 12172000 12204000 12204000 12204000 12204000 12204000 12204000 12204000 12323000 12323000 12323000 12150000 12150000 12150000 12172000 12172000 12172000 12172000 12204000 12204000 12204000 12290000 12290000 12290000 12388000 12388000 12388000 12388000 12290000 12290000 12290000 12269000 12269000 12269000 12128000 12128000 12128000 12150000 12150000 12150000 12172000 12172000 12172000 12172000 12290000 12290000 12290000 12269000 12269000 12269000 12345000 12345000 12345000 12345000 12409000 12409000 12409000 12182000 12182000 12182000 11977000 11977000 11977000 12204000 12204000 12204000 12204000 12172000 12172000 12172000 12172000 12172000 12172000 12236000 12236000 12236000 12236000 12323000 12323000 12323000 12388000 12388000 12388000 12290000 12290000 12290000 12388000 12388000 12388000 12388000 12409000 12409000 12409000 12182000 12182000 12182000 12280000 12280000 12280000 12280000 12301000 12301000 12301000 12301000 12301000 12301000 12107000 
voltage=10810000 10810000 10810000 10810000 10810000 10810000 10810000 10810000 10810000 10810000 10810000 10810000 10810000 10810000 10810000 10810000 10810000 10810000 10810000 10810000 10810000 10810000 10810000 10810000 10810000 10810000 10810000 10810000 10810000 10810000 10810000 10810000 10810000 10810000 10810000 10810000 10810000 10810000 10810000 10810000 10810000 10810000 10810000 10810000 10810000 10810000 10810000 10810000 10810000 10810000 10810000 10810000 10810000 10810000 10810000 10810000 10810000 10810000 10810000 10810000 10810000 10810000 10810000 10810000 10810000 10810000 10810000 10810000 10810000 10810000 10810000 10810000 10810000 10810000 10810000 10810000 10810000 10810000 10810000 10810000 10810000 10810000 10810000 10810000 10810000 10810000 10810000 10810000 10810000 10810000 10810000 10810000 10810000 10810000 10810000 10810000 10810000 10810000 10810000 10810000 10810000 10810000 10810000 10810000 10810000 10810000 10810000 10810000 10810000 10810000 10810000 10810000 10810000 10810000 10810000 10810000 10810000 10810000 10810000 10810000 10810000 10810000 10810000 10810000 10810000 10810000 10810000 10810000 10810000 10810000 10810000 10810000 10810000 10810000 10810000 10810000 10810000 10810000 10810000 10810000 10810000 10810000 10810000 10810000 10810000 10810000 10810000 10810000 10810000 10810000 10810000 10810000 10810000 10810000 10810000 10810000 10810000 10810000 10810000 10810000 10810000 10810000 10810000 10810000 10810000 10810000 10810000 10810000 10810000 10810000 10810000 10810000 10810000 10810000 10810000 10810000 10810000 10810000 10810000 10810000 10810000 10810000 10810000 10810000 10810000 10810000 10810000 10810000 10810000 10810000 10810000 10810000 10810000 10810000 10810000 10810000 10810000 10810000 10810000 10810000 
