RUN=0
name=system_usb
iniTX=
endTX=
iniRX=
endRX=
MaxBitrate=8192
nPackets=48966776
pktSize=50000
reads=200
time=5
samples=2e+02
start_time=5956.27
end_time=6956.36
energy=63097000 63097000 63097000 63054000 63054000 63054000 63022000 63022000 63022000 63022000 62979000 62979000 62979000 62946000 62946000 62946000 62903000 62903000 62903000 62903000 62870000 62870000 62870000 62827000 62827000 62827000 62795000 62795000 62795000 62795000 62762000 62762000 62762000 62719000 62719000 62719000 62698000 62698000 62698000 62698000 62643000 62643000 62643000 62622000 62622000 62622000 62589000 62589000 62589000 62589000 62546000 62546000 62546000 62514000 62514000 62514000 62481000 62481000 62481000 62481000 62438000 62438000 62438000 62406000 62406000 62406000 62362000 62362000 62362000 62362000 62330000 62330000 62330000 62298000 62298000 62298000 62254000 62254000 62254000 62254000 62233000 62233000 62233000 62200000 62200000 62200000 62157000 62157000 62157000 62157000 62125000 62125000 62125000 62081000 62081000 62081000 62049000 62049000 62049000 62049000 62016000 62016000 62016000 61973000 61973000 61973000 61941000 61941000 61941000 61941000 61898000 61898000 61898000 61865000 61865000 61865000 61833000 61833000 61833000 61833000 61789000 61789000 61789000 61768000 61768000 61768000 61735000 61735000 61735000 61735000 61692000 61692000 61692000 61660000 61660000 61660000 61617000 61617000 61617000 61617000 61584000 61584000 61584000 61552000 61552000 61552000 61508000 61508000 61508000 61508000 61476000 61476000 61476000 61433000 61433000 61433000 61400000 61400000 61400000 61400000 61379000 61379000 61379000 61325000 61325000 61325000 61303000 61303000 61303000 61303000 61271000 61271000 61271000 61227000 61227000 61227000 61195000 61195000 61195000 61195000 61152000 61152000 61152000 61119000 61119000 61119000 61087000 61087000 61087000 61087000 61044000 61044000 61044000 61011000 61011000 61011000 60968000 60968000 60968000 60968000 
power=9058000 9058000 9058000 8615000 8615000 8615000 9123000 9123000 9123000 9123000 8723000 8723000 8723000 8583000 8583000 8583000 8691000 8691000 8691000 8691000 8939000 8939000 8939000 8691000 8691000 8691000 8583000 8583000 8583000 8583000 8550000 8550000 8550000 8442000 8442000 8442000 8896000 8896000 8896000 8896000 8550000 8550000 8550000 8485000 8485000 8485000 8529000 8529000 8529000 8529000 8410000 8410000 8410000 8442000 8442000 8442000 8777000 8777000 8777000 8777000 8604000 8604000 8604000 8529000 8529000 8529000 8626000 8626000 8626000 8626000 8485000 8485000 8485000 8345000 8345000 8345000 8410000 8410000 8410000 8410000 8745000 8745000 8745000 8583000 8583000 8583000 8410000 8410000 8410000 8410000 8464000 8464000 8464000 8410000 8410000 8410000 8291000 8291000 8291000 8291000 8388000 8388000 8388000 8864000 8864000 8864000 8745000 8745000 8745000 8745000 8723000 8723000 8723000 8626000 8626000 8626000 8485000 8485000 8485000 8485000 8464000 8464000 8464000 8550000 8550000 8550000 8831000 8831000 8831000 8831000 8626000 8626000 8626000 8550000 8550000 8550000 8529000 8529000 8529000 8529000 8550000 8550000 8550000 8485000 8485000 8485000 8572000 8572000 8572000 8572000 8626000 8626000 8626000 8745000 8745000 8745000 8604000 8604000 8604000 8604000 8529000 8529000 8529000 8604000 8604000 8604000 8485000 8485000 8485000 8485000 8464000 8464000 8464000 8572000 8572000 8572000 8939000 8939000 8939000 8939000 8799000 8799000 8799000 8626000 8626000 8626000 8583000 8583000 8583000 8583000 8572000 8572000 8572000 8485000 8485000 8485000 8572000 8572000 8572000 8572000 
voltage=10810000 10810000 10810000 10810000 10810000 10810000 10810000 10810000 10810000 10810000 10810000 10810000 10810000 10810000 10810000 10810000 10810000 10810000 10810000 10810000 10810000 10810000 10810000 10810000 10810000 10810000 10810000 10810000 10810000 10810000 10810000 10810000 10810000 10810000 10810000 10810000 10810000 10810000 10810000 10810000 10810000 10810000 10810000 10810000 10810000 10810000 10810000 10810000 10810000 10810000 10810000 10810000 10810000 10810000 10810000 10810000 10810000 10810000 10810000 10810000 10810000 10810000 10810000 10810000 10810000 10810000 10810000 10810000 10810000 10810000 10810000 10810000 10810000 10810000 10810000 10810000 10810000 10810000 10810000 10810000 10810000 10810000 10810000 10810000 10810000 10810000 10810000 10810000 10810000 10810000 10810000 10810000 10810000 10810000 10810000 10810000 10810000 10810000 10810000 10810000 10810000 10810000 10810000 10810000 10810000 10810000 10810000 10810000 10810000 10810000 10810000 10810000 10810000 10810000 10810000 10810000 10810000 10810000 10810000 10810000 10810000 10810000 10810000 10810000 10810000 10810000 10810000 10810000 10810000 10810000 10810000 10810000 10810000 10810000 10810000 10810000 10810000 10810000 10810000 10810000 10810000 10810000 10810000 10810000 10810000 10810000 10810000 10810000 10810000 10810000 10810000 10810000 10810000 10810000 10810000 10810000 10810000 10810000 10810000 10810000 10810000 10810000 10810000 10810000 10810000 10810000 10810000 10810000 10810000 10810000 10810000 10810000 10810000 10810000 10810000 10810000 10810000 10810000 10810000 10810000 10810000 10810000 10810000 10810000 10810000 10810000 10810000 10810000 10810000 10810000 10810000 10810000 10810000 10810000 10810000 10810000 10810000 10810000 10810000 10810000 
