RUN=0
name=system
iniTX=
endTX=
iniRX=
endRX=
MaxBitrate=8192
nPackets=-788407176
pktSize=50000
reads=200
time=5
samples=2e+02
start_time=181.231
end_time=1181.32
energy=81950000 81950000 81950000 81950000 81950000 81950000 81950000 81950000 81950000 81950000 81950000 81950000 81950000 81950000 81950000 81950000 81950000 81950000 81950000 81950000 81950000 81950000 81950000 81950000 81950000 81950000 81950000 81950000 81950000 81950000 81950000 81950000 81950000 81950000 81950000 81950000 81950000 81950000 81950000 81950000 81950000 81950000 81950000 81950000 81950000 81950000 81950000 81950000 81950000 81950000 81950000 81950000 81950000 81118000 81118000 81118000 81118000 81085000 81085000 81085000 81064000 81064000 81064000 81031000 81031000 81031000 81031000 80999000 80999000 80999000 80966000 80966000 80966000 80934000 80934000 80934000 80934000 80912000 80912000 80912000 80858000 80858000 80858000 80837000 80837000 80837000 80804000 80804000 80804000 80804000 80772000 80772000 80772000 80739000 80739000 80739000 80718000 80718000 80718000 80718000 80685000 80685000 80685000 80653000 80653000 80653000 80620000 80620000 80620000 80620000 80599000 80599000 80599000 80566000 80566000 80566000 80534000 80534000 80534000 80534000 80502000 80502000 80502000 80469000 80469000 80469000 80448000 80448000 80448000 80448000 80415000 80415000 80415000 80383000 80383000 80383000 80350000 80350000 80350000 80350000 80329000 80329000 80329000 80296000 80296000 80296000 80264000 80264000 80264000 80264000 80231000 80231000 80231000 80199000 80199000 80199000 80177000 80177000 80177000 80145000 80145000 80145000 80145000 80112000 80112000 80112000 80080000 80080000 80080000 80058000 80058000 80058000 80058000 80026000 80026000 80026000 79983000 79983000 79983000 79950000 79950000 79950000 79950000 79918000 79918000 79918000 79885000 79885000 79885000 79864000 79864000 79864000 79864000 79831000 79831000 79831000 79799000 79799000 79799000 79766000 
power=8172000 8172000 8172000 7783000 7783000 7783000 7783000 7664000 7664000 7664000 7631000 7631000 7631000 7750000 7750000 7750000 7750000 7664000 7664000 7664000 7750000 7750000 7750000 7696000 7696000 7696000 7696000 7631000 7631000 7631000 7631000 7631000 7631000 7610000 7610000 7610000 7610000 7610000 7610000 7610000 7610000 7610000 7610000 7610000 7610000 7610000 7610000 7610000 7610000 7610000 7610000 7610000 7610000 7610000 7610000 7610000 7610000 7610000 7610000 7610000 7610000 7610000 7610000 7610000 7610000 7610000 7610000 7610000 7610000 7610000 7610000 7610000 7610000 7610000 7610000 7610000 7610000 7610000 7610000 7610000 7610000 7610000 7610000 7610000 7610000 7610000 7729000 7729000 7729000 7729000 7664000 7664000 7664000 7631000 7631000 7631000 7631000 7631000 7631000 7631000 7610000 7610000 7610000 7610000 7610000 7610000 7610000 7610000 7610000 7610000 7610000 7610000 7610000 7610000 7610000 7610000 7610000 7610000 7610000 7610000 7610000 7610000 7610000 7610000 7610000 7610000 7610000 7610000 7610000 7610000 7610000 7610000 7610000 7610000 7610000 7610000 7610000 7610000 7610000 7610000 7610000 7610000 7610000 7610000 7610000 7610000 7610000 7610000 7610000 7610000 7610000 7610000 7610000 7610000 7610000 7610000 7610000 7610000 7610000 7610000 7610000 7610000 7610000 7610000 7610000 7610000 7610000 7610000 7610000 7610000 7610000 7610000 7610000 7610000 7610000 7610000 7610000 7610000 7610000 7610000 7610000 7610000 7610000 7610000 7610000 7610000 7610000 7610000 7610000 7610000 7610000 7610000 7610000 7610000 7610000 7610000 7610000 7610000 7610000 7610000 
voltage=10810000 10810000 10810000 10810000 10810000 10810000 10810000 10810000 10810000 10810000 10810000 10810000 10810000 10810000 10810000 10810000 10810000 10810000 10810000 10810000 10810000 10810000 10810000 10810000 10810000 10810000 10810000 10810000 10810000 10810000 10810000 10810000 10810000 10810000 10810000 10810000 10810000 10810000 10810000 10810000 10810000 10810000 10810000 10810000 10810000 10810000 10810000 10810000 10810000 10810000 10810000 10810000 10810000 10810000 10810000 10810000 10810000 10810000 10810000 10810000 10810000 10810000 10810000 10810000 10810000 10810000 10810000 10810000 10810000 10810000 10810000 10810000 10810000 10810000 10810000 10810000 10810000 10810000 10810000 10810000 10810000 10810000 10810000 10810000 10810000 10810000 10810000 10810000 10810000 10810000 10810000 10810000 10810000 10810000 10810000 10810000 10810000 10810000 10810000 10810000 10810000 10810000 10810000 10810000 10810000 10810000 10810000 10810000 10810000 10810000 10810000 10810000 10810000 10810000 10810000 10810000 10810000 10810000 10810000 10810000 10810000 10810000 10810000 10810000 10810000 10810000 10810000 10810000 10810000 10810000 10810000 10810000 10810000 10810000 10810000 10810000 10810000 10810000 10810000 10810000 10810000 10810000 10810000 10810000 10810000 10810000 10810000 10810000 10810000 10810000 10810000 10810000 10810000 10810000 10810000 10810000 10810000 10810000 10810000 10810000 10810000 10810000 10810000 10810000 10810000 10810000 10810000 10810000 10810000 10810000 10810000 10810000 10810000 10810000 10810000 10810000 10810000 10810000 10810000 10810000 10810000 10810000 10810000 10810000 10810000 10810000 10810000 10810000 10810000 10810000 10810000 10810000 10810000 10810000 10810000 10810000 10810000 10810000 10810000 10810000 
