RUN=0
name=wifiTX
iniTX=bytes:88448
endTX=bytes:1011125503
iniRX=bytes:1992238
endRX=bytes:31556120
MaxBitrate=8192
nPackets=19111
pktSize=50000
reads=200
time=5
samples=2e+02
start_time=2282.81
end_time=3356.74
energy=77345000 77345000 77345000 77291000 77291000 77291000 77248000 77248000 77248000 77205000 77205000 77205000 77161000 77161000 77161000 77161000 77096000 77096000 77096000 77053000 77053000 77053000 77010000 77010000 77010000 77010000 76967000 76967000 76967000 76902000 76902000 76902000 76859000 76859000 76859000 76815000 76815000 76815000 76815000 76761000 76761000 76761000 76707000 76707000 76707000 76664000 76664000 76664000 76664000 76621000 76621000 76621000 76567000 76567000 76567000 76513000 76513000 76469000 76469000 76469000 76426000 76426000 76426000 76383000 76383000 76383000 76383000 76318000 76318000 76318000 76275000 76275000 76275000 76232000 76232000 76232000 76232000 76167000 76167000 76167000 76124000 76124000 76124000 76080000 76080000 76080000 76037000 76037000 76037000 76037000 75972000 75972000 75972000 75929000 75929000 75929000 75875000 75875000 75875000 75875000 75832000 75832000 75832000 75778000 75778000 75778000 75734000 75734000 75734000 75680000 75680000 75680000 75680000 75637000 75637000 75637000 75583000 75583000 75583000 75529000 75529000 75529000 75529000 75486000 75486000 75486000 75442000 75442000 75442000 75378000 75378000 75378000 75334000 75334000 75334000 75334000 75291000 75291000 75291000 75226000 75226000 75226000 75183000 75183000 75183000 75183000 75140000 75140000 75140000 75075000 75075000 75075000 75032000 75032000 75032000 74988000 74988000 74988000 74924000 74924000 74924000 74924000 74880000 74880000 74880000 74837000 74837000 74837000 74783000 74783000 74783000 74729000 74729000 74729000 74686000 74686000 74686000 74686000 74632000 74632000 74632000 74578000 74578000 74578000 74534000 74534000 74534000 74534000 74480000 74480000 74480000 74437000 74437000 74437000 74383000 74383000 74383000 74340000 74340000 74340000 
power=8572000 8572000 8572000 10031000 10031000 10031000 11069000 11069000 11069000 11372000 11372000 11372000 11977000 11977000 11977000 11977000 12107000 12107000 12107000 12107000 12107000 12107000 12161000 12161000 12161000 12161000 12161000 12161000 12161000 12161000 12161000 12161000 11923000 11923000 11923000 12042000 12042000 12042000 12042000 12107000 12107000 12107000 12107000 12107000 12107000 12161000 12161000 12161000 12161000 12161000 12161000 12161000 12161000 12161000 12161000 12042000 12042000 11285000 11285000 11285000 11718000 11718000 11718000 11923000 11923000 11923000 11923000 11955000 11955000 11955000 12161000 12161000 12161000 12161000 12161000 12161000 12161000 12280000 12280000 12280000 12107000 12107000 12107000 12128000 12128000 12128000 12280000 12280000 12280000 12280000 12301000 12301000 12301000 12366000 12366000 12366000 12507000 12507000 12507000 12507000 12453000 12453000 12453000 12182000 12182000 12182000 12182000 12182000 12182000 12161000 12161000 12161000 12161000 12247000 12247000 12247000 12345000 12345000 12345000 12366000 12366000 12366000 12366000 12399000 12399000 12399000 12161000 12161000 12161000 12388000 12388000 12388000 12388000 12388000 12388000 12388000 12258000 12258000 12258000 12323000 12323000 12323000 12301000 12301000 12301000 12301000 12301000 12301000 12301000 12063000 12063000 12063000 12063000 12063000 12063000 12182000 12182000 12182000 12204000 12204000 12204000 12204000 12258000 12258000 12258000 12301000 12301000 12301000 12301000 12301000 12301000 12301000 12301000 12301000 12063000 12063000 12063000 12063000 12182000 12182000 12182000 12236000 12236000 12236000 12236000 12236000 12236000 12236000 12182000 12182000 12182000 12118000 12118000 12118000 12204000 12204000 12204000 12118000 12118000 12118000 
voltage=10810000 10810000 10810000 10810000 10810000 10810000 10810000 10810000 10810000 10810000 10810000 10810000 10810000 10810000 10810000 10810000 10810000 10810000 10810000 10810000 10810000 10810000 10810000 10810000 10810000 10810000 10810000 10810000 10810000 10810000 10810000 10810000 10810000 10810000 10810000 10810000 10810000 10810000 10810000 10810000 10810000 10810000 10810000 10810000 10810000 10810000 10810000 10810000 10810000 10810000 10810000 10810000 10810000 10810000 10810000 10810000 10810000 10810000 10810000 10810000 10810000 10810000 10810000 10810000 10810000 10810000 10810000 10810000 10810000 10810000 10810000 10810000 10810000 10810000 10810000 10810000 10810000 10810000 10810000 10810000 10810000 10810000 10810000 10810000 10810000 10810000 10810000 10810000 10810000 10810000 10810000 10810000 10810000 10810000 10810000 10810000 10810000 10810000 10810000 10810000 10810000 10810000 10810000 10810000 10810000 10810000 10810000 10810000 10810000 10810000 10810000 10810000 10810000 10810000 10810000 10810000 10810000 10810000 10810000 10810000 10810000 10810000 10810000 10810000 10810000 10810000 10810000 10810000 10810000 10810000 10810000 10810000 10810000 10810000 10810000 10810000 10810000 10810000 10810000 10810000 10810000 10810000 10810000 10810000 10810000 10810000 10810000 10810000 10810000 10810000 10810000 10810000 10810000 10810000 10810000 10810000 10810000 10810000 10810000 10810000 10810000 10810000 10810000 10810000 10810000 10810000 10810000 10810000 10810000 10810000 10810000 10810000 10810000 10810000 10810000 10810000 10810000 10810000 10810000 10810000 10810000 10810000 10810000 10810000 10810000 10810000 10810000 10810000 10810000 10810000 10810000 10810000 10810000 10810000 10810000 10810000 10810000 10810000 10810000 10810000 
