RUN=0
name=system_usb
iniTX=
endTX=
iniRX=
endRX=
MaxBitrate=8192
nPackets=978672760
pktSize=50000
reads=200
time=5
samples=2e+02
start_time=1490.15
end_time=2490.24
energy=73832000 73789000 73789000 73789000 73756000 73756000 73756000 73756000 73713000 73713000 73713000 73670000 73670000 73670000 73637000 73637000 73637000 73637000 73594000 73594000 73594000 73540000 73540000 73540000 73518000 73518000 73518000 73518000 73475000 73475000 73475000 73443000 73443000 73443000 73399000 73399000 73399000 73399000 73345000 73345000 73345000 73324000 73324000 73324000 73280000 73280000 73280000 73280000 73226000 73226000 73226000 73205000 73205000 73205000 73205000 73151000 73151000 73151000 73108000 73108000 73108000 73075000 73075000 73075000 73075000 73032000 73032000 73032000 73010000 73010000 73010000 72956000 72956000 72956000 72956000 72913000 72913000 72913000 72881000 72881000 72881000 72837000 72837000 72837000 72837000 72816000 72816000 72816000 72762000 72762000 72762000 72718000 72718000 72718000 72718000 72686000 72686000 72686000 72643000 72643000 72643000 72621000 72621000 72621000 72621000 72567000 72567000 72567000 72524000 72524000 72524000 72491000 72491000 72491000 72491000 72448000 72448000 72448000 72405000 72405000 72405000 72372000 72372000 72372000 72372000 72329000 72329000 72329000 72286000 72286000 72286000 72254000 72254000 72254000 72254000 72210000 72210000 72210000 72178000 72178000 72178000 72135000 72135000 72135000 72135000 72102000 72102000 72102000 72059000 72059000 72059000 72016000 72016000 72016000 72016000 71972000 71972000 71972000 71940000 71940000 71940000 71897000 71897000 71897000 71897000 71864000 71864000 71864000 71821000 71821000 71821000 71789000 71789000 71789000 71789000 71745000 71745000 71745000 71702000 71702000 71702000 71670000 71670000 71670000 71670000 71627000 71627000 71627000 71583000 71583000 71583000 71551000 71551000 71551000 71551000 71508000 71508000 71508000 71475000 71475000 
power=10788000 10150000 10150000 10150000 9783000 9783000 9783000 9783000 10258000 10258000 10258000 9783000 9783000 9783000 9718000 9718000 9718000 9718000 10107000 10107000 10107000 9923000 9923000 9923000 9815000 9815000 9815000 9815000 9664000 9664000 9664000 9642000 9642000 9642000 9901000 9901000 9901000 9901000 9815000 9815000 9815000 9761000 9761000 9761000 9761000 9761000 9761000 9761000 9674000 9674000 9674000 9556000 9556000 9556000 9556000 9880000 9880000 9880000 9966000 9966000 9966000 9642000 9642000 9642000 9642000 9674000 9674000 9674000 9620000 9620000 9620000 9556000 9556000 9556000 9556000 9599000 9599000 9599000 9469000 9469000 9469000 9880000 9880000 9880000 9880000 9739000 9739000 9739000 9761000 9761000 9761000 9620000 9620000 9620000 9620000 9556000 9556000 9556000 9577000 9577000 9577000 9437000 9437000 9437000 9437000 10107000 10107000 10107000 9729000 9729000 9729000 9642000 9642000 9642000 9642000 9707000 9707000 9707000 9556000 9556000 9556000 9599000 9599000 9599000 9599000 9469000 9469000 9469000 9880000 9880000 9880000 9739000 9739000 9739000 9739000 9523000 9523000 9523000 9729000 9729000 9729000 9501000 9501000 9501000 9501000 9523000 9523000 9523000 9458000 9458000 9458000 10085000 10085000 10085000 10085000 9847000 9847000 9847000 9577000 9577000 9577000 9674000 9674000 9674000 9674000 9437000 9437000 9437000 9501000 9501000 9501000 9556000 9556000 9556000 9556000 9793000 9793000 9793000 9945000 9945000 9945000 9761000 9761000 9761000 9761000 9707000 9707000 9707000 9642000 9642000 9642000 9599000 9599000 9599000 9599000 9599000 9599000 9599000 9599000 9599000 
voltage=10810000 10810000 10810000 10810000 10810000 10810000 10810000 10810000 10810000 10810000 10810000 10810000 10810000 10810000 10810000 10810000 10810000 10810000 10810000 10810000 10810000 10810000 10810000 10810000 10810000 10810000 10810000 10810000 10810000 10810000 10810000 10810000 10810000 10810000 10810000 10810000 10810000 10810000 10810000 10810000 10810000 10810000 10810000 10810000 10810000 10810000 10810000 10810000 10810000 10810000 10810000 10810000 10810000 10810000 10810000 10810000 10810000 10810000 10810000 10810000 10810000 10810000 10810000 10810000 10810000 10810000 10810000 10810000 10810000 10810000 10810000 10810000 10810000 10810000 10810000 10810000 10810000 10810000 10810000 10810000 10810000 10810000 10810000 10810000 10810000 10810000 10810000 10810000 10810000 10810000 10810000 10810000 10810000 10810000 10810000 10810000 10810000 10810000 10810000 10810000 10810000 10810000 10810000 10810000 10810000 10810000 10810000 10810000 10810000 10810000 10810000 10810000 10810000 10810000 10810000 10810000 10810000 10810000 10810000 10810000 10810000 10810000 10810000 10810000 10810000 10810000 10810000 10810000 10810000 10810000 10810000 10810000 10810000 10810000 10810000 10810000 10810000 10810000 10810000 10810000 10810000 10810000 10810000 10810000 10810000 10810000 10810000 10810000 10810000 10810000 10810000 10810000 10810000 10810000 10810000 10810000 10810000 10810000 10810000 10810000 10810000 10810000 10810000 10810000 10810000 10810000 10810000 10810000 10810000 10810000 10810000 10810000 10810000 10810000 10810000 10810000 10810000 10810000 10810000 10810000 10810000 10810000 10810000 10810000 10810000 10810000 10810000 10810000 10810000 10810000 10810000 10810000 10810000 10810000 10810000 10810000 10810000 10810000 10810000 10810000 
