RUN=0
name=system
iniTX=
endTX=
iniRX=
endRX=
MaxBitrate=8192
nPackets=755416184
pktSize=50000
reads=200
time=5
samples=2e+02
start_time=515.145
end_time=1515.24
energy=76005000 76005000 76005000 75972000 75972000 75972000 75940000 75940000 75940000 75940000 75918000 75918000 75918000 75886000 75886000 75886000 75853000 75853000 75853000 75853000 75821000 75821000 75821000 75788000 75788000 75788000 75767000 75767000 75767000 75767000 75734000 75734000 75734000 75691000 75691000 75691000 75659000 75659000 75659000 75659000 75626000 75626000 75626000 75594000 75594000 75594000 75572000 75572000 75572000 75572000 75540000 75540000 75540000 75507000 75507000 75507000 75475000 75475000 75475000 75475000 75453000 75453000 75453000 75421000 75421000 75421000 75388000 75388000 75388000 75388000 75356000 75356000 75356000 75324000 75324000 75324000 75302000 75302000 75302000 75302000 75270000 75270000 75270000 75237000 75237000 75237000 75205000 75205000 75205000 75205000 75183000 75183000 75183000 75151000 75151000 75151000 75118000 75118000 75118000 75118000 75075000 75075000 75075000 75043000 75043000 75043000 75010000 75010000 75010000 75010000 74988000 74988000 74988000 74956000 74956000 74956000 74924000 74924000 74924000 74924000 74891000 74891000 74891000 74870000 74870000 74870000 74837000 74837000 74837000 74837000 74805000 74805000 74805000 74772000 74772000 74772000 74740000 74740000 74740000 74740000 74718000 74718000 74718000 74686000 74686000 74686000 74653000 74653000 74653000 74653000 74621000 74621000 74621000 74599000 74599000 74599000 74567000 74567000 74567000 74567000 74534000 74534000 74534000 74502000 74502000 74502000 74470000 74470000 74470000 74470000 74426000 74426000 74426000 74405000 74405000 74405000 74372000 74372000 74372000 74372000 74340000 74340000 74340000 74307000 74307000 74307000 74275000 74275000 74275000 74275000 74253000 74253000 74253000 74221000 74221000 74221000 74189000 74189000 74189000 74189000 
power=8183000 8183000 8183000 7588000 7588000 7588000 7664000 7664000 7664000 7664000 7729000 7729000 7729000 7631000 7631000 7631000 7610000 7610000 7610000 7610000 7685000 7685000 7685000 7610000 7610000 7610000 7567000 7567000 7567000 7567000 7685000 7685000 7685000 7610000 7610000 7610000 7567000 7567000 7567000 7567000 7567000 7567000 7567000 7545000 7545000 7545000 7545000 7545000 7545000 7545000 7545000 7545000 7545000 7545000 7545000 7545000 7545000 7545000 7545000 7545000 7545000 7545000 7545000 7545000 7545000 7545000 7545000 7545000 7545000 7545000 7545000 7545000 7545000 7545000 7545000 7545000 7545000 7545000 7545000 7545000 7545000 7545000 7545000 7545000 7545000 7545000 7545000 7545000 7545000 7545000 7545000 7545000 7545000 7545000 7545000 7545000 7545000 7545000 7545000 7545000 7545000 7545000 7545000 7545000 7545000 7545000 7545000 7545000 7545000 7545000 7664000 7664000 7664000 7610000 7610000 7610000 7567000 7567000 7567000 7567000 7685000 7685000 7685000 7610000 7610000 7610000 7567000 7567000 7567000 7567000 7567000 7567000 7567000 7545000 7545000 7545000 7545000 7545000 7545000 7545000 7664000 7664000 7664000 7729000 7729000 7729000 7631000 7631000 7631000 7631000 7729000 7729000 7729000 7631000 7631000 7631000 7567000 7567000 7567000 7567000 7567000 7567000 7567000 7545000 7545000 7545000 7545000 7545000 7545000 7545000 7545000 7545000 7545000 7545000 7545000 7545000 7545000 7545000 7545000 7545000 7545000 7545000 7545000 7545000 7545000 7545000 7545000 7545000 7545000 7545000 7545000 7545000 7545000 7545000 7545000 7545000 7545000 7545000 7545000 7545000 
voltage=10810000 10810000 10810000 10810000 10810000 10810000 10810000 10810000 10810000 10810000 10810000 10810000 10810000 10810000 10810000 10810000 10810000 10810000 10810000 10810000 10810000 10810000 10810000 10810000 10810000 10810000 10810000 10810000 10810000 10810000 10810000 10810000 10810000 10810000 10810000 10810000 10810000 10810000 10810000 10810000 10810000 10810000 10810000 10810000 10810000 10810000 10810000 10810000 10810000 10810000 10810000 10810000 10810000 10810000 10810000 10810000 10810000 10810000 10810000 10810000 10810000 10810000 10810000 10810000 10810000 10810000 10810000 10810000 10810000 10810000 10810000 10810000 10810000 10810000 10810000 10810000 10810000 10810000 10810000 10810000 10810000 10810000 10810000 10810000 10810000 10810000 10810000 10810000 10810000 10810000 10810000 10810000 10810000 10810000 10810000 10810000 10810000 10810000 10810000 10810000 10810000 10810000 10810000 10810000 10810000 10810000 10810000 10810000 10810000 10810000 10810000 10810000 10810000 10810000 10810000 10810000 10810000 10810000 10810000 10810000 10810000 10810000 10810000 10810000 10810000 10810000 10810000 10810000 10810000 10810000 10810000 10810000 10810000 10810000 10810000 10810000 10810000 10810000 10810000 10810000 10810000 10810000 10810000 10810000 10810000 10810000 10810000 10810000 10810000 10810000 10810000 10810000 10810000 10810000 10810000 10810000 10810000 10810000 10810000 10810000 10810000 10810000 10810000 10810000 10810000 10810000 10810000 10810000 10810000 10810000 10810000 10810000 10810000 10810000 10810000 10810000 10810000 10810000 10810000 10810000 10810000 10810000 10810000 10810000 10810000 10810000 10810000 10810000 10810000 10810000 10810000 10810000 10810000 10810000 10810000 10810000 10810000 10810000 10810000 10810000 
