RUN=0
name=system
iniTX=
endTX=
iniRX=
endRX=
MaxBitrate=8192
nPackets=579468408
pktSize=50000
reads=200
time=5
samples=2e+02
start_time=411.384
end_time=1411.48
energy=76005000 76005000 76005000 75972000 75972000 75972000 75972000 75940000 75940000 75940000 75897000 75897000 75897000 75864000 75864000 75864000 75864000 75842000 75842000 75842000 75788000 75788000 75788000 75767000 75767000 75767000 75767000 75734000 75734000 75734000 75691000 75691000 75691000 75659000 75659000 75659000 75659000 75626000 75626000 75626000 75583000 75583000 75583000 75551000 75551000 75551000 75551000 75529000 75529000 75529000 75475000 75475000 75475000 75453000 75453000 75453000 75453000 75421000 75421000 75421000 75378000 75378000 75378000 75345000 75345000 75345000 75345000 75313000 75313000 75313000 75270000 75270000 75270000 75237000 75237000 75237000 75237000 75205000 75205000 75205000 75161000 75161000 75161000 75129000 75129000 75129000 75129000 75107000 75107000 75107000 75075000 75075000 75075000 75043000 75043000 75043000 75043000 75010000 75010000 75010000 74988000 74988000 74988000 74956000 74956000 74956000 74956000 74924000 74924000 74924000 74891000 74891000 74891000 74870000 74870000 74870000 74870000 74837000 74837000 74837000 74805000 74805000 74805000 74772000 74772000 74772000 74772000 74740000 74740000 74740000 74697000 74697000 74697000 74664000 74664000 74664000 74664000 74643000 74643000 74643000 74610000 74610000 74610000 74578000 74578000 74578000 74578000 74545000 74545000 74545000 74524000 74524000 74524000 74491000 74491000 74491000 74491000 74459000 74459000 74459000 74426000 74426000 74426000 74405000 74405000 74405000 74405000 74351000 74351000 74351000 74329000 74329000 74329000 74297000 74297000 74297000 74297000 74253000 74253000 74253000 74221000 74221000 74221000 74189000 74189000 74189000 74189000 74145000 74145000 74145000 74113000 74113000 74113000 74080000 74080000 74080000 74080000 74037000 74037000 74037000 
power=9080000 9080000 9080000 8756000 8756000 8756000 8756000 8734000 8734000 8734000 8734000 8734000 8734000 8734000 8734000 8734000 8734000 8734000 8734000 8734000 8734000 8734000 8734000 8734000 8734000 8734000 8734000 8734000 8734000 8734000 8734000 8734000 8734000 8734000 8734000 8734000 8734000 8604000 8604000 8604000 8302000 8302000 8302000 8518000 8518000 8518000 8518000 8604000 8604000 8604000 8637000 8637000 8637000 8734000 8734000 8734000 8734000 8734000 8734000 8734000 8734000 8734000 8734000 8734000 8734000 8734000 8734000 8734000 8734000 8734000 8734000 8734000 8734000 8734000 8734000 8734000 8734000 8734000 8734000 8734000 8734000 8734000 8734000 8604000 8604000 8604000 8604000 8075000 8075000 8075000 7815000 7815000 7815000 7653000 7653000 7653000 7653000 7545000 7545000 7545000 7545000 7545000 7545000 7545000 7545000 7545000 7545000 7545000 7545000 7545000 7545000 7545000 7545000 7545000 7545000 7545000 7545000 7545000 7545000 7545000 7545000 7545000 7545000 7545000 7545000 7545000 7545000 7545000 7545000 7545000 7545000 7545000 7545000 7545000 7545000 7545000 7545000 7545000 7545000 7545000 7545000 7545000 7545000 7545000 7545000 7545000 7545000 7545000 7545000 7545000 7545000 7545000 7545000 7545000 7545000 7545000 7545000 7545000 7545000 7545000 7545000 7545000 7545000 8139000 8139000 8139000 8139000 8431000 8431000 8431000 8572000 8572000 8572000 8604000 8604000 8604000 8604000 8669000 8669000 8669000 8691000 8691000 8691000 8691000 8691000 8691000 8691000 8734000 8734000 8734000 8734000 8734000 8734000 8734000 8734000 8734000 8734000 8734000 8734000 8734000 
voltage=10810000 10810000 10810000 10810000 10810000 10810000 10810000 10810000 10810000 10810000 10810000 10810000 10810000 10810000 10810000 10810000 10810000 10810000 10810000 10810000 10810000 10810000 10810000 10810000 10810000 10810000 10810000 10810000 10810000 10810000 10810000 10810000 10810000 10810000 10810000 10810000 10810000 10810000 10810000 10810000 10810000 10810000 10810000 10810000 10810000 10810000 10810000 10810000 10810000 10810000 10810000 10810000 10810000 10810000 10810000 10810000 10810000 10810000 10810000 10810000 10810000 10810000 10810000 10810000 10810000 10810000 10810000 10810000 10810000 10810000 10810000 10810000 10810000 10810000 10810000 10810000 10810000 10810000 10810000 10810000 10810000 10810000 10810000 10810000 10810000 10810000 10810000 10810000 10810000 10810000 10810000 10810000 10810000 10810000 10810000 10810000 10810000 10810000 10810000 10810000 10810000 10810000 10810000 10810000 10810000 10810000 10810000 10810000 10810000 10810000 10810000 10810000 10810000 10810000 10810000 10810000 10810000 10810000 10810000 10810000 10810000 10810000 10810000 10810000 10810000 10810000 10810000 10810000 10810000 10810000 10810000 10810000 10810000 10810000 10810000 10810000 10810000 10810000 10810000 10810000 10810000 10810000 10810000 10810000 10810000 10810000 10810000 10810000 10810000 10810000 10810000 10810000 10810000 10810000 10810000 10810000 10810000 10810000 10810000 10810000 10810000 10810000 10810000 10810000 10810000 10810000 10810000 10810000 10810000 10810000 10810000 10810000 10810000 10810000 10810000 10810000 10810000 10810000 10810000 10810000 10810000 10810000 10810000 10810000 10810000 10810000 10810000 10810000 10810000 10810000 10810000 10810000 10810000 10810000 10810000 10810000 10810000 10810000 10810000 10810000 
