RUN=0
name=system
iniTX=
endTX=
iniRX=
endRX=
MaxBitrate=8192
nPackets=-755766152
pktSize=50000
reads=200
time=5
samples=2e+02
start_time=4785.12
end_time=5785.21
energy=64178000 64178000 64178000 64146000 64146000 64146000 64103000 64103000 64103000 64070000 64070000 64070000 64070000 64027000 64027000 64027000 63995000 63995000 63995000 63962000 63962000 63962000 63919000 63919000 63919000 63919000 63887000 63887000 63887000 63843000 63843000 63843000 63822000 63822000 63822000 63822000 63768000 63768000 63768000 63746000 63746000 63746000 63714000 63714000 63714000 63714000 63670000 63670000 63670000 63638000 63638000 63638000 63606000 63606000 63606000 63606000 63573000 63573000 63573000 63551000 63551000 63551000 63497000 63497000 63497000 63497000 63476000 63476000 63476000 63443000 63443000 63443000 63411000 63411000 63411000 63411000 63379000 63379000 63379000 63357000 63357000 63357000 63324000 63324000 63324000 63324000 63292000 63292000 63292000 63249000 63249000 63249000 63216000 63216000 63216000 63216000 63184000 63184000 63184000 63162000 63162000 63162000 63130000 63130000 63130000 63130000 63097000 63097000 63097000 63065000 63065000 63065000 63033000 63033000 63033000 63033000 63011000 63011000 63011000 62957000 62957000 62957000 62935000 62935000 62935000 62935000 62903000 62903000 62903000 62870000 62870000 62870000 62838000 62838000 62838000 62838000 62816000 62816000 62816000 62784000 62784000 62784000 62741000 62741000 62741000 62741000 62708000 62708000 62708000 62665000 62665000 62665000 62633000 62633000 62633000 62633000 62589000 62589000 62589000 62557000 62557000 62557000 62525000 62525000 62525000 62525000 62481000 62481000 62481000 62449000 62449000 62449000 62406000 62406000 62406000 62406000 62373000 62373000 62373000 62352000 62352000 62352000 62319000 62319000 62319000 62319000 62287000 62287000 62287000 62254000 62254000 62254000 62233000 62233000 62233000 62233000 62179000 62179000 62179000 62157000 
power=9318000 9318000 9318000 8939000 8939000 8939000 8864000 8864000 8864000 8896000 8896000 8896000 8896000 8896000 8896000 8896000 8777000 8777000 8777000 8723000 8723000 8723000 8691000 8691000 8691000 8691000 8669000 8669000 8669000 8669000 8669000 8669000 8669000 8669000 8669000 8669000 8777000 8777000 8777000 8842000 8842000 8842000 8745000 8745000 8745000 8745000 8723000 8723000 8723000 8464000 8464000 8464000 8042000 8042000 8042000 8042000 7815000 7815000 7815000 7675000 7675000 7675000 7696000 7696000 7696000 7696000 7642000 7642000 7642000 7621000 7621000 7621000 7718000 7718000 7718000 7718000 7642000 7642000 7642000 7621000 7621000 7621000 7621000 7621000 7621000 7621000 7696000 7696000 7696000 7642000 7642000 7642000 7556000 7556000 7556000 7556000 7556000 7556000 7556000 7534000 7534000 7534000 7534000 7534000 7534000 7534000 7534000 7534000 7534000 7534000 7534000 7534000 7534000 7534000 7534000 7534000 7534000 7534000 7534000 7534000 7534000 7534000 7534000 7534000 7534000 7534000 7534000 7534000 7534000 7534000 7534000 7534000 7534000 7534000 7534000 7534000 7534000 7534000 7534000 8085000 8085000 8085000 8366000 8366000 8366000 8366000 8507000 8507000 8507000 8669000 8669000 8669000 8669000 8669000 8669000 8669000 8669000 8669000 8669000 8669000 8669000 8669000 8669000 8669000 8669000 8669000 8669000 8669000 8669000 8669000 8669000 8669000 8669000 8669000 8669000 8669000 8431000 8431000 8431000 8085000 8085000 8085000 7912000 7912000 7912000 7912000 7696000 7696000 7696000 7696000 7696000 7696000 7610000 7610000 7610000 7610000 7556000 7556000 7556000 7556000 
voltage=10810000 10810000 10810000 10810000 10810000 10810000 10810000 10810000 10810000 10810000 10810000 10810000 10810000 10810000 10810000 10810000 10810000 10810000 10810000 10810000 10810000 10810000 10810000 10810000 10810000 10810000 10810000 10810000 10810000 10810000 10810000 10810000 10810000 10810000 10810000 10810000 10810000 10810000 10810000 10810000 10810000 10810000 10810000 10810000 10810000 10810000 10810000 10810000 10810000 10810000 10810000 10810000 10810000 10810000 10810000 10810000 10810000 10810000 10810000 10810000 10810000 10810000 10810000 10810000 10810000 10810000 10810000 10810000 10810000 10810000 10810000 10810000 10810000 10810000 10810000 10810000 10810000 10810000 10810000 10810000 10810000 10810000 10810000 10810000 10810000 10810000 10810000 10810000 10810000 10810000 10810000 10810000 10810000 10810000 10810000 10810000 10810000 10810000 10810000 10810000 10810000 10810000 10810000 10810000 10810000 10810000 10810000 10810000 10810000 10810000 10810000 10810000 10810000 10810000 10810000 10810000 10810000 10810000 10810000 10810000 10810000 10810000 10810000 10810000 10810000 10810000 10810000 10810000 10810000 10810000 10810000 10810000 10810000 10810000 10810000 10810000 10810000 10810000 10810000 10810000 10810000 10810000 10810000 10810000 10810000 10810000 10810000 10810000 10810000 10810000 10810000 10810000 10810000 10810000 10810000 10810000 10810000 10810000 10810000 10810000 10810000 10810000 10810000 10810000 10810000 10810000 10810000 10810000 10810000 10810000 10810000 10810000 10810000 10810000 10810000 10810000 10810000 10810000 10810000 10810000 10810000 10810000 10810000 10810000 10810000 10810000 10810000 10810000 10810000 10810000 10810000 10810000 10810000 10810000 10810000 10810000 10810000 10810000 10810000 10810000 
