RUN=0
name=system_usb
iniTX=
endTX=
iniRX=
endRX=
MaxBitrate=8192
nPackets=702860408
pktSize=50000
reads=200
time=5
samples=2e+02
start_time=1265.29
end_time=2265.38
energy=79572000 79572000 79572000 79529000 79529000 79529000 79496000 79496000 79496000 79475000 79475000 79475000 79475000 79421000 79421000 79421000 79399000 79399000 79399000 79367000 79367000 79367000 79367000 79323000 79323000 79323000 79291000 79291000 79291000 79258000 79258000 79258000 79258000 79215000 79215000 79215000 79183000 79183000 79183000 79150000 79150000 79150000 79150000 79129000 79129000 79129000 79075000 79075000 79075000 79053000 79053000 79053000 79053000 79021000 79021000 79021000 78977000 78977000 78977000 78945000 78945000 78945000 78945000 78913000 78913000 78913000 78869000 78869000 78869000 78837000 78837000 78837000 78837000 78815000 78815000 78815000 78783000 78783000 78783000 78740000 78740000 78740000 78740000 78707000 78707000 78707000 78675000 78675000 78675000 78631000 78631000 78631000 78631000 78599000 78599000 78599000 78567000 78567000 78567000 78545000 78545000 78545000 78545000 78491000 78491000 78491000 78469000 78469000 78469000 78415000 78415000 78415000 78415000 78394000 78394000 78394000 78361000 78361000 78361000 78329000 78329000 78329000 78329000 78286000 78286000 78286000 78253000 78253000 78253000 78221000 78221000 78221000 78221000 78177000 78177000 78177000 78156000 78156000 78156000 78123000 78123000 78123000 78123000 78080000 78080000 78080000 78048000 78048000 78048000 78015000 78015000 78015000 78015000 77972000 77972000 77972000 77940000 77940000 77940000 77907000 77907000 77907000 77907000 77864000 77864000 77864000 77832000 77832000 77832000 77832000 77810000 77810000 77810000 77777000 77777000 77777000 77734000 77734000 77734000 77734000 77702000 77702000 77702000 77669000 77669000 77669000 77626000 77626000 77626000 77626000 77594000 77594000 77594000 77561000 77561000 77561000 77518000 77518000 77518000 77518000 
power=8983000 8983000 8983000 8572000 8572000 8572000 9004000 9004000 9004000 8723000 8723000 8723000 8723000 8593000 8593000 8593000 8593000 8593000 8593000 8842000 8842000 8842000 8842000 8658000 8658000 8658000 8572000 8572000 8572000 8453000 8453000 8453000 8453000 8431000 8431000 8431000 8691000 8691000 8691000 8572000 8572000 8572000 8572000 8431000 8431000 8431000 8485000 8485000 8485000 8453000 8453000 8453000 8453000 8345000 8345000 8345000 8896000 8896000 8896000 8572000 8572000 8572000 8572000 8518000 8518000 8518000 8572000 8572000 8572000 8453000 8453000 8453000 8453000 8485000 8485000 8485000 8366000 8366000 8366000 8896000 8896000 8896000 8896000 8691000 8691000 8691000 8453000 8453000 8453000 8550000 8550000 8550000 8550000 8345000 8345000 8345000 8388000 8388000 8388000 8345000 8345000 8345000 8345000 8864000 8864000 8864000 8810000 8810000 8810000 8518000 8518000 8518000 8518000 8691000 8691000 8691000 8431000 8431000 8431000 8431000 8431000 8431000 8431000 8485000 8485000 8485000 8691000 8691000 8691000 8723000 8723000 8723000 8723000 8593000 8593000 8593000 8572000 8572000 8572000 8518000 8518000 8518000 8518000 8485000 8485000 8485000 8485000 8485000 8485000 8604000 8604000 8604000 8604000 9026000 9026000 9026000 8637000 8637000 8637000 8572000 8572000 8572000 8572000 8572000 8572000 8572000 8345000 8345000 8345000 8345000 8431000 8431000 8431000 8453000 8453000 8453000 8929000 8929000 8929000 8929000 8723000 8723000 8723000 8485000 8485000 8485000 8550000 8550000 8550000 8550000 8345000 8345000 8345000 8388000 8388000 8388000 8453000 8453000 8453000 8453000 
voltage=10810000 10810000 10810000 10810000 10810000 10810000 10810000 10810000 10810000 10810000 10810000 10810000 10810000 10810000 10810000 10810000 10810000 10810000 10810000 10810000 10810000 10810000 10810000 10810000 10810000 10810000 10810000 10810000 10810000 10810000 10810000 10810000 10810000 10810000 10810000 10810000 10810000 10810000 10810000 10810000 10810000 10810000 10810000 10810000 10810000 10810000 10810000 10810000 10810000 10810000 10810000 10810000 10810000 10810000 10810000 10810000 10810000 10810000 10810000 10810000 10810000 10810000 10810000 10810000 10810000 10810000 10810000 10810000 10810000 10810000 10810000 10810000 10810000 10810000 10810000 10810000 10810000 10810000 10810000 10810000 10810000 10810000 10810000 10810000 10810000 10810000 10810000 10810000 10810000 10810000 10810000 10810000 10810000 10810000 10810000 10810000 10810000 10810000 10810000 10810000 10810000 10810000 10810000 10810000 10810000 10810000 10810000 10810000 10810000 10810000 10810000 10810000 10810000 10810000 10810000 10810000 10810000 10810000 10810000 10810000 10810000 10810000 10810000 10810000 10810000 10810000 10810000 10810000 10810000 10810000 10810000 10810000 10810000 10810000 10810000 10810000 10810000 10810000 10810000 10810000 10810000 10810000 10810000 10810000 10810000 10810000 10810000 10810000 10810000 10810000 10810000 10810000 10810000 10810000 10810000 10810000 10810000 10810000 10810000 10810000 10810000 10810000 10810000 10810000 10810000 10810000 10810000 10810000 10810000 10810000 10810000 10810000 10810000 10810000 10810000 10810000 10810000 10810000 10810000 10810000 10810000 10810000 10810000 10810000 10810000 10810000 10810000 10810000 10810000 10810000 10810000 10810000 10810000 10810000 10810000 10810000 10810000 10810000 10810000 10810000 
