RUN=0
name=system_usb
iniTX=
endTX=
iniRX=
endRX=
MaxBitrate=8192
nPackets=711326840
pktSize=50000
reads=200
time=5
samples=2e+02
start_time=1594.01
end_time=2594.1
energy=73994000 73962000 73962000 73962000 73918000 73918000 73918000 73886000 73886000 73886000 73886000 73843000 73843000 73843000 73810000 73810000 73810000 73789000 73789000 73789000 73789000 73745000 73745000 73745000 73713000 73713000 73713000 73680000 73680000 73680000 73680000 73637000 73637000 73637000 73605000 73605000 73605000 73572000 73572000 73572000 73572000 73529000 73529000 73529000 73497000 73497000 73497000 73475000 73475000 73475000 73475000 73421000 73421000 73421000 73399000 73399000 73399000 73367000 73367000 73367000 73367000 73324000 73324000 73324000 73291000 73291000 73291000 73259000 73259000 73259000 73259000 73216000 73216000 73216000 73183000 73183000 73183000 73151000 73151000 73151000 73151000 73108000 73108000 73108000 73075000 73075000 73075000 73053000 73053000 73053000 73053000 73010000 73010000 73010000 72978000 72978000 72978000 72945000 72945000 72945000 72945000 72913000 72913000 72913000 72870000 72870000 72870000 72870000 72837000 72837000 72837000 72794000 72794000 72794000 72762000 72762000 72762000 72762000 72740000 72740000 72740000 72686000 72686000 72686000 72664000 72664000 72664000 72664000 72632000 72632000 72632000 72589000 72589000 72589000 72556000 72556000 72556000 72556000 72524000 72524000 72524000 72481000 72481000 72481000 72448000 72448000 72448000 72448000 72416000 72416000 72416000 72372000 72372000 72372000 72351000 72351000 72351000 72351000 72318000 72318000 72318000 72275000 72275000 72275000 72243000 72243000 72243000 72243000 72210000 72210000 72210000 72167000 72167000 72167000 72135000 72135000 72135000 72135000 72102000 72102000 72102000 72059000 72059000 72059000 72027000 72027000 72027000 72027000 72005000 72005000 72005000 71951000 71951000 71951000 71929000 71929000 71929000 71929000 71897000 71897000 
power=9718000 8983000 8983000 8983000 8593000 8593000 8593000 9188000 9188000 9188000 9188000 8669000 8669000 8669000 8572000 8572000 8572000 8723000 8723000 8723000 8723000 8875000 8875000 8875000 8810000 8810000 8810000 8550000 8550000 8550000 8550000 8550000 8550000 8550000 8723000 8723000 8723000 8929000 8929000 8929000 8929000 8842000 8842000 8842000 8691000 8691000 8691000 8723000 8723000 8723000 8723000 8572000 8572000 8572000 8637000 8637000 8637000 8939000 8939000 8939000 8939000 8691000 8691000 8691000 8593000 8593000 8593000 8572000 8572000 8572000 8572000 8485000 8485000 8485000 8366000 8366000 8366000 8431000 8431000 8431000 8431000 8853000 8853000 8853000 8691000 8691000 8691000 8723000 8723000 8723000 8723000 8658000 8658000 8658000 8518000 8518000 8518000 8518000 8518000 8518000 8518000 8485000 8485000 8485000 9004000 9004000 9004000 9004000 8777000 8777000 8777000 8637000 8637000 8637000 8637000 8637000 8637000 8637000 8604000 8604000 8604000 8669000 8669000 8669000 8572000 8572000 8572000 8572000 8950000 8950000 8950000 8756000 8756000 8756000 8648000 8648000 8648000 8648000 8658000 8658000 8658000 8442000 8442000 8442000 8442000 8442000 8442000 8442000 8420000 8420000 8420000 8648000 8648000 8648000 8766000 8766000 8766000 8766000 8702000 8702000 8702000 8583000 8583000 8583000 8507000 8507000 8507000 8507000 8561000 8561000 8561000 8475000 8475000 8475000 8561000 8561000 8561000 8561000 9091000 9091000 9091000 8626000 8626000 8626000 8539000 8539000 8539000 8539000 8420000 8420000 8420000 8323000 8323000 8323000 8377000 8377000 8377000 8377000 8507000 8507000 
voltage=10810000 10810000 10810000 10810000 10810000 10810000 10810000 10810000 10810000 10810000 10810000 10810000 10810000 10810000 10810000 10810000 10810000 10810000 10810000 10810000 10810000 10810000 10810000 10810000 10810000 10810000 10810000 10810000 10810000 10810000 10810000 10810000 10810000 10810000 10810000 10810000 10810000 10810000 10810000 10810000 10810000 10810000 10810000 10810000 10810000 10810000 10810000 10810000 10810000 10810000 10810000 10810000 10810000 10810000 10810000 10810000 10810000 10810000 10810000 10810000 10810000 10810000 10810000 10810000 10810000 10810000 10810000 10810000 10810000 10810000 10810000 10810000 10810000 10810000 10810000 10810000 10810000 10810000 10810000 10810000 10810000 10810000 10810000 10810000 10810000 10810000 10810000 10810000 10810000 10810000 10810000 10810000 10810000 10810000 10810000 10810000 10810000 10810000 10810000 10810000 10810000 10810000 10810000 10810000 10810000 10810000 10810000 10810000 10810000 10810000 10810000 10810000 10810000 10810000 10810000 10810000 10810000 10810000 10810000 10810000 10810000 10810000 10810000 10810000 10810000 10810000 10810000 10810000 10810000 10810000 10810000 10810000 10810000 10810000 10810000 10810000 10810000 10810000 10810000 10810000 10810000 10810000 10810000 10810000 10810000 10810000 10810000 10810000 10810000 10810000 10810000 10810000 10810000 10810000 10810000 10810000 10810000 10810000 10810000 10810000 10810000 10810000 10810000 10810000 10810000 10810000 10810000 10810000 10810000 10810000 10810000 10810000 10810000 10810000 10810000 10810000 10810000 10810000 10810000 10810000 10810000 10810000 10810000 10810000 10810000 10810000 10810000 10810000 10810000 10810000 10810000 10810000 10810000 10810000 10810000 10810000 10810000 10810000 10810000 10810000 
