RUN=0
name=wifiTX
iniTX=bytes:89590
endTX=bytes:1001801413
iniRX=bytes:2722779
endRX=bytes:32046560
MaxBitrate=8192
nPackets=18935
pktSize=50000
reads=200
time=5
samples=2e+02
start_time=2506.94
end_time=3575.05
energy=71313000 71248000 71248000 71248000 71248000 71205000 71205000 71205000 71151000 71151000 71151000 71097000 71097000 71097000 71043000 71043000 71043000 71043000 71000000 71000000 71000000 70935000 70935000 70935000 70881000 70881000 70881000 70881000 70827000 70827000 70827000 70773000 70773000 70773000 70729000 70729000 70729000 70664000 70664000 70664000 70664000 70610000 70610000 70610000 70567000 70567000 70567000 70502000 70502000 70502000 70502000 70459000 70459000 70459000 70394000 70394000 70394000 70351000 70351000 70351000 70297000 70297000 70297000 70297000 70232000 70232000 70232000 70189000 70189000 70189000 70124000 70124000 70124000 70124000 70070000 70070000 70070000 70027000 70027000 70027000 69962000 69962000 69962000 69908000 69908000 69908000 69854000 69854000 69854000 69854000 69800000 69800000 69800000 69735000 69735000 69735000 69692000 69692000 69692000 69692000 69638000 69638000 69638000 69573000 69573000 69573000 69529000 69529000 69529000 69486000 69486000 69486000 69486000 69421000 69421000 69421000 69367000 69367000 69367000 69313000 69313000 69313000 69313000 69259000 69259000 69259000 69194000 69194000 69194000 69151000 69151000 69151000 69097000 69097000 69097000 69097000 69032000 69032000 69032000 68989000 68989000 68989000 68924000 68924000 68924000 68924000 68870000 68870000 68870000 68827000 68827000 68827000 68762000 68762000 68762000 68708000 68708000 68708000 68708000 68654000 68654000 68654000 68600000 68600000 68600000 68557000 68557000 68557000 68557000 68492000 68492000 68492000 68438000 68438000 68438000 68384000 68384000 68384000 68384000 68330000 68330000 68330000 68265000 68265000 68265000 68221000 68221000 68221000 68167000 68167000 68167000 68167000 68103000 68103000 68103000 68059000 68059000 68059000 67994000 67994000 
power=9880000 10528000 10528000 10528000 10528000 11815000 11815000 11815000 12572000 12572000 12572000 12831000 12831000 12831000 13069000 13069000 13069000 13069000 13274000 13274000 13274000 13339000 13339000 13339000 13307000 13307000 13307000 13307000 13393000 13393000 13393000 13415000 13415000 13415000 13069000 13069000 13069000 13047000 13047000 13047000 13047000 13253000 13253000 13253000 13188000 13188000 13188000 13339000 13339000 13339000 13339000 13415000 13415000 13415000 13307000 13307000 13307000 13047000 13047000 13047000 13134000 13134000 13134000 13134000 13274000 13274000 13274000 13339000 13339000 13339000 13415000 13415000 13415000 13415000 13458000 13458000 13458000 13458000 13458000 13458000 13220000 13220000 13220000 13220000 13220000 13220000 13339000 13339000 13339000 13339000 13361000 13361000 13361000 13534000 13534000 13534000 13512000 13512000 13512000 13512000 13480000 13480000 13480000 13480000 13480000 13480000 12993000 12993000 12993000 12993000 12993000 12993000 12993000 13220000 13220000 13220000 13274000 13274000 13274000 13274000 13274000 13274000 13274000 13393000 13393000 13393000 13534000 13534000 13534000 13253000 13253000 13253000 13361000 13361000 13361000 13361000 13415000 13415000 13415000 13393000 13393000 13393000 13458000 13458000 13458000 13458000 13577000 13577000 13577000 13631000 13631000 13631000 13307000 13307000 13307000 13274000 13274000 13274000 13274000 13361000 13361000 13361000 13361000 13361000 13361000 13415000 13415000 13415000 13415000 13339000 13339000 13339000 13285000 13285000 13285000 13307000 13307000 13307000 13307000 13242000 13242000 13242000 13199000 13199000 13199000 13242000 13242000 13242000 13307000 13307000 13307000 13307000 13426000 13426000 13426000 13404000 13404000 13404000 13144000 13144000 
voltage=10810000 10810000 10810000 10810000 10810000 10810000 10810000 10810000 10810000 10810000 10810000 10810000 10810000 10810000 10810000 10810000 10810000 10810000 10810000 10810000 10810000 10810000 10810000 10810000 10810000 10810000 10810000 10810000 10810000 10810000 10810000 10810000 10810000 10810000 10810000 10810000 10810000 10810000 10810000 10810000 10810000 10810000 10810000 10810000 10810000 10810000 10810000 10810000 10810000 10810000 10810000 10810000 10810000 10810000 10810000 10810000 10810000 10810000 10810000 10810000 10810000 10810000 10810000 10810000 10810000 10810000 10810000 10810000 10810000 10810000 10810000 10810000 10810000 10810000 10810000 10810000 10810000 10810000 10810000 10810000 10810000 10810000 10810000 10810000 10810000 10810000 10810000 10810000 10810000 10810000 10810000 10810000 10810000 10810000 10810000 10810000 10810000 10810000 10810000 10810000 10810000 10810000 10810000 10810000 10810000 10810000 10810000 10810000 10810000 10810000 10810000 10810000 10810000 10810000 10810000 10810000 10810000 10810000 10810000 10810000 10810000 10810000 10810000 10810000 10810000 10810000 10810000 10810000 10810000 10810000 10810000 10810000 10810000 10810000 10810000 10810000 10810000 10810000 10810000 10810000 10810000 10810000 10810000 10810000 10810000 10810000 10810000 10810000 10810000 10810000 10810000 10810000 10810000 10810000 10810000 10810000 10810000 10810000 10810000 10810000 10810000 10810000 10810000 10810000 10810000 10810000 10810000 10810000 10810000 10810000 10810000 10810000 10810000 10810000 10810000 10810000 10810000 10810000 10810000 10810000 10810000 10810000 10810000 10810000 10810000 10810000 10810000 10810000 10810000 10810000 10810000 10810000 10810000 10810000 10810000 10810000 10810000 10810000 10810000 10810000 
