RUN=0
name=system_usb
iniTX=
endTX=
iniRX=
endRX=
MaxBitrate=8192
nPackets=-1953883016
pktSize=50000
reads=200
time=5
samples=2e+02
start_time=5867.99
end_time=6868.08
energy=61930000 61930000 61887000 61887000 61887000 61887000 61833000 61833000 61833000 61789000 61789000 61789000 61768000 61768000 61768000 61768000 61714000 61714000 61714000 61671000 61671000 61671000 61627000 61627000 61627000 61627000 61595000 61595000 61595000 61552000 61552000 61552000 61552000 61508000 61508000 61508000 61476000 61476000 61476000 61433000 61433000 61433000 61433000 61389000 61389000 61389000 61346000 61346000 61346000 61314000 61314000 61314000 61314000 61271000 61271000 61271000 61227000 61227000 61227000 61173000 61173000 61173000 61173000 61152000 61152000 61152000 61108000 61108000 61108000 61054000 61054000 61054000 61054000 61033000 61033000 61033000 60979000 60979000 60979000 60935000 60935000 60935000 60935000 60914000 60914000 60914000 60860000 60860000 60860000 60817000 60817000 60817000 60817000 60784000 60784000 60784000 60741000 60741000 60741000 60698000 60698000 60698000 60698000 60654000 60654000 60654000 60622000 60622000 60622000 60579000 60579000 60579000 60579000 60536000 60536000 60536000 60492000 60492000 60492000 60460000 60460000 60460000 60460000 60417000 60417000 60417000 60373000 60373000 60373000 60319000 60319000 60319000 60319000 60298000 60298000 60298000 60254000 60254000 60254000 60200000 60200000 60200000 60200000 60179000 60179000 60179000 60125000 60125000 60125000 60081000 60081000 60081000 60081000 60038000 60038000 60038000 60006000 60006000 60006000 59963000 59963000 59963000 59963000 59919000 59919000 59919000 59887000 59887000 59887000 59844000 59844000 59844000 59844000 59800000 59800000 59800000 59757000 59757000 59757000 59725000 59725000 59725000 59725000 59682000 59682000 59682000 59638000 59638000 59638000 59606000 59606000 59606000 59606000 59563000 59563000 59563000 59519000 59519000 59519000 59465000 
power=10312000 10312000 9793000 9793000 9793000 9793000 10139000 10139000 10139000 9837000 9837000 9837000 9685000 9685000 9685000 9685000 9793000 9793000 9793000 9977000 9977000 9977000 9891000 9891000 9891000 9891000 9739000 9739000 9739000 9793000 9793000 9793000 9793000 9772000 9772000 9772000 10010000 10010000 10010000 9912000 9912000 9912000 9912000 9858000 9858000 9858000 9858000 9858000 9858000 9815000 9815000 9815000 9815000 9696000 9696000 9696000 10204000 10204000 10204000 9772000 9772000 9772000 9772000 9772000 9772000 9772000 9739000 9739000 9739000 9696000 9696000 9696000 9696000 9772000 9772000 9772000 9556000 9556000 9556000 9945000 9945000 9945000 9945000 9793000 9793000 9793000 9772000 9772000 9772000 9772000 9772000 9772000 9772000 9577000 9577000 9577000 9664000 9664000 9664000 9577000 9577000 9577000 9577000 10085000 10085000 10085000 9804000 9804000 9804000 9750000 9750000 9750000 9750000 9804000 9804000 9804000 9577000 9577000 9577000 9664000 9664000 9664000 9664000 9577000 9577000 9577000 9750000 9750000 9750000 9858000 9858000 9858000 9858000 9653000 9653000 9653000 9718000 9718000 9718000 9599000 9599000 9599000 9599000 9631000 9631000 9631000 9696000 9696000 9696000 9577000 9577000 9577000 9577000 10010000 10010000 10010000 9750000 9750000 9750000 9718000 9718000 9718000 9718000 9653000 9653000 9653000 9631000 9631000 9631000 9696000 9696000 9696000 9696000 9577000 9577000 9577000 10010000 10010000 10010000 9750000 9750000 9750000 9750000 9718000 9718000 9718000 9653000 9653000 9653000 9512000 9512000 9512000 9512000 9631000 9631000 9631000 9556000 9556000 9556000 9966000 
voltage=10810000 10810000 10810000 10810000 10810000 10810000 10810000 10810000 10810000 10810000 10810000 10810000 10810000 10810000 10810000 10810000 10810000 10810000 10810000 10810000 10810000 10810000 10810000 10810000 10810000 10810000 10810000 10810000 10810000 10810000 10810000 10810000 10810000 10810000 10810000 10810000 10810000 10810000 10810000 10810000 10810000 10810000 10810000 10810000 10810000 10810000 10810000 10810000 10810000 10810000 10810000 10810000 10810000 10810000 10810000 10810000 10810000 10810000 10810000 10810000 10810000 10810000 10810000 10810000 10810000 10810000 10810000 10810000 10810000 10810000 10810000 10810000 10810000 10810000 10810000 10810000 10810000 10810000 10810000 10810000 10810000 10810000 10810000 10810000 10810000 10810000 10810000 10810000 10810000 10810000 10810000 10810000 10810000 10810000 10810000 10810000 10810000 10810000 10810000 10810000 10810000 10810000 10810000 10810000 10810000 10810000 10810000 10810000 10810000 10810000 10810000 10810000 10810000 10810000 10810000 10810000 10810000 10810000 10810000 10810000 10810000 10810000 10810000 10810000 10810000 10810000 10810000 10810000 10810000 10810000 10810000 10810000 10810000 10810000 10810000 10810000 10810000 10810000 10810000 10810000 10810000 10810000 10810000 10810000 10810000 10810000 10810000 10810000 10810000 10810000 10810000 10810000 10810000 10810000 10810000 10810000 10810000 10810000 10810000 10810000 10810000 10810000 10810000 10810000 10810000 10810000 10810000 10810000 10810000 10810000 10810000 10810000 10810000 10810000 10810000 10810000 10810000 10810000 10810000 10810000 10810000 10810000 10810000 10810000 10810000 10810000 10810000 10810000 10810000 10810000 10810000 10810000 10810000 10810000 10810000 10810000 10810000 10810000 10810000 10810000 
