RUN=0
name=wifiRX
iniTX=bytes:1000410406
endTX=bytes:1055799327
iniRX=bytes:60372744
endRX=bytes:1188990430
MaxBitrate=8192
nPackets=422891
pktSize=50000
reads=200
time=5
samples=2e+02
start_time=14949.3
end_time=16089
energy=37662000 37618000 37618000 37618000 37553000 37553000 37553000 37499000 37499000 37499000 37499000 37435000 37435000 37435000 37370000 37370000 37370000 37316000 37316000 37316000 37251000 37208000 37208000 37208000 37153000 37153000 37153000 37089000 37089000 37089000 37089000 37035000 37035000 37035000 36970000 36970000 36970000 36894000 36894000 36894000 36894000 36840000 36786000 36786000 36786000 36786000 36732000 36732000 36732000 36667000 36667000 36667000 36613000 36613000 36613000 36613000 36548000 36548000 36548000 36494000 36494000 36494000 36429000 36375000 36375000 36375000 36321000 36321000 36321000 36267000 36267000 36267000 36202000 36202000 36202000 36202000 36148000 36148000 36148000 36083000 36083000 36083000 36029000 36029000 36029000 35964000 35964000 35921000 35921000 35921000 35856000 35856000 35856000 35802000 35802000 35802000 35802000 35737000 35737000 35737000 35683000 35683000 35683000 35608000 35608000 35564000 35564000 35500000 35500000 35500000 35445000 35445000 35445000 35381000 35381000 35381000 35381000 35316000 35316000 35316000 35262000 35262000 35262000 35197000 35197000 35197000 35143000 35143000 35143000 35078000 35078000 35078000 35024000 35024000 35024000 34959000 34959000 34959000 34959000 34905000 34905000 34905000 34840000 34840000 34840000 34786000 34786000 34786000 34786000 34721000 34721000 34656000 34656000 34656000 34656000 34602000 34602000 34602000 34537000 34537000 34537000 34483000 34483000 34483000 34483000 34419000 34419000 34419000 34364000 34364000 34364000 34300000 34300000 34300000 34246000 34246000 34246000 34246000 34181000 34181000 34181000 34127000 34127000 34127000 34062000 34062000 34062000 34062000 33997000 33997000 33997000 33943000 33943000 33943000 33878000 33878000 33824000 33824000 33824000 33824000 
power=10269000 10658000 10658000 10658000 11988000 11988000 11988000 12777000 12777000 12777000 12777000 13069000 13069000 13069000 13307000 13307000 13307000 13382000 13382000 13382000 13307000 12020000 12020000 12020000 12755000 12755000 12755000 13101000 13101000 13101000 13101000 13231000 13231000 13231000 13631000 13631000 13631000 13653000 13653000 13653000 13653000 13577000 12366000 12366000 12366000 12366000 12809000 12809000 12809000 13123000 13123000 13123000 13253000 13253000 13253000 13253000 13490000 13490000 13490000 13490000 13490000 13490000 13598000 12572000 12572000 12572000 12388000 12388000 12388000 12939000 12939000 12939000 13069000 13069000 13069000 13069000 12885000 12885000 12885000 13155000 13155000 13155000 13415000 13415000 13415000 12961000 12961000 11988000 11988000 11988000 12647000 12647000 12647000 12766000 12766000 12766000 12766000 12950000 12950000 12950000 13404000 13404000 13404000 13480000 13480000 13220000 13220000 12258000 12258000 12258000 12744000 12744000 12744000 12896000 12896000 12896000 12896000 12907000 12907000 12907000 13263000 13263000 13263000 13080000 13080000 13080000 13112000 13112000 13112000 12928000 12928000 12928000 13220000 13220000 13220000 13296000 13296000 13296000 13296000 13296000 13296000 13296000 13371000 13371000 13371000 13458000 13458000 13458000 13458000 13404000 13404000 12950000 12950000 12950000 12950000 13166000 13166000 13166000 13242000 13242000 13242000 13447000 13447000 13447000 13447000 13447000 13447000 13447000 13296000 13296000 13296000 13242000 13242000 13242000 12950000 12950000 12950000 12950000 13036000 13036000 13036000 13296000 13296000 13296000 13296000 13296000 13296000 13296000 13458000 13458000 13458000 13534000 13534000 13534000 13534000 13534000 13036000 13036000 13036000 13036000 
voltage=10810000 10810000 10810000 10810000 10810000 10810000 10810000 10810000 10810000 10810000 10810000 10810000 10810000 10810000 10810000 10810000 10810000 10810000 10810000 10810000 10810000 10810000 10810000 10810000 10810000 10810000 10810000 10810000 10810000 10810000 10810000 10810000 10810000 10810000 10810000 10810000 10810000 10810000 10810000 10810000 10810000 10810000 10810000 10810000 10810000 10810000 10810000 10810000 10810000 10810000 10810000 10810000 10810000 10810000 10810000 10810000 10810000 10810000 10810000 10810000 10810000 10810000 10810000 10810000 10810000 10810000 10810000 10810000 10810000 10810000 10810000 10810000 10810000 10810000 10810000 10810000 10810000 10810000 10810000 10810000 10810000 10810000 10810000 10810000 10810000 10810000 10810000 10810000 10810000 10810000 10810000 10810000 10810000 10810000 10810000 10810000 10810000 10810000 10810000 10810000 10810000 10810000 10810000 10810000 10810000 10810000 10810000 10810000 10810000 10810000 10810000 10810000 10810000 10810000 10810000 10810000 10810000 10810000 10810000 10810000 10810000 10810000 10810000 10810000 10810000 10810000 10810000 10810000 10810000 10810000 10810000 10810000 10810000 10810000 10810000 10810000 10810000 10810000 10810000 10810000 10810000 10810000 10810000 10810000 10810000 10810000 10810000 10810000 10810000 10810000 10810000 10810000 10810000 10810000 10810000 10810000 10810000 10810000 10810000 10810000 10810000 10810000 10810000 10810000 10810000 10810000 10810000 10810000 10810000 10810000 10810000 10810000 10810000 10810000 10810000 10810000 10810000 10810000 10810000 10810000 10810000 10810000 10810000 10810000 10810000 10810000 10810000 10810000 10810000 10810000 10810000 10810000 10810000 10810000 10810000 10810000 10810000 10810000 10810000 10810000 
