RUN=0
name=appvideo
width=640
height=480
fps=5
realfps=22.72
freq=2.4
wifi=ra0
MaxBitrate=8192
iniTX=bytes:3132762
endTX=bytes:4475943
iniRX=bytes:2016062
endRX=bytes:3026383
frames=2553
reads=100
time=5
samples=1e+02
start_time=14179.2
end_time=14693.2
energy=45412000 45412000 45347000 45347000 45347000 45347000 45293000 45293000 45293000 45218000 45218000 45218000 45153000 45153000 45153000 45099000 45099000 45099000 45034000 45034000 45034000 45034000 44958000 44958000 44958000 44904000 44904000 44904000 44839000 44839000 44839000 44775000 44775000 44775000 44775000 44710000 44710000 44710000 44645000 44645000 44645000 44569000 44569000 44569000 44515000 44515000 44515000 44515000 44450000 44450000 44450000 44375000 44375000 44375000 44310000 44310000 44310000 44256000 44256000 44256000 44180000 44180000 44180000 44180000 44115000 44115000 44115000 44061000 44061000 44061000 43985000 43985000 43985000 43921000 43921000 43921000 43921000 43866000 43866000 43866000 43791000 43791000 43791000 43726000 43726000 43726000 43672000 43672000 43672000 43672000 43596000 43596000 43596000 43531000 43531000 43531000 43477000 43477000 43477000 43402000 
power=13382000 13382000 13490000 13490000 13490000 13490000 13998000 13998000 13998000 14117000 14117000 14117000 14734000 14734000 14734000 14636000 14636000 14636000 14658000 14658000 14658000 14658000 14636000 14636000 14636000 14528000 14528000 14528000 14625000 14625000 14625000 14658000 14658000 14658000 14658000 15112000 15112000 15112000 14928000 14928000 14928000 14809000 14809000 14809000 15036000 15036000 15036000 15036000 14928000 14928000 14928000 14928000 14928000 14928000 14842000 14842000 14842000 15090000 15090000 15090000 15015000 15015000 15015000 15015000 14842000 14842000 14842000 14928000 14928000 14928000 14906000 14906000 14906000 14788000 14788000 14788000 14788000 14982000 14982000 14982000 14961000 14961000 14961000 14809000 14809000 14809000 14906000 14906000 14906000 14906000 15015000 15015000 15015000 14961000 14961000 14961000 14961000 14961000 14961000 14820000 
voltage=10810000 10810000 10810000 10810000 10810000 10810000 10810000 10810000 10810000 10810000 10810000 10810000 10810000 10810000 10810000 10810000 10810000 10810000 10810000 10810000 10810000 10810000 10810000 10810000 10810000 10810000 10810000 10810000 10810000 10810000 10810000 10810000 10810000 10810000 10810000 10810000 10810000 10810000 10810000 10810000 10810000 10810000 10810000 10810000 10810000 10810000 10810000 10810000 10810000 10810000 10810000 10810000 10810000 10810000 10810000 10810000 10810000 10810000 10810000 10810000 10810000 10810000 10810000 10810000 10810000 10810000 10810000 10810000 10810000 10810000 10810000 10810000 10810000 10810000 10810000 10810000 10810000 10810000 10810000 10810000 10810000 10810000 10810000 10810000 10810000 10810000 10810000 10810000 10810000 10810000 10810000 10810000 10810000 10810000 10810000 10810000 10810000 10810000 10810000 10810000 
tSenAct=3.691081 3.851422 4.491187 4.467034 4.901927 4.92913 7.732119 4.943444 4.93718 8.398846 4.964062 8.951009 5.079193 5.064223 5.050626 4.972487 3.841892 5.175471 5.182693 4.9784 4.969 3.863255 4.97985 5.149992 5.008884 4.047437 8.829688 4.878243 4.868878 4.920308 4.865592 4.331958 4.882326 4.993627 4.96898 5.174664 8.869269 4.964804 4.954858 5.006337 4.927727 8.761871 4.93519 4.948223 4.927337 4.949692 3.84991 4.90235 4.899303 4.88561 4.120274 8.65303 5.073896 5.095192 5.041887 4.980464 8.540286 5.111221 7.609821 5.012552 4.9624 12.198908 5.000458 5.053146 5.005914 5.058 10.206359 5.260808 4.945102 4.960674 5.00477 11.421159 4.986737 5.035323 5.02739 4.657556 8.419197 5.016029 5.072557 5.579015 4.979262 8.783453 5.055924 4.993562 5.41492 5.278885 8.756201 5.086404 4.975992 12.72109 5.180995 3.894171 5.13883 5.29561 5.050583 5.064172 3.849443 5.144076 5.091416 5.045025 4.538313 3.973883 5.146238 5.064207 5.116982 5.104586 3.815283 5.141725 5.045921 5.071121 4.956497 10.877116 5.027496 5.129729 5.242417 5.371937 9.327432 5.003579 5.020736 5.015899 5.08731 7.897305 5.032997 5.027827 5.081196 4.325976 8.164348 3.928595 3.924211 4.08144 5.10139 9.350652 5.026176 3.835636 4.95784 4.933914 3.852749 4.975571 5.040727 5.049993 4.964021 10.995905 5.21696 4.981658 4.973916 5.03953 9.263642 4.964344 5.055015 5.022401 4.260819 8.024241 5.050308 4.99345 4.960409 4.972982 7.95388 5.003344 4.990106 4.967145 4.955398 3.840652 4.953155 5.040506 4.984835 4.968629 9.333761 5.016638 4.967974 4.943612 5.186392 9.482606 4.939589 5.199157 5.02146 4.049422 8.003142 4.978183 4.959274 5.963709 4.973031 9.166008 5.014161 5.494723 3.825292 4.96565 3.792496 5.023557 4.955919 12.336017 5.028477 9.31914 4.964729 5.005563 5.011144 4.952234 3.798528 5.028113 5.170159 5.16701 4.259753 3.801419 4.892592 4.952191 5.009466 4.996404 3.798751 5.017185 4.97241 5.125557 5.026941 4.383499 4.95032 4.977797 4.988405 4.959583 9.370284 4.988624 5.407085 5.026088 4.990354 3.798072 5.062163 4.971699 4.96381 4.47301 7.905225 5.081673 5.197005 4.955951 4.955727 9.364599 5.041269 4.973701 5.005705 5.823181 3.887853 5.011342 5.080993 4.98321 4.981651 3.894513 4.990295 5.185927 5.121285 5.055537 3.969505 5.056694 5.092661 5.023428 4.514641 3.864596 8.241339 4.927943 9.261742 11.863706 9.364018 4.05176 8.631588 5.734039 8.224168 3.871467 5.023765 3.964558 7.233701 7.738014 3.828124 5.086933 5.079109 4.466039 6.18802 3.858321 5.151387 8.574006 5.212047 4.309307 10.441612 5.070544 5.048891 4.961185 4.979003 4.987383 5.119013 4.895154 4.982806 4.901946 10.465831 5.064943 4.915167 4.893506 5.021142 9.221269 4.994372 5.01259 4.976999 5.007088 3.852116 5.027473 4.99649 5.102955 4.346412 8.999996 5.128265 5.083291 5.009134 5.090467 3.923349 5.353366 5.022752 4.931048 4.902287 9.298587 4.972866 4.882727 4.965459 5.029416 9.509729 4.976203 5.024239 4.95116 4.946381 9.306787 5.01786 5.037189 5.088215 4.268273 7.923857 5.073482 4.968308 4.894908 4.865382 9.119249 4.913825 4.909377 4.955658 4.885062 8.166834 4.904958 4.890245 3.791833 4.996634 9.242282 5.010709 4.968546 5.039059 5.14101 3.897101 5.106793 5.174976 5.031627 4.468732 3.926261 5.024943 5.120619 5.099841 4.914966 8.763182 5.125655 5.013878 5.010146 5.07094 8.205817 4.951363 4.929086 4.971433 4.948489 9.31427 5.079083 4.918826 4.992385 4.990737 3.872605 5.026393 5.212365 5.167757 4.3295 3.936583 5.099933 5.115194 5.047491 5.129645 3.824304 5.169698 5.10885 5.152169 5.213236 8.054632 5.107098 4.941742 4.918211 4.935051 8.283815 5.070159 4.999454 4.982867 5.001441 9.265804 5.013103 4.967717 4.895785 4.0665 7.775597 5.084908 5.104856 4.910993 4.988711 9.358863 4.982862 5.033962 5.020052 5.119732 9.195871 5.06707 5.035516 5.106233 5.03426 8.265833 5.017999 5.055551 5.018052 5.01047 9.310345 5.000508 5.013755 5.008519 4.302686 3.894185 3.8982 4.992104 5.219075 5.110251 9.13104 5.1363 4.956502 5.055601 4.983244 3.893392 5.08358 5.017887 5.046512 5.006782 3.86354 5.084672 5.049985 5.00332 4.99215 3.842544 5.070808 4.990741 4.991221 4.277329 7.828054 3.890328 4.05386 4.027508 3.989749 6.701839 3.91943 4.194682 3.856927 4.173225 7.704302 4.014383 3.886 4.048784 4.102277 7.8506 5.058204 4.955223 4.960406 4.95082 9.302233 5.028616 5.028827 5.020107 4.390996 6.945522 3.985263 3.989629 3.809055 3.863185 9.533255 5.259548 5.004943 5.037002 5.047658 8.402017 4.93559 5.08986 4.962291 5.016852 9.500942 5.101565 5.008898 5.021379 5.028487 3.804912 4.924751 5.00955 4.910348 4.304939 8.000019 3.811908 5.036684 3.805987 5.003757 9.411797 4.932373 4.946787 5.208953 5.102846 9.707276 4.933885 4.945299 4.956223 5.087428 9.409904 5.087429 5.162548 4.960171 5.089774 3.832307 5.03656 4.966134 4.96713 4.546345 3.873268 4.952682 4.954837 5.035165 5.042536 3.851394 5.156881 5.12861 5.068009 5.052719 9.403161 4.951989 5.205508 4.956294 5.071229 9.405585 4.974666 4.952731 4.961252 5.028165 3.848428 4.960525 5.025535 4.954504 4.305014 8.004109 5.016376 4.969252 4.961235 6.985522 9.352028 5.118238 4.976064 4.932677 4.94011 9.726237 4.941115 4.938563 4.959177 5.220422 9.396729 4.956975 4.943288 4.941442 4.938674 9.15796 5.016204 4.958261 4.958821 4.156333 7.760745 5.105072 5.091179 4.970812 4.987825 8.711969 5.099662 5.075086 4.924749 4.946674 9.208347 4.978844 5.079087 5.005042 5.159764 8.833416 5.090049 5.29102 5.105964 5.081756 11.319536 5.110866 5.220196 5.181551 4.367112 10.396127 5.174268 5.119877 5.117446 8.529122 9.031473 5.480171 5.115131 5.113995 5.351185 9.204808 5.250238 5.27434 4.205805 5.263033 4.000891 5.181788 5.119193 6.198917 5.201363 9.684675 5.190029 4.954796 6.393871 4.600532 9.820515 5.009118 4.937311 5.052412 5.13906 3.848473 5.101272 5.038085 5.091805 5.029814 9.924121 5.039626 4.915679 12.215371 5.032682 3.789916 5.023712 4.978511 5.020724 5.240524 3.779885 5.024368 4.946581 5.032731 4.48502 8.618931 5.019488 4.969321 5.021972 5.054803 9.889913 5.158148 4.983184 4.967378 5.053449 9.897282 5.084599 5.070584 4.942644 4.98771 9.865199 5.064691 5.051878 4.993175 5.041805 9.979143 5.002647 4.960213 5.071625 4.527241 10.004132 5.27204 5.075528 5.034639 5.139807 9.564425 4.974257 5.123676 5.187072 4.97431 10.873267 5.229332 5.001936 4.926185 5.06072 9.428943 4.984574 4.987065 5.027229 5.067343 3.823858 5.07165 5.104401 5.023043 4.694459 3.885495 4.962418 4.965637 7.243721 5.242723 9.711946 4.955344 4.972392 4.940343 5.02185 3.851193 4.949135 5.0132 4.903421 5.0368 9.745457 4.954109 4.946043 5.024706 5.125023 9.641573 5.014014 5.038433 5.056976 4.44899 8.425855 5.099294 5.108497 5.063257 5.161294 8.570002 5.030978 5.03486 6.158996 5.117916 9.596914 5.11239 4.22524 9.644739 3.912349 8.775996 5.106406 5.016979 5.098784 5.177187 10.360125 5.081838 4.975185 4.952687 4.348694 7.356795 5.081145 5.01906 5.012302 5.053897 9.516441 5.070661 4.956347 5.023441 4.963212 3.826407 5.107147 4.951471 5.030104 5.130474 8.034353 5.060617 5.028682 5.05773 5.023905 3.863813 4.939649 4.942832 5.102535 4.513941 7.57888 5.096061 4.963661 8.391786 5.003372 3.832473 4.96777 5.028739 5.030534 4.984492 8.732674 5.066982 5.002042 4.977307 5.149763 8.534201 5.128551 5.070126 4.981544 5.086654 9.582326 4.982696 5.003252 4.980741 4.286844 8.31713 5.032884 4.968754 5.102937 5.176507 9.627166 4.913875 4.897279 4.970746 4.899253 3.731131 4.884266 5.002614 4.946267 5.021097 9.489083 4.94368 4.942138 5.004581 4.952191 3.781808 4.934286 5.060022 5.012782 4.643407 3.881419 5.172928 5.097296 6.134484 5.003703 3.822423 4.968743 5.16625 5.478546 4.98308 3.829654 4.944789 4.999565 13.127862 5.410066 11.474169 5.073369 6.122932 5.060139 3.817788 8.597775 5.224777 4.943545 5.105543 5.278194 9.68308 5.034743 13.898722 5.856777 5.03119 10.108443 4.940694 10.326892 6.831193 5.054689 11.768637 4.938721 6.389406 6.921711 4.997769 9.966793 3.893242 6.234158 6.187761 7.17557 10.01092 5.007938 4.944599 4.986882 4.339793 9.667829 5.35754 5.267045 4.998813 4.991937 9.346171 4.940323 4.939422 4.91746 4.984575 13.140994 5.181787 5.213819 5.042738 5.252173 19.470181 5.076335 5.003855 5.108963 5.015464 9.303376 5.017693 4.945431 4.974157 4.232514 8.190881 5.005365 5.394877 4.98506 5.12061 9.497501 5.063533 5.021098 5.081969 5.009131 3.8091 5.048034 5.005353 5.03228 5.167451 9.534967 4.941773 4.892831 4.998607 5.114609 9.766207 5.174182 5.116706 5.088873 4.516845 7.509054 5.296119 4.433386 5.101169 4.979232 3.863362 5.048536 5.045814 4.977252 5.030017 3.877648 4.960378 5.034675 5.026133 5.037213 9.619385 4.962509 4.944721 4.962392 4.946007 8.536985 4.966873 5.152044 5.18801 4.387349 3.881377 4.984836 4.970077 5.000947 5.060773 3.870058 4.975922 4.960956 5.127695 5.136904 3.846884 4.996925 5.040355 5.042708 5.003959 9.564179 4.940951 4.891011 5.016878 4.951648 3.804625 5.18625 4.940435 4.997484 4.364719 3.900326 5.0015 7.310418 5.169123 5.00758 10.656168 4.953699 5.005979 5.393807 5.201241 10.867825 5.160602 4.952627 4.985637 5.028746 22.097133 4.977962 4.992571 4.940328 5.178925 9.534713 4.975635 4.914006 4.936462 4.354288 3.738586 4.867949 5.010933 4.997952 5.050676 9.418071 5.239214 5.498812 4.980751 4.984646 3.848433 4.878694 4.885754 5.014243 5.065412 7.963228 4.917018 4.986403 4.912531 4.958744 9.611624 4.933383 4.931058 4.996313 4.229917 8.307603 5.153235 5.005162 4.985652 5.074078 8.978086 4.923574 4.987664 4.953761 5.063358 3.865231 3.792698 4.258872 3.985213 4.963359 9.471565 5.053389 5.163246 5.094631 4.893079 9.573291 4.956727 5.008836 5.056831 4.400929 6.848441 6.654182 5.115619 5.159568 4.958963 10.415857 5.02553 4.947768 5.015615 4.950945 3.770239 5.237037 4.977065 4.992811 4.930642 3.779029 5.119228 5.095603 5.251321 5.105299 9.612434 5.190395 5.00118 4.949736 4.246617 9.081463 7.834191 5.196989 4.985342 5.176619 8.718021 5.412499 4.959137 4.940697 5.013093 8.989627 5.374155 5.218392 5.133591 5.07721 3.849368 5.212338 5.028027 4.937454 5.001396 8.485967 5.130855 5.030131 4.967857 5.158628 11.105681 5.195697 5.167211 5.201297 5.108926 3.917878 5.330687 5.148579 5.24495 5.109464 9.301675 5.340953 5.299897 5.301262 5.133758 9.145744 5.386308 5.128186 5.135029 5.217746 8.751723 5.246975 5.110112 5.03853 4.548483 8.114721 5.497754 5.071451 5.112507 5.200298 8.680156 5.291376 5.376128 5.063993 5.122408 8.617424 5.277742 5.049598 4.985035 5.046235 3.840747 5.460827 5.002481 4.991085 5.176335 9.199386 5.212409 5.006547 5.167735 4.375428 9.227227 5.805225 5.05416 5.2677 5.212295 9.82562 5.437613 5.19694 5.187438 5.263217 8.810674 5.353647 5.177267 5.200826 5.27234 8.769241 5.107236 5.060363 4.989 5.005663 9.517941 5.103314 5.066398 5.05995 4.344849 8.923393 5.144794 5.001093 5.139005 5.053281 7.65842 5.255353 5.042024 5.12007 5.04308 10.428628 5.010993 5.015285 4.986467 5.057618 14.931461 4.925728 4.926641 5.282456 5.303525 10.418758 4.999097 4.975482 4.986204 4.37727 8.089025 5.073459 4.996194 4.947058 4.938599 9.530638 5.018937 4.908077 5.161072 4.925697 9.385371 5.146534 4.959892 4.951243 4.948803 8.148846 4.981735 5.052644 5.048523 4.944736 10.261325 5.471974 5.013068 5.037892 4.519606 8.818651 5.228749 5.151259 5.097645 5.137876 9.560805 5.045546 5.083707 5.286414 5.2766 9.613783 5.293471 5.252315 5.215601 5.131221 9.458633 5.958964 5.127055 5.123261 5.215865 9.613064 5.268383 5.161142 4.972989 6.464917 3.944039 5.162958 5.027884 5.108007 5.106513 9.882397 5.075845 5.141959 5.073115 5.086414 9.56568 5.061721 5.110064 5.189946 5.144213 8.948495 5.386192 5.153429 5.086564 5.233379 9.531493 5.256503 5.204913 5.175201 4.316368 4.056548 5.581319 5.252768 5.523548 5.460533 10.911257 5.413127 5.301361 5.396462 5.189845 9.595342 5.344231 5.202435 5.211782 5.11935 11.524767 5.292815 5.120933 5.195835 5.262036 10.031099 5.305217 5.050427 5.035636 5.21495 5.447516 4.378807 3.980368 5.061475 5.066747 8.003354 5.059297 5.135626 5.234122 5.016207 9.605667 5.300755 5.181761 4.985879 5.009365 9.312908 5.064482 5.078527 5.130003 5.057178 3.850944 5.007598 5.074987 5.029099 5.248442 9.59602 4.981269 4.958485 5.029416 5.243819 9.430954 5.156764 5.098627 4.976832 4.982105 9.292443 5.576303 5.239685 5.266883 5.236948 9.28484 5.014268 5.093158 5.021476 4.977371 9.465374 5.028385 5.006495 4.98224 4.283044 8.112294 3.877833 4.258854 5.113101 5.069767 8.666112 4.919906 5.157342 5.06455 5.210164 9.326615 5.011252 4.978058 5.060998 5.079967 9.738556 4.91968 4.98435 4.970734 4.931948 3.745101 4.981991 5.062531 4.921631 3.783517 8.964665 5.06741 5.112846 4.960516 5.076164 9.458411 5.09691 5.046863 5.019922 5.125622 8.024756 5.01569 5.172382 5.144269 4.87986 8.278072 4.882973 4.888567 5.064274 4.910891 9.505979 6.239176 5.866352 4.902152 4.454387 3.931799 5.292107 4.877997 4.949011 5.008472 9.199751 4.951127 5.158175 5.128916 5.137463 9.352115 5.1499 5.012535 5.048933 4.988215 9.22891 4.94466 4.92705 4.89178 5.147796 3.828266 4.927748 4.993656 4.926483 4.254466 7.070134 4.132313 3.803216 4.088434 5.274585 8.405867 5.234916 5.279246 5.182546 10.213591 9.404901 6.229585 4.888631 5.42641 5.258589 9.38743 5.243159 5.148505 5.157149 8.028032 3.745382 10.324498 10.889881 3.771906 4.314216 3.855404 5.133477 10.297533 4.973222 5.192958 8.575835 5.00112 10.515576 5.697975 5.104983 9.350527 5.099805 4.99437 8.518052 5.121884 3.799872 5.002021 4.965513 5.288375 5.277055 9.535697 5.300355 5.323402 5.161256 4.567313 9.220385 5.538592 5.188365 5.068698 5.204426 3.99827 6.17844 5.433456 5.191155 5.114524 9.488553 5.161351 5.263174 5.268652 5.358851 9.406756 13.118444 5.09625 5.215797 5.248071 9.019154 5.182116 5.012219 5.165396 4.309765 8.346406 5.28513 5.147321 5.004322 5.106539 10.539983 5.174316 5.23971 5.058678 5.073451 9.415065 5.200059 5.02488 5.073759 5.024283 8.7622 5.170565 5.100074 5.054365 5.085775 9.417344 5.18983 5.046297 5.047556 4.430834 7.106617 5.321558 5.042241 5.120405 5.071962 9.325175 5.175575 4.98381 5.017259 5.277262 9.627991 5.091841 5.087647 5.020788 5.130492 3.918258 5.05747 5.1099 5.063849 5.011999 3.859397 5.167542 5.017423 5.348978 4.561934 7.1889 5.23653 4.967583 4.974971 5.090927 9.263517 5.1118 5.112249 5.059723 5.029346 3.882262 5.329964 5.062331 5.050789 4.999012 9.37374 5.117201 5.015991 4.906506 4.988136 9.281122 5.013972 5.020392 5.104901 4.359323 7.996047 5.103869 4.967349 4.973403 4.953003 9.184492 5.0585 4.93759 4.882422 4.996268 8.047096 5.119791 4.974094 5.03635 5.195141 3.915429 4.991482 5.015421 5.088349 5.06361 8.808144 5.247585 6.022085 5.12243 4.292342 3.931327 5.280112 5.013174 5.038953 5.171102 9.294669 5.288808 5.097738 5.131919 5.053653 3.932117 5.010823 5.005013 5.010159 5.023367 10.337222 5.237307 5.129075 5.046235 5.022632 9.286278 5.030038 5.054882 5.073842 4.265051 7.424808 5.328857 5.068305 5.168716 5.093087 3.966214 5.066122 5.040994 5.081238 5.013261 8.297614 5.023116 5.369713 5.088697 5.082245 9.22715 5.072678 5.426646 5.943924 5.07554 9.26542 5.058325 8.459162 5.073234 4.302276 7.373228 5.083166 5.250953 5.33359 5.086839 8.329444 5.074664 5.257871 5.270089 5.078729 9.384381 5.156517 5.198761 5.101681 5.172918 9.394702 5.063062 5.232967 5.070082 5.054843 9.542087 5.094658 5.172129 5.05861 4.534416 3.96045 3.968352 5.106329 5.028316 5.107528 3.982598 5.039008 5.143328 5.086508 5.346962 8.645722 5.088789 5.17837 5.025032 5.039872 9.271858 5.056473 5.104326 5.060567 5.055135 3.908976 4.982924 8.207805 5.173318 4.406904 8.103934 5.115773 5.069767 4.990521 5.055394 9.479096 4.990609 5.134042 5.056303 5.132063 3.927275 4.980019 5.332933 4.985576 5.062228 9.310714 5.038147 5.143095 5.03796 5.096638 4.031886 5.121347 5.185913 4.993018 4.270331 4.640457 4.940633 5.051319 4.944252 5.157747 9.239565 5.042934 5.157599 5.072898 5.011981 9.362711 5.030936 5.072905 4.996651 5.003697 3.96455 4.921374 5.149458 5.002076 5.644753 9.257267 5.015023 6.930451 4.931414 4.410883 3.86271 3.860498 5.151871 5.208236 5.073454 9.259021 5.050009 5.180225 5.059896 5.007216 8.975314 5.074282 5.186392 4.959638 4.946943 9.316937 4.95527 5.050589 5.158136 5.014851 9.181707 7.982465 5.188026 4.947987 4.192468 3.829972 5.115528 13.790968 5.051012 5.372402 10.584092 5.139377 5.000184 5.100639 5.005431 11.318342 4.94862 4.964332 4.957537 5.136741 9.687381 5.074906 5.164429 5.206745 5.112323 3.895518 5.161207 5.012012 5.376753 5.190431 3.803698 5.048307 4.959208 5.149189 4.967924 10.895787 5.017365 5.085775 5.152084 5.084652 7.951512 5.009801 4.999616 4.407393 5.280617 3.8125 5.056785 4.988955 4.995357 5.743577 3.847835 5.093102 5.069516 5.378544 5.050697 9.69849 5.032841 4.483104 5.153498 5.094815 8.314722 5.119632 5.042353 5.11788 5.025406 9.673578 5.053932 5.040539 5.123282 5.064699 8.655852 5.085527 4.984689 5.727592 9.259213 3.887864 8.226072 5.101165 5.385907 4.994687 3.844246 5.085286 4.24959 5.266725 4.983608 3.848506 5.066558 4.995852 5.228312 5.035268 9.679446 5.156175 5.087807 5.207154 4.990586 9.737755 5.071195 5.129469 5.088492 5.022987 9.743797 9.11171 5.060989 5.156201 5.157959 8.629427 5.04982 4.350679 5.16349 5.037111 9.48682 5.33712 5.057603 5.249974 5.102166 9.829216 5.197904 5.068491 5.530335 5.050809 9.320235 5.085993 5.147838 5.440342 5.200801 13.763584 5.080225 5.05252 5.161655 5.162664 9.759467 5.184186 4.587994 3.952973 5.040454 9.698806 5.184016 5.151847 5.015852 5.114426 9.74894 5.125438 5.391763 5.137257 5.265105 9.871956 4.9863 5.075232 5.133783 5.146334 13.03101 4.998286 5.155266 5.259132 5.136988 9.573627 5.061735 4.383892 5.365294 6.278209 3.928548 5.053241 5.067256 5.092469 5.092087 8.660801 5.081065 5.084724 5.112766 5.059063 3.8786 5.178952 5.02202 5.193111 11.833257 9.755696 5.274958 5.056447 5.133567 5.138497 8.705339 5.021341 4.42265 5.252224 5.160364 8.823174 5.112375 5.176878 5.536608 5.150347 9.532242 5.151479 5.792614 5.274252 5.074953 11.129935 5.217052 5.121276 5.327016 5.32106 9.638309 5.361335 5.143922 5.311225 5.114853 3.896049 5.063027 4.832757 5.272508 5.290099 9.575801 5.247082 5.038151 5.244425 5.054727 9.964825 5.017539 5.426722 5.457099 4.997085 3.906156 5.003107 5.078598 3.844687 5.22832 11.574405 5.059476 5.031812 5.051436 4.98406 3.808752 5.01836 4.364416 5.228873 4.970058 3.79867 5.040788 4.944283 5.035536 4.984132 9.770912 5.017009 5.042639 4.928723 4.935472 3.790941 4.992689 4.999779 5.112944 3.804798 3.788144 5.010911 4.951142 5.131757 4.955928 3.793853 5.018639 4.199048 5.148849 4.973005 11.338829 5.001013 6.552394 5.157805 6.173941 9.479904 3.845745 5.19449 5.326965 5.815124 11.329519 5.531873 5.253725 4.956988 11.756223 3.929308 6.263096 5.212779 8.249543 4.92334 8.681912 4.93043 4.47402 3.851757 5.114198 9.544201 5.213454 5.157459 10.927366 5.006378 9.727757 5.033153 5.096367 10.708142 6.177313 3.911939 5.75702 5.268307 5.311981 5.091861 3.756972 5.163214 4.905018 5.292624 5.24282 9.754238 5.074295 4.293073 5.29338 5.018514 3.840013 5.102339 5.000525 5.082502 5.002961 3.811396 5.067326 5.065251 5.124283 4.955535 3.805527 5.076566 5.05939 5.181483 6.097505 9.26361 9.203906 4.965578 5.245513 5.03869 3.808304 4.975454 4.210585 5.095481 5.017433 9.379463 5.199556 4.964021 5.079267 4.959867 3.798264 4.950024 4.928668 4.933446 5.01651 3.80683 4.945943 5.037797 5.407801 7.976956 9.799356 5.201356 5.252326 5.309291 5.268514 4.084512 5.180631 4.43841 5.478835 5.246084 8.528723 5.024809 4.970851 4.947391 5.080452 3.90596 5.025152 5.17824 5.504868 5.245157 3.872224 5.091668 5.016535 7.45253 5.044732 9.669395 9.075278 5.070936 4.989817 5.013792 9.627943 5.07907 4.28458 5.090682 4.964088 9.60323 5.024415 5.046096 5.081816 5.016577 8.447197 4.949675 4.938073 5.06903 5.020036 3.869868 5.011813 5.032231 7.14534 5.045541 3.881378 5.265209 5.176111 5.193258 5.030857 3.860553 5.224358 4.352346 5.124575 4.950593 9.700666 5.070554 5.033416 5.234587 5.006976 9.655717 5.947654 5.021259 5.075979 4.944663 9.563185 3.812657 5.113281 5.164982 5.104465 9.760992 12.461987 5.067833 5.154196 5.061219 8.695444 5.019877 4.40433 5.19901 5.145292 3.87393 5.014002 5.057962 5.239284 5.02052 9.79695 5.036251 4.988 5.216308 5.118629 10.211891 5.113025 5.184949 5.369207 5.296123 11.019105 5.032545 5.105885 5.240873 5.165125 8.846251 5.223423 4.402986 5.178825 5.133588 9.812285 5.088385 5.21875 5.340497 5.08044 10.031687 5.116099 6.399437 5.408188 5.346315 10.120422 5.06116 5.027109 6.448151 5.071536 9.917034 5.075132 5.03306 5.517124 5.01459 9.777513 5.08837 4.566577 5.148579 5.057169 9.796917 5.000595 5.080891 5.134866 5.146041 3.912257 5.096771 5.119906 5.189087 5.212172 8.84358 5.165785 5.041725 5.343911 5.160884 9.692611 3.902959 5.206621 5.436882 5.05378 3.894899 5.240704 4.708412 5.164949 5.037604 9.868701 5.1009 5.339989 5.31421 5.142089 8.732858 5.095974 5.125694 6.664785 5.095389 11.191026 5.563652 5.661392 5.16763 5.060438 9.839035 12.340482 5.034006 5.149257 5.093952 9.198805 5.145172 4.518336 5.070117 5.035566 9.80568 5.108664 5.400427 5.45489 5.048704 9.839315 5.152611 5.049717 5.163885 5.143162 8.827859 5.184068 5.667839 5.151643 5.055259 10.009677 5.080933 5.221998 5.253752 5.123743 9.99283 5.015665 4.540625 5.35357 5.25918 9.813153 5.0091 4.99302 5.255789 4.993044 9.840837 5.009434 5.067966 5.126621 5.087886 8.766464 5.787156 5.343579 5.072111 5.116429 8.702361 11.9891 5.141329 5.202355 5.10968 8.697624 5.056866 4.267087 5.190299 5.067373 3.841892 5.1304 5.0016 4.997484 5.081826 9.39641 5.081199 5.080097 5.103075 5.056472 3.916294 6.59413 5.114632 4.984873 4.997887 9.262885 4.973403 4.994925 3.988746 4.239447 6.952576 4.074037 4.015662 3.969655 4.104267 8.168283 5.07265 5.068931 5.027291 5.054913 3.844274 5.069636 4.996189 4.977256 5.032263 9.20569 5.022542 3.894941 4.996955 5.060394 9.244691 4.98973 5.044734 5.017199 5.174933 3.827517 4.98507 4.196807 4.104811 4.664041 8.914109 5.048853 5.011934 4.97828 5.086024 7.909272 5.015931 5.027039 5.040283 5.02613 9.308093 7.518928 5.0544 4.991506 4.984781 9.318221 5.002712 5.652704 5.1024 5.108464 3.993882 5.234447 4.754323 4.237867 4.838129 8.941488 5.145646 5.309679 5.087212 4.992956 9.390097 5.076715 5.081907 5.131403 5.195401 8.848077 5.158412 5.055882 5.059364 5.246475 0.806058 5.087459 4.999319 5.068995 4.966614 8.362142 5.002363 4.281964 5.143544 4.969214 9.482021 5.044896 5.021862 5.126954 5.087737 8.359087 5.076094 5.057543 4.979012 4.97818 9.174812 7.70828 4.994614 5.025368 4.987498 9.060305 5.105056 5.031762 5.009281 4.985236 9.25563 4.95954 4.384501 3.945888 4.997404 8.389926 5.232379 5.14417 5.269732 5.093174 9.431546 5.137553 5.016721 5.117174 5.128473 9.380332 5.152706 5.065782 5.204592 5.129719 8.396942 5.128604 5.146447 5.045304 5.012684 9.387478 5.142353 4.332777 4.040296 4.310232 7.138526 5.264948 5.08651 5.082599 5.043861 9.261326 5.376771 5.049048 5.112874 5.080684 9.409575 7.886498 5.003498 4.999088 5.090245 3.964404 5.037881 5.024113 5.060082 5.052355 9.264098 5.103708 4.084989 4.058493 5.170442 9.351689 5.025984 5.012574 5.036799 5.048246 9.381585 5.063415 5.196667 5.186995 4.133318 9.463631 5.03008 4.997343 5.000318 5.11621 3.903562 5.043341 4.990975 5.031947 4.950174 9.459083 5.123006 
tProAct=38.153926 38.191303 32.912293 32.6947 31.40145 31.71366 33.261914 32.033196 32.276736 33.14791 32.307362 32.316939 32.117091 31.781069 32.237565 31.954304 37.89563 32.547234 32.507625 32.911925 32.51157 37.672793 32.95977 32.826921 33.085724 32.957826 33.047286 32.874579 32.513228 31.964341 31.895614 36.486222 31.599181 31.767627 34.204502 32.550766 32.912217 33.766011 33.343959 56.182914 33.151667 33.156281 32.73937 32.635504 32.644666 32.766824 38.300873 32.827385 32.890989 33.247381 32.057477 32.20857 32.703996 32.197308 33.587393 32.756076 33.062065 32.889494 34.327134 33.39875 32.979523 36.629163 32.318439 32.623968 34.757897 32.467568 37.699179 32.75832 33.008952 33.654343 32.817628 36.967643 33.441508 33.408328 34.284611 32.894656 33.656985 33.926642 34.124915 35.124199 35.570237 36.849178 36.567689 40.959909 38.780803 38.592666 39.302329 37.898136 38.936648 64.276112 38.27882 50.535041 39.983926 40.635974 40.105306 39.107425 49.682658 39.477148 39.07277 38.370015 38.653761 42.993654 37.542594 36.918114 37.38769 36.12529 46.427719 36.110809 38.462927 35.143547 35.674446 38.641325 34.031246 34.657906 32.580228 31.891421 30.864427 31.089948 31.744955 32.464629 32.916854 32.175241 30.294647 31.413627 31.499473 31.550752 31.626766 31.738578 31.397909 31.092712 31.117869 31.180655 30.631555 36.635394 32.303267 31.261822 37.148788 31.742875 32.213925 40.182218 32.870373 34.524109 34.0411 34.348661 34.706905 35.361012 34.773271 34.382211 33.468186 35.06014 34.247503 35.508605 33.877566 33.366943 33.920024 33.362749 33.38792 35.551101 33.040099 32.96843 30.449851 35.93565 30.190147 30.399651 33.239538 30.941905 30.98623 31.069023 30.728183 32.388486 30.848444 30.985331 31.564496 31.768612 33.569162 31.893948 31.86505 31.694817 32.252406 31.608208 31.008255 30.546303 30.409674 30.795505 32.136669 30.401463 36.535793 30.734511 30.729638 52.216581 29.870635 29.862793 30.512549 30.285767 30.101948 30.203501 36.278836 30.262203 30.249721 29.890039 30.277795 35.428838 30.010503 30.925244 30.774442 34.191508 36.255958 34.840375 30.442106 30.018059 29.899135 35.282258 29.97497 30.302709 30.147364 30.624552 31.479002 32.719815 33.681441 36.321394 36.008738 42.219072 35.029714 35.884031 37.704531 34.415841 34.306948 33.042471 32.917994 35.526607 34.070535 33.285728 36.455217 33.038489 35.098912 35.218045 41.071037 35.568521 36.011144 57.96137 35.773828 41.494922 34.55096 39.551181 34.917079 46.037166 41.739909 51.712524 38.064414 38.109551 51.347942 47.557569 48.569523 36.951379 46.914705 37.880673 48.974933 42.02839 36.31266 37.227775 40.973056 57.11801 34.367994 38.692639 35.166322 39.010138 54.997835 33.620614 33.476415 35.252497 32.898985 53.718554 31.626643 31.144653 32.688181 31.864296 35.245343 32.097041 32.888749 33.060568 31.966787 36.821145 36.440056 34.627972 36.498412 35.038407 35.152623 35.672981 35.084869 60.983131 37.596965 36.235241 36.793441 37.300422 36.367883 35.353771 41.852715 34.930715 35.158162 34.472832 33.519705 33.354194 32.495083 32.222959 32.392887 32.08624 41.216646 31.796839 31.673049 32.143327 32.049221 31.883289 31.812315 32.308872 32.50771 31.959031 32.244037 32.20401 32.165921 32.336558 32.135675 32.436461 32.81322 32.651281 32.868896 32.371609 32.217736 32.003912 31.861955 32.879261 31.813537 32.033402 32.13403 32.112782 33.444505 32.702957 34.646773 34.214372 34.835178 53.078121 36.424998 35.310185 35.050306 34.995345 34.594044 35.175305 41.634477 35.214269 35.221099 34.565911 34.329343 38.757994 34.969139 34.00868 32.986627 32.125905 37.941139 31.746533 31.565507 31.420653 30.59909 32.681181 32.277295 32.937062 33.266739 34.434309 34.78288 35.383826 36.211589 35.984609 36.193426 41.003696 35.995561 36.225744 36.764163 36.506032 40.660967 35.464653 35.524733 36.947075 35.715151 44.10716 33.629 33.527074 33.905955 32.590681 32.696241 31.76656 32.521188 44.504029 31.678506 33.135526 31.522111 31.609928 31.886109 32.187626 32.297439 32.154147 32.751382 32.798699 33.813394 35.86335 35.605682 36.000261 36.730398 36.59144 40.212218 36.735738 37.322739 38.231508 39.659861 39.675061 39.412841 40.236626 40.424212 37.337733 38.271038 36.680061 35.772025 36.947817 35.117232 35.496065 35.179513 34.765413 35.456983 34.322295 40.359491 37.085558 36.044067 38.122787 36.3846 38.641201 35.520792 35.332469 35.846742 35.465662 40.387352 35.002145 33.651737 52.058492 33.154408 38.850256 33.393347 31.79737 30.364552 31.132705 37.724769 31.824012 31.825674 31.709181 32.093093 32.808899 33.254609 34.453211 34.369675 34.812676 40.651197 36.236775 36.706129 36.498438 36.93775 38.375623 38.447703 37.682604 37.836691 37.828168 37.597177 35.834725 36.49616 36.94818 37.102611 37.021641 36.737115 36.366833 35.029063 34.861269 38.291533 37.948118 37.217063 36.993356 41.545397 39.298503 37.218901 35.423212 35.577474 36.056434 36.323363 34.792211 34.189404 33.870831 34.508843 34.24863 34.465896 32.654636 31.484201 32.786591 38.093814 33.907685 34.273178 35.640434 35.188798 34.891209 35.791968 33.838967 36.204144 37.780519 34.447791 33.819613 33.865892 34.457506 34.652241 34.606533 33.964182 34.091489 33.427057 33.13187 31.67587 30.630256 31.856272 30.647884 31.313998 39.14287 32.795004 33.377316 33.265976 33.022568 38.037159 33.472303 32.770956 31.995172 36.01319 38.009257 31.607665 31.799279 31.068011 30.798926 30.831762 30.638739 30.564087 31.128472 31.162835 31.622538 30.880146 31.570175 31.286565 31.366493 37.348717 31.668229 31.204387 31.293819 31.587314 31.174668 30.460387 31.319263 31.105934 33.822861 31.174244 30.779966 30.847377 32.185949 32.347507 32.027084 32.189017 32.13815 32.402297 32.07181 34.223682 33.53967 33.000867 33.978618 33.983122 34.455316 34.382307 33.886908 33.879483 33.744519 33.913965 33.668587 34.825521 35.896406 39.663292 37.880918 37.040238 36.922427 35.64316 35.631852 36.357838 36.537006 40.850801 40.412383 36.580266 36.837214 37.541802 37.499233 38.280723 37.771861 40.980581 37.24187 36.694881 36.530507 35.977688 39.885933 35.833325 34.605374 35.61802 35.257039 35.918946 33.794433 33.031155 33.647411 33.062066 33.632627 32.431841 33.490654 35.943605 33.0356 39.257153 33.130816 32.948439 33.175023 33.437653 34.259949 33.056919 33.16575 32.871412 32.757943 33.116037 34.013914 35.810013 38.118845 41.53273 45.089675 37.861388 37.845911 38.606644 38.347819 38.438369 37.854022 36.846619 64.34354 36.408191 42.577301 35.821337 35.809721 36.179611 35.648704 42.404967 35.525397 34.941363 35.110874 35.380583 35.45569 35.86252 35.824367 39.331721 37.044146 37.581894 37.010245 37.327965 38.588879 39.033951 37.905389 38.400225 41.057177 39.764493 41.144324 41.665475 42.14372 41.47576 41.547873 42.193485 48.907909 39.289789 38.339081 38.801261 37.624613 42.0282 38.436434 37.710948 43.44729 39.817138 39.081136 38.521786 38.482743 39.271988 38.160049 38.241468 37.004947 36.205547 42.840028 34.829388 34.311361 34.348068 34.595857 34.111988 34.233585 40.386412 32.805942 32.872988 32.06489 32.209483 36.976478 32.67388 33.304774 33.455919 32.466179 32.671295 32.396068 32.978866 33.868697 33.559222 39.936284 34.818421 35.053575 38.264865 36.727851 37.744929 38.541623 38.54717 39.852027 38.858183 38.413742 38.362806 38.587403 39.244991 37.617805 38.062554 37.81102 37.047723 41.85211 37.235265 38.335731 37.57082 37.492688 37.237336 37.352266 37.111395 36.177437 36.473808 64.14415 35.442299 37.372059 37.169961 37.624786 38.263244 38.642661 38.517031 38.872478 38.596352 37.747354 36.299188 36.922632 34.954274 33.670912 34.325917 35.245749 34.008769 34.582825 34.944417 35.942378 37.386028 42.884972 36.665758 34.046532 34.305459 34.336877 35.3139 33.458015 33.308087 33.525994 34.686487 39.632068 32.499015 31.64996 31.648965 32.346484 32.952859 32.500523 34.530184 33.414296 32.38058 39.370805 32.79449 33.175666 32.911908 33.299627 34.386882 33.007765 33.238537 36.338861 33.014907 33.954076 32.805467 33.322884 33.261045 33.118596 33.029103 32.61011 33.141793 34.02382 32.837128 38.038606 33.55034 37.48148 33.50035 31.921019 32.282809 32.920703 33.558284 35.030554 33.704395 40.340579 32.912045 32.421371 34.133747 32.073995 31.877769 31.82627 32.641521 34.557585 34.152637 40.299218 34.333817 34.046721 34.566312 32.831506 37.514304 33.341285 37.414812 33.493785 32.394529 39.16106 32.234194 31.536806 32.371546 32.431038 37.647164 31.957482 31.677049 52.455038 53.802085 50.566923 32.816 45.306686 32.497979 45.129468 46.25626 32.448546 37.36568 32.668259 40.916345 41.188553 32.68004 35.368887 48.964733 34.484892 51.368177 36.380058 37.47701 53.053648 37.605025 52.951126 36.423876 36.538702 52.307982 38.377861 54.439927 40.994713 39.299654 70.179196 38.516093 38.610671 39.002638 39.182075 40.029534 40.51528 44.448065 39.536578 42.003206 38.569134 37.954856 37.192955 37.685994 38.761811 39.543354 39.50098 40.554737 41.295411 41.23924 41.183117 40.337638 68.029202 39.646252 39.566593 40.315661 41.666723 40.466562 38.79499 40.110478 39.394746 39.14489 40.051763 39.427158 38.94263 38.457537 38.685154 38.681286 38.02787 36.776632 35.877697 36.112626 43.351242 35.060743 34.380349 35.09671 36.208915 39.125562 39.010041 37.820736 37.996377 38.807567 40.109634 37.322997 36.875393 37.43741 37.642667 38.495891 36.100846 40.866594 36.34845 36.052191 41.669148 34.599371 33.38247 33.179123 33.253576 39.265565 33.606662 34.082577 35.474393 35.874313 40.131549 37.75199 38.407159 37.917803 37.199796 37.894374 36.472729 36.531239 37.242639 37.663884 42.567326 40.166383 35.793729 35.735413 36.86903 43.880139 35.252028 35.612066 34.54625 34.116322 40.194689 32.789018 31.776588 31.389717 31.240117 33.349835 32.574264 33.06909 33.396862 32.117396 40.75843 33.750403 35.812471 36.499078 36.126299 43.060349 40.931451 36.422219 39.342541 39.312565 37.849088 37.081526 36.548772 37.666033 38.798365 38.566366 38.968966 39.342369 38.506899 38.857505 65.865311 39.522261 39.673037 38.341634 38.43134 40.056665 39.890166 39.921389 40.738093 40.497795 45.209164 43.91918 41.330287 41.410917 43.633108 43.116722 42.30983 41.845593 42.183498 43.256091 50.296336 43.724714 45.10762 43.875473 44.642796 45.878406 43.668633 42.488727 42.074489 40.584134 40.538203 40.356658 41.027925 42.057083 42.276225 42.267906 46.405598 43.023638 42.712164 42.424541 41.052476 38.499842 38.931413 38.248603 38.472895 41.331897 39.268942 40.537076 43.386222 42.221022 58.381877 40.68379 42.019085 42.690073 41.753079 40.89233 41.172474 39.738951 38.456863 38.973839 40.079105 39.827145 38.027212 37.885562 37.137118 36.834128 36.160264 35.980194 36.417112 37.79862 44.941635 39.808421 40.526388 41.118494 40.788754 49.725653 41.596028 41.509093 42.155997 41.550488 45.315639 43.749262 43.160377 43.942325 42.873088 47.624711 44.899284 41.302805 41.066026 40.95767 42.197219 40.069825 39.530169 40.786162 40.661457 43.713764 41.525224 43.132252 44.228572 43.537429 83.04932 41.972091 41.891178 42.716901 43.059691 45.682873 45.827584 45.121292 44.401901 43.952639 46.402033 46.427218 45.78331 46.936397 46.47385 49.896117 44.677626 44.55436 44.144707 43.188314 44.623829 43.59246 42.384877 42.123547 41.003247 40.716874 40.585347 40.593902 39.92515 40.0672 39.711917 37.825126 36.854059 36.185995 36.33562 41.778351 35.792354 35.128765 35.814893 37.981942 40.101865 38.225223 37.34557 38.987675 38.199409 40.031485 37.778399 38.781597 39.391766 38.590369 68.672682 39.602613 39.590567 38.407904 38.57281 37.993655 37.357766 36.413434 36.063556 36.15176 37.82943 86.805285 34.677216 34.426994 34.858668 34.192268 33.670759 34.8919 33.020346 33.412416 34.235187 33.522491 33.50018 34.569194 35.959391 39.137069 36.894059 37.590402 37.184435 38.16674 39.858095 39.572966 41.099989 39.802734 39.527793 43.601141 39.736386 40.058595 39.619877 39.658018 43.940592 40.327823 41.36059 41.741481 42.122536 42.087858 41.909483 42.187952 41.803095 41.671045 73.487063 40.880086 41.243321 40.13209 39.971564 42.069081 43.502144 43.983572 44.588614 44.486107 47.642171 44.837373 45.097241 45.27851 43.129902 43.149487 42.314147 42.516244 40.015995 40.872513 41.842786 41.555488 41.823568 42.300018 42.549141 43.207445 41.900469 41.478599 41.435141 42.177447 42.065637 41.843761 43.510341 43.672047 46.807818 43.919097 42.438693 42.912446 42.629644 41.708948 41.678832 41.174423 42.090489 41.988085 40.987127 39.612668 40.254914 39.216082 39.825382 39.968276 42.827427 74.35461 41.473727 40.106856 40.988283 41.250601 42.651001 41.349413 40.102611 42.539385 45.586582 39.628075 39.67514 40.128336 39.256565 38.912618 39.543459 39.283813 39.326583 38.467419 38.705292 38.409306 39.39524 39.982027 39.035332 40.943484 40.288133 40.586967 39.173529 39.616393 39.423407 38.671044 37.341486 37.102341 42.641592 44.120348 38.37953 39.745157 37.384404 38.361394 38.208235 38.824889 37.934423 36.94596 36.48503 36.384134 35.806984 35.604862 35.801189 36.156819 36.412855 36.850682 35.712614 35.73935 34.846331 34.166631 32.132847 32.708139 32.1874 32.932485 33.6147 32.576256 35.079672 34.04527 34.000504 36.422355 35.501935 35.688828 36.879083 38.245914 40.258184 38.973985 37.80456 38.057544 37.746466 37.710382 37.759348 37.417788 38.813907 39.66351 45.98357 39.98905 39.404906 41.369091 43.715787 42.468584 41.837019 40.527106 40.4163 40.431757 40.330483 41.473115 41.047522 40.767131 41.375102 40.656511 41.593178 39.722381 38.384312 37.214724 38.201574 57.016488 39.579636 38.750594 37.253496 36.063836 36.000844 36.293604 35.797739 37.112143 35.914552 35.523355 34.768228 35.380596 36.287119 38.172366 37.496013 37.237984 37.708706 37.646444 39.860996 39.883928 39.062146 38.167235 37.345971 36.158999 36.527855 35.736476 34.62903 35.824837 41.637098 33.735067 33.703757 33.650674 38.444753 33.493644 33.688333 33.89636 33.738881 32.998722 34.632838 34.683588 34.212682 34.194999 35.406457 37.890515 38.807151 37.813895 37.395168 37.984512 38.720074 49.881407 37.957252 38.691668 39.595935 39.439324 37.197897 36.229277 40.110625 35.931928 40.654393 36.960919 37.841271 38.179794 37.994992 37.137924 37.115073 38.049758 37.437943 37.585192 37.547924 36.854527 36.431377 36.817631 36.024615 37.076742 36.672029 36.472593 35.982902 35.998518 41.083562 35.112103 34.575134 33.628718 34.594442 34.095239 34.148766 34.200573 35.117253 34.419021 36.980965 37.027172 37.321663 37.434776 38.73231 40.7744 39.035223 42.09634 38.79273 38.7605 38.254599 46.386464 47.548373 36.846309 43.231442 44.42457 40.415741 42.225292 59.415292 41.581351 43.54846 41.255979 40.715833 57.072891 41.602031 43.839307 43.719342 43.13816 57.852104 42.82745 42.718436 44.09586 42.099766 55.323592 48.943364 46.692701 41.921491 40.453454 39.996158 40.579468 40.761531 42.447804 41.315396 41.585313 38.102181 39.050162 40.715453 39.745888 38.825422 37.998198 43.427067 43.463215 39.411645 38.459526 38.459278 39.191686 39.375616 38.083483 37.975931 38.391278 39.490752 67.490472 37.722924 39.124359 40.382194 41.943988 41.331571 42.845967 45.382055 43.646742 44.094941 43.552886 43.442647 43.084035 43.926614 42.702045 47.013798 47.979215 46.129522 44.864293 42.080452 43.137625 43.058375 41.310795 43.017869 44.11109 41.63632 41.825169 42.066386 41.482469 38.91073 39.757752 39.098943 42.422427 38.49296 39.844684 38.239823 37.810856 37.70546 38.173094 38.193851 36.016931 35.56999 38.171764 37.920568 37.845142 38.441906 38.606222 38.283687 37.867605 43.436043 37.663199 62.046624 36.457541 35.49594 41.657794 36.407353 36.029343 38.781497 35.221564 36.672124 36.063638 35.598207 35.286362 35.942773 36.126413 36.630638 37.029581 36.45836 36.422697 40.979851 34.695895 35.207347 36.905994 37.59689 37.769938 39.387492 39.898699 40.622632 41.766476 40.864657 40.379548 46.447293 41.54694 40.635022 40.342684 40.896286 40.212672 40.476956 40.35311 41.105823 40.289753 41.772474 42.519393 42.900272 43.751912 42.740937 43.43979 43.460777 42.975302 47.999042 42.658682 52.359768 41.994471 41.357269 42.347644 40.403568 42.214062 42.814922 41.449835 43.762393 38.723283 38.222384 38.689577 38.784659 38.524608 38.524576 38.534997 38.855375 38.592178 44.141709 39.256957 38.671357 37.471005 37.489342 36.774485 37.009964 37.370255 37.120254 36.692349 36.472366 37.376261 40.923613 36.828857 37.249576 37.645624 35.398286 34.425057 34.333498 35.038843 41.218484 36.833015 37.731726 38.428534 37.826576 39.162384 39.144134 40.113218 41.2699 41.936117 42.228014 42.009975 41.873408 69.286011 39.700234 41.225857 42.303629 43.484002 43.062809 44.087656 42.976195 42.031064 40.102983 39.111176 37.868571 38.318393 37.400554 37.945145 38.262394 38.542745 37.952467 38.36733 37.833002 38.735926 38.845187 38.171833 37.481273 36.510321 36.800953 35.969213 37.235758 37.288818 40.578858 38.369169 37.747097 42.312482 39.722433 38.363164 38.196566 38.63085 43.408543 37.877665 36.879329 35.898538 35.441659 35.785386 34.264712 35.646836 36.194055 36.583359 36.979181 36.970066 38.348195 38.83936 38.456563 42.241353 37.076401 37.166929 36.467016 36.690909 36.170958 36.9809 36.341225 36.125329 35.124395 35.859409 35.105059 35.155417 34.739479 35.144479 39.974744 35.372117 35.073454 35.808236 35.29122 35.800266 34.824678 35.246025 34.007354 33.584368 38.421991 32.579478 36.573657 32.793742 32.642577 35.731627 32.358998 32.302593 32.869531 32.900576 32.060875 32.697237 33.252333 33.808569 33.233092 33.479431 33.576001 33.976649 34.348848 36.225011 42.348244 37.391728 36.863813 37.962287 62.058101 39.046665 41.086836 37.453381 36.602271 35.517128 38.871422 37.044762 36.969023 37.254858 36.939526 35.29024 34.70074 34.788399 35.992498 36.683959 37.362654 35.436249 34.899699 35.695854 35.876961 36.723746 36.638594 37.466675 38.667618 38.857432 38.997865 38.324902 37.666953 35.90213 35.640236 45.977495 34.916845 53.300681 37.131666 37.19239 43.564644 36.249265 36.649987 36.071268 35.636894 38.509355 33.92555 32.986607 32.328464 31.863296 31.899064 32.406065 31.698453 31.916468 34.72505 37.505426 36.0505 32.751517 31.475396 32.754174 38.709041 32.041106 34.179291 32.1772 32.626575 32.091208 31.962638 32.525988 32.445717 33.250047 34.356973 32.090282 32.271873 33.153232 33.009223 37.276633 31.581453 31.838205 32.510632 32.846892 38.245366 34.302741 32.437389 32.207816 32.869707 32.627895 32.207126 32.066576 32.227437 32.202887 33.685729 33.087444 32.91327 32.550379 32.175243 31.733933 32.954012 32.511153 34.114728 35.046429 36.154722 35.071328 36.501332 36.884357 62.750086 43.898779 37.655221 36.927891 37.837934 37.849127 44.744902 37.962566 37.515996 38.874421 38.086405 44.201277 36.822592 35.655953 35.587405 35.953073 35.733934 34.309392 34.715483 36.129714 35.386526 34.945201 36.246383 36.479067 39.212906 39.706502 42.882735 40.376508 39.335442 39.109183 40.0121 41.223151 39.828313 38.54959 39.744672 39.748067 37.942224 38.792706 38.13818 38.479027 39.939174 39.673955 40.081491 39.904937 40.540322 41.654094 40.755908 38.436771 37.846392 38.182651 66.406368 39.149872 39.798541 39.216821 40.300074 40.538516 40.5129 40.601844 40.916528 42.469844 40.886365 41.212002 42.753542 43.293935 43.983459 42.597806 41.721121 42.467554 42.033358 41.1657 41.089316 43.146613 42.208654 40.947735 41.07822 42.564799 42.447083 41.292659 41.712485 41.159866 42.144393 41.179533 41.843805 40.962535 41.764957 43.039397 50.744849 42.540931 41.245316 43.463292 45.720469 46.207609 44.794457 45.468549 44.767738 45.043658 50.029923 44.727936 43.001469 41.349117 71.275671 43.823488 41.795996 44.19572 41.657588 41.614041 40.95482 39.447801 39.766035 39.476962 40.099459 41.810865 40.709512 40.355248 39.473884 40.051309 43.024177 41.007087 40.71432 40.633454 40.164993 40.80435 40.246316 40.103419 40.913114 40.825312 45.33503 39.678884 39.350015 38.983888 38.117228 44.887215 37.827434 37.913538 38.09501 38.152849 41.051047 41.177721 40.777882 40.562091 41.304071 40.578263 38.992442 38.924703 38.36304 39.641921 44.21094 37.806443 39.397022 41.409579 51.962 38.269672 36.50598 36.783602 35.587841 35.178951 42.00802 35.362486 34.526335 34.475935 34.285082 41.348585 34.635199 34.241502 34.046696 33.926891 34.188305 34.447704 34.701602 33.48395 34.358733 40.070735 33.829883 34.395303 33.691504 37.656323 42.16057 35.767909 36.039133 36.068615 37.691873 44.212442 37.618752 38.146201 38.102551 39.715044 37.817457 41.546259 36.1308 36.07795 37.73642 38.246929 39.229062 37.43839 37.605837 50.067046 40.159681 48.975058 34.537946 48.263496 65.569006 67.18672 47.003164 32.839015 43.858029 41.684372 34.021422 35.013694 34.602985 53.027009 36.380943 33.370304 43.251428 34.515402 43.683919 44.254271 35.173624 53.38849 36.260147 36.637252 50.432494 43.492345 37.777919 37.087283 35.165697 37.285468 47.255412 37.588326 35.690326 36.180239 36.472399 36.679343 37.070279 36.756478 36.430238 35.832377 42.632349 37.690816 36.805473 36.463919 37.019273 44.423288 37.781921 40.541772 40.166938 39.324561 45.570594 36.846166 38.689551 38.270803 36.552314 37.001379 58.998226 35.493012 35.044592 34.498564 40.641382 33.623546 34.497089 34.51162 34.614038 33.542782 32.153894 31.712914 30.326769 30.911756 35.876337 30.480255 31.138654 30.857991 30.287214 36.730622 30.725625 30.858954 32.666578 30.74966 30.514277 30.80734 30.962696 30.852891 30.955217 36.13047 31.926538 30.709126 31.006995 32.445802 34.816449 35.426852 35.008795 34.692584 33.46924 40.077195 35.334662 33.521306 34.343488 33.382648 39.745897 35.426111 33.718105 33.300649 33.357078 32.941093 54.384799 32.886511 32.741855 33.684273 34.834118 35.613671 35.691592 36.947209 36.608235 36.771322 37.730089 37.686539 37.941766 38.035226 39.203909 37.45569 37.047778 36.845273 37.367349 43.561237 38.521786 37.271723 39.540996 36.376793 42.655009 37.796355 36.832135 38.643814 37.943003 44.57101 39.313202 38.069056 37.354163 38.766269 38.400785 40.087812 40.444037 39.111547 38.904982 40.120376 40.178029 39.269935 40.401116 40.653798 41.249757 44.400536 39.904316 42.625001 39.821128 40.388257 73.022911 39.690515 40.984794 41.303074 42.531023 41.096347 42.552269 43.20191 42.95936 50.146616 42.303601 41.905189 42.902187 44.244729 45.124932 44.864046 44.65499 42.452794 40.901289 39.988415 39.703822 40.90116 43.288513 40.36761 41.724895 42.127348 43.913104 44.547956 43.273517 43.000789 41.47251 41.64988 41.165857 40.665752 41.083746 40.119689 40.190267 40.555072 41.840633 43.057425 44.113852 44.271279 44.096291 42.202288 41.855498 42.901476 45.320795 42.674071 42.558459 43.30712 74.604891 44.850836 44.709576 43.993464 44.479556 43.980363 44.185498 42.902495 41.064034 41.003533 43.014638 44.9491 44.19379 42.766733 48.781884 42.333428 42.957168 44.596102 43.677611 44.71574 45.379174 49.118182 45.108425 43.584219 43.360781 44.279194 41.972106 42.509614 42.955189 49.001605 42.520914 41.009607 40.663182 39.578074 40.726734 42.354051 41.598256 40.658886 39.152187 40.342886 41.059337 39.652032 37.86883 37.791094 39.27487 39.644818 37.515118 37.513996 37.507109 37.853954 66.146926 36.452673 36.418137 36.25475 37.106017 35.530028 36.09719 35.962083 36.915366 36.243355 36.866133 37.03112 36.431274 37.117308 36.629502 36.947857 37.377633 38.081236 38.681882 39.619661 38.627161 39.604496 37.652066 36.540913 36.806816 38.960411 37.126225 36.200762 36.508682 37.052098 37.536226 36.680037 36.75513 36.738788 37.85791 37.445924 36.592088 36.362341 36.374762 36.258693 38.056163 36.626672 36.71384 38.649946 39.581554 40.421469 42.165306 39.884682 40.429422 42.897742 72.386682 41.482269 41.541712 41.669871 44.430808 44.080938 44.970565 44.547623 42.867867 54.676346 43.423247 42.950211 42.01036 41.777336 42.056567 40.63645 39.21636 39.476277 39.265051 44.508577 39.411088 39.754034 40.160022 41.280637 39.869054 40.225842 40.320782 39.992891 39.813011 42.061488 42.002891 41.17263 41.130374 38.973278 37.969689 37.902817 36.662844 36.17811 37.195613 43.5582 37.711334 37.523453 36.730182 36.753992 36.492478 40.096445 40.639421 37.992487 38.127518 39.040806 38.233207 61.376361 38.434439 38.605654 44.375857 38.516146 39.173865 38.686808 39.2495 39.334805 40.06253 40.366223 40.90047 40.212451 41.826938 40.511264 40.434263 41.075279 42.201463 42.59619 44.465018 42.296929 40.829673 40.338701 41.944504 40.361666 40.616011 41.003991 41.181309 46.153071 41.502153 42.536776 41.149855 40.961121 40.42074 39.121995 39.43571 38.472357 39.218469 38.948748 39.675198 41.525011 39.724405 39.979038 41.004972 43.479839 41.458254 39.534995 38.858632 44.338157 41.420397 59.850062 39.926903 38.573475 40.260986 39.358421 38.657007 38.638953 37.206332 36.86541 39.43585 39.003576 38.230097 38.86683 39.362222 38.245051 39.650922 38.692689 38.424116 37.078381 38.859515 39.185709 39.537023 39.627337 39.700725 39.432484 41.227228 39.021368 38.917867 40.432016 37.253187 37.565074 38.30448 37.550898 39.867126 38.33333 37.653191 36.486476 35.442371 35.805278 35.651044 37.223956 36.912049 37.699833 36.622306 41.326867 38.775121 39.447856 40.684678 41.325374 39.664857 64.109229 39.391673 38.543841 38.836257 39.393728 39.222967 39.776483 40.051575 40.586641 38.837826 38.867403 38.34556 37.364006 38.70599 37.896996 37.373195 36.751037 36.997118 41.869752 37.815128 36.601317 36.326002 36.203234 42.348651 39.240943 37.408363 37.410204 36.94948 38.556549 38.543552 39.917354 42.263864 44.207697 45.073354 45.324312 47.771252 46.027985 47.871901 47.830793 47.538555 46.425207 46.032611 46.254273 47.967526 44.299576 44.639738 44.360446 45.37623 49.911689 45.668024 62.851145 43.834818 43.316983 42.620616 44.320269 
tComAct=0.057554 0.053539 0.052615 0.056503 0.055111 0.054147 0.052011 0.054779 0.054328 0.053489 0.054877 0.054491 0.039149 0.054289 0.053188 0.055289 0.055382 0.054037 0.054199 0.052278 0.053786 0.05348 0.051607 0.052374 0.053205 0.052338 0.050862 0.052152 0.049759 0.055462 0.053671 0.05382 0.055018 0.053832 0.053457 0.052296 0.053523 0.054676 0.054062 0.118837 0.056121 0.054113 0.055308 0.054449 0.056319 0.053475 0.05478 0.054471 0.054725 0.054703 0.055667 0.053573 0.05463 0.05378 0.049594 0.052713 0.051576 0.051498 0.050463 0.050154 0.050373 0.0513 0.050257 0.05011 0.048706 0.053214 0.05333 0.055599 0.054441 0.052266 0.05403 0.054217 0.055425 0.053258 0.125706 0.053499 0.054638 0.054891 0.057684 0.054264 0.054208 0.055601 0.056043 0.056416 0.052235 0.054091 0.051863 0.053464 0.05407 0.118283 0.053258 0.129143 0.05268 0.051703 0.05326 0.051783 0.052692 0.051397 0.145111 0.129178 0.055258 0.053536 0.054892 0.054344 0.054884 0.0557 0.055394 0.053564 0.054979 0.05475 0.055779 0.053637 0.055784 0.052473 0.05641 0.055138 0.050717 0.053215 0.051684 0.053938 0.05246 0.053212 0.051615 0.049352 0.053915 0.055599 0.054119 0.055033 0.055043 0.055189 0.055619 0.053426 0.055556 0.053796 0.049584 0.05258 0.053507 0.052923 0.052844 0.117766 0.055578 0.055381 0.054565 0.051016 0.051263 0.052121 0.05071 0.051943 0.050769 0.047699 0.050553 0.050998 0.048424 0.053404 0.051385 0.052895 0.053292 0.053354 0.12927 0.051793 0.055228 0.053441 0.05336 0.054391 0.052283 0.052204 0.054727 0.053765 0.052421 0.052247 0.055814 0.053375 0.050711 0.051912 0.051444 0.051308 0.051729 0.050396 0.0492 0.048733 0.056625 0.127733 0.053833 0.054641 0.055434 0.054727 0.053004 0.054663 0.05321 0.051821 0.053377 0.055375 0.066598 0.053833 0.053661 0.054847 0.053343 0.051716 0.055934 0.053243 0.054322 0.050221 0.0515 0.050913 0.052649 0.05197 0.051081 0.051971 0.05391 0.052982 0.055214 0.053452 0.054422 0.053946 0.124938 0.054971 0.054985 0.054929 0.054023 0.050341 0.05264 0.054008 0.053026 0.06461 0.051518 0.055046 0.053755 0.0548 0.053255 0.048121 0.051127 0.051507 0.061486 0.051846 0.050778 0.051841 0.050431 0.051773 0.105235 0.048304 0.054053 0.05505 0.056425 0.096742 0.016536 2.305251 0.012909 0.021246 0.053918 0.052532 0.040438 0.015579 0.016451 0.012984 0.037347 0.013686 0.012366 0.017229 0.012603 0.049225 0.040418 0.015769 0.013738 0.015686 0.014835 0.041698 0.012331 0.014152 0.013348 0.041947 0.017412 0.013895 0.012566 0.015058 0.051419 0.052606 0.053188 0.051028 0.052904 0.048549 0.050214 0.051424 0.051783 0.050665 0.048419 0.051214 0.048598 0.050067 0.051935 0.116954 0.053552 0.052415 0.051971 0.052839 0.060394 0.050307 0.052174 0.049831 0.055515 0.054643 0.055168 0.053263 0.053898 0.054514 0.053522 0.053813 0.053628 0.054504 0.054008 0.054629 0.053641 0.054431 0.052241 0.055138 0.054002 0.055163 0.053258 0.054454 0.05204 0.052204 0.051148 0.052028 0.051855 0.130257 0.051074 0.050034 0.049185 0.051639 0.052276 0.047958 0.053542 0.05268 0.05402 0.05205 0.050996 0.051943 0.052384 0.052075 0.053751 0.12553 0.041194 0.054611 0.052516 0.054492 0.054488 0.05453 0.054839 0.051746 0.0526 0.051123 0.052562 0.052368 0.052607 0.054308 0.059273 0.054702 0.049903 0.053188 0.054114 0.053419 0.054554 0.05305 0.055054 0.053781 0.054234 0.053218 0.054307 0.052084 0.053203 0.055065 0.054971 0.052476 0.054266 0.054394 0.11352 0.05206 0.052102 0.051436 0.05171 0.048614 0.060347 0.052252 0.049022 0.050684 0.050125 0.051962 0.052799 0.051857 0.05236 0.11724 0.052533 0.053109 0.053704 0.053549 0.0537 0.053681 0.052184 0.052192 0.049963 0.053514 0.053905 0.052403 0.053374 0.051021 0.05116 0.052196 0.051614 0.04938 0.04997 0.050804 0.04928 0.050291 0.049078 0.047363 0.050731 0.052958 0.053144 0.05195 0.052395 0.050595 0.052119 0.052189 0.053593 0.051778 0.0515 0.054047 0.053151 0.052227 0.054371 0.048051 0.049319 0.051594 0.050314 0.051204 0.048582 0.050267 0.049645 0.049147 0.047512 0.123755 0.052611 0.051014 0.054389 0.052426 0.126895 0.053055 0.053614 0.051768 0.052364 0.053175 0.054418 0.05272 0.052206 0.052837 0.054185 0.053099 0.054216 0.059327 0.053375 0.053425 0.049688 0.052725 0.052127 0.050951 0.049869 0.049699 0.049412 0.05385 0.053423 0.053697 0.053205 0.05407 0.055587 0.05498 0.053653 0.056075 0.053447 0.053908 0.054147 0.053771 0.053094 0.051727 0.054927 0.052925 0.051554 0.05303 0.05236 0.052216 0.050906 0.051162 0.050442 0.052866 0.055241 0.054501 0.05407 0.055078 0.054503 0.054265 0.054702 0.05441 0.054319 0.053004 0.056466 0.055582 0.054288 0.053953 0.053917 0.055533 0.054042 0.056253 0.054202 0.053292 0.052149 0.052826 0.051667 0.053051 0.057877 0.050496 0.124891 0.054041 0.053759 0.05401 0.053618 0.055053 0.055163 0.054987 0.053117 0.054055 0.05402 0.053465 0.053555 0.049847 0.054256 0.051462 0.053188 0.053898 0.053903 0.053103 0.054606 0.052119 0.051054 0.051353 0.049493 0.050405 0.051096 0.049808 0.051085 0.049417 0.053695 0.053998 0.05407 0.054638 0.054202 0.052655 0.053327 0.053502 0.125036 0.054199 0.053078 0.053162 0.052368 0.054279 0.053435 0.05506 0.054149 0.05412 0.053627 0.053243 0.052366 0.050989 0.051165 0.05094 0.049963 0.051203 0.053765 0.053883 0.053584 0.053542 0.054497 0.053077 0.052877 0.054958 0.053186 0.053773 0.054826 0.0555 0.05294 0.055646 0.054492 0.113184 0.055133 0.054486 0.050911 0.054688 0.048504 0.051258 0.052595 0.050964 0.051324 0.050187 0.051492 0.053579 0.048138 0.052306 0.047713 0.053058 0.052957 0.051599 0.053532 0.050335 0.051901 0.051921 0.053508 0.053226 0.049698 0.052331 0.052593 0.052441 0.05418 0.054974 0.05262 0.053661 0.053896 0.055632 0.053018 0.055585 0.052441 0.051951 0.051804 0.050548 0.052448 0.052256 0.050353 0.051751 0.050042 0.055563 0.051088 0.048791 0.057036 0.050201 0.053216 0.055026 0.054693 0.054452 0.053945 0.054827 0.055826 0.055074 0.054323 0.055778 0.055017 0.054635 0.052426 0.053913 0.054162 0.05493 0.054891 0.054213 0.051439 0.053252 0.052841 0.05203 0.050535 0.052638 0.05054 0.050921 0.053168 0.049692 0.05022 0.051053 0.049525 0.051014 0.053537 0.054994 0.053791 0.054095 0.055086 0.05334 0.05402 0.049389 0.050384 0.054164 0.053273 0.053676 0.053213 0.054199 0.052474 0.052615 0.052416 0.049701 0.05076 0.04997 0.051069 0.048822 0.057708 0.050904 0.047945 0.052618 0.052675 0.05339 0.052608 0.051934 0.053955 0.053044 0.050453 0.052583 0.051848 0.052148 0.054372 0.059539 0.052906 0.051811 0.051579 0.052807 0.051748 0.051834 0.053581 0.052556 0.051523 0.049766 0.049091 0.050822 0.050433 0.050737 0.050765 0.049487 0.059936 0.049871 0.054174 0.051128 0.052384 0.054057 0.054627 0.052941 0.054922 0.053604 0.055031 0.05539 0.054506 0.118249 0.053909 0.052196 0.052323 0.05493 0.052829 0.053954 0.053482 0.053048 0.052625 0.050672 0.050984 0.050106 0.052087 0.0505 0.049413 0.050665 0.051151 0.054388 0.053577 0.053803 0.054398 0.054488 0.053485 0.05532 0.052598 0.054512 0.054016 0.054552 0.055198 0.05291 0.053676 0.055 0.053462 0.053044 0.054307 0.053258 0.052257 0.052022 0.051891 0.052937 0.052916 0.05201 0.051751 0.052247 0.052035 0.049435 0.048277 0.075464 0.052144 0.112856 0.054632 0.053561 0.057131 0.075677 0.049772 0.055032 0.054183 0.053407 0.054609 0.051733 0.052094 0.053341 0.053455 0.053438 0.053008 0.05253 0.053483 0.050294 0.051933 0.050932 0.050882 0.051138 0.049078 0.04871 0.047842 0.05497 0.05272 0.051691 0.053693 0.050386 0.055103 0.052192 0.053766 0.054403 0.050614 0.053071 0.053998 0.054423 0.053498 0.051843 0.054087 0.053995 0.053659 0.054797 0.053564 0.051875 0.05236 0.05229 0.050528 0.040576 0.014884 0.015766 0.011993 0.01232 0.012782 0.012059 0.014266 0.014271 0.013805 0.012262 0.012534 0.093266 0.015205 0.012536 0.015063 0.012643 0.013809 0.014965 0.014436 0.014891 0.014902 0.014089 0.014558 0.013894 0.015299 0.01473 0.040284 0.014954 0.01308 0.014326 0.014297 0.033947 0.039315 0.052536 0.05032 0.051337 0.036349 0.051578 0.053072 0.052226 0.053008 0.052996 0.0532 0.051811 0.051023 0.052142 0.051987 0.054337 0.060486 0.052383 0.05249 0.118531 0.053664 0.052392 0.051712 0.052695 0.052991 0.051779 0.122764 0.05077 0.052015 0.053016 0.051671 0.050513 0.055824 0.055537 0.054013 0.054116 0.05422 0.053855 0.053662 0.053108 0.05439 0.053479 0.054929 0.053813 0.053442 0.053012 0.053471 0.054185 0.053793 0.055542 0.051721 0.052533 0.053545 0.05328 0.053472 0.051742 0.050017 0.050304 0.051134 0.050859 0.053066 0.054452 0.054817 0.053166 0.053529 0.054219 0.054647 0.053963 0.055525 0.112865 0.052591 0.053492 0.053839 0.055704 0.053264 0.054698 0.054354 0.055357 0.053769 0.049508 0.053787 0.052846 0.052478 0.050974 0.052326 0.04928 0.051705 0.05 0.049345 0.048391 0.052366 0.053911 0.053804 0.053336 0.0517 0.052537 0.052028 0.05318 0.053372 0.053104 0.053049 0.053945 0.053451 0.054762 0.043732 0.053696 0.052625 0.053306 0.053696 0.053524 0.051011 0.052503 0.051178 0.051536 0.051207 0.052419 0.051273 0.050805 0.048279 0.04988 0.054307 0.053046 0.054774 0.054148 0.054291 0.055074 0.056804 0.122012 0.053927 0.0541 0.054015 0.05374 0.053446 0.053245 0.054591 0.053958 0.053004 0.050834 0.051927 0.05264 0.052725 0.051921 0.051794 0.051214 0.051861 0.0519 0.051679 0.052696 0.056582 0.049371 0.054074 0.054283 0.048862 0.054435 0.112398 0.05572 0.055723 0.052318 0.054022 0.049522 0.079165 0.054233 0.052187 0.053419 0.051554 0.052882 0.053437 0.051672 0.052229 0.115291 0.05236 0.053419 0.053677 0.052816 0.059591 0.051598 0.053437 0.051801 0.050341 0.051407 0.054378 0.055266 0.054428 0.055087 0.053764 0.05326 0.053981 0.053955 0.05442 0.051709 0.055579 0.056264 0.054557 0.053882 0.051793 0.052844 0.053782 0.054876 0.053699 0.057985 0.057511 0.065056 0.057366 0.056309 0.056768 0.057362 0.056267 0.055854 0.055342 0.056418 0.059339 0.059898 0.058707 0.058851 0.056929 0.058987 0.058949 0.061238 0.058924 0.12597 0.059464 0.060476 0.059261 0.05582 0.058791 0.060125 0.055116 0.056259 0.055579 0.054568 0.052995 0.05391 0.052545 0.053263 0.053009 0.05305 0.051859 0.053776 0.051709 0.052533 0.05045 0.051574 0.048749 0.055453 0.054207 0.054814 0.053657 0.055193 0.053943 0.050065 0.054779 0.055463 0.054423 0.053958 0.053056 0.050998 0.055257 0.054075 0.053811 0.050803 0.05423 0.053199 0.051121 0.051031 0.051126 0.049808 0.050816 0.050347 0.051694 0.116401 0.050909 0.049522 0.049747 0.049644 0.049235 0.053394 0.054223 0.05404 0.053639 0.053274 0.052109 0.063902 0.05408 0.052659 0.054091 0.054772 0.050269 0.053337 0.054263 0.050484 0.053121 0.055375 0.07469 0.050964 0.051582 0.050883 0.050454 0.051305 0.050336 0.048935 0.050934 0.051893 0.050822 0.052366 0.051185 0.050308 0.054765 0.052784 0.054449 0.051522 0.052057 0.055439 0.053014 0.054027 0.052906 0.052796 0.055118 0.054044 0.054401 0.117577 0.054944 0.050792 0.05307 0.054589 0.054012 0.052805 0.052648 0.057373 0.056384 0.057997 0.057183 0.056302 0.056489 0.056244 0.056929 0.055666 0.056267 0.054706 0.055336 0.054177 0.055225 0.055198 0.053609 0.053419 0.053758 0.054302 0.053722 0.054403 0.054513 0.053427 0.053869 0.051999 0.052494 0.050877 0.050633 0.050149 0.052329 0.052774 0.051111 0.05125 0.050647 0.050277 0.048642 0.052891 0.054433 0.055573 0.054872 0.052708 0.054439 0.052513 0.049228 0.053743 0.054637 0.054127 0.053716 0.053773 0.05471 0.05476 0.064219 0.053741 0.052775 0.052122 0.051372 0.052107 0.051706 0.052184 0.051196 0.050495 0.049902 0.049075 0.054166 0.055101 0.057122 0.056075 0.054906 0.055467 0.055759 0.055375 0.054759 0.054275 0.053637 0.054301 0.055239 0.055073 0.051389 0.054379 0.05343 0.054488 0.055681 0.05411 0.051181 0.05164 0.052114 0.05126 0.050372 0.052961 0.12602 0.054863 0.048704 0.049902 0.109285 0.055008 0.053542 0.054996 0.053245 0.052493 0.053552 0.053755 0.052248 0.053232 0.054738 0.051888 0.053639 0.052917 0.054087 0.053934 0.054234 0.054147 0.052112 0.054087 0.05103 0.050961 0.051939 0.050062 0.050682 0.050568 0.051873 0.051997 0.047899 0.051153 0.052279 0.053421 0.054969 0.054398 0.126484 0.049321 0.054633 0.052571 0.052924 0.052912 0.049719 0.052983 0.053253 0.054314 0.053995 0.050237 0.053773 0.05223 0.052673 0.051024 0.114123 0.052842 0.127147 0.051863 0.050867 0.050476 0.049567 0.053058 0.05208 0.054303 0.055778 0.055205 0.05459 0.053791 0.0541 0.053428 0.053138 0.055053 0.053546 0.05352 0.053954 0.055048 0.053577 0.053133 0.052226 0.053843 0.052289 0.05258 0.05204 0.050784 0.05193 0.052073 0.051317 0.051687 0.050901 0.054279 0.054035 0.053761 0.055853 0.052157 0.047415 0.052307 0.054466 0.05253 0.054626 0.050802 0.053641 0.054348 0.052665 0.05285 0.11524 0.055096 0.054685 0.054091 0.053312 0.05393 0.052841 0.052031 0.051649 0.051894 0.050715 0.049585 0.050184 0.05575 0.053721 0.055076 0.053586 0.053803 0.063047 0.055122 0.055022 0.055268 0.053933 0.053921 0.055136 0.055323 0.055216 0.054996 0.054976 0.05319 0.052306 0.051548 0.052258 0.052294 0.052454 0.058306 0.052522 0.048971 0.054065 0.047277 0.054013 0.055085 0.056204 0.040132 0.015208 0.015571 0.01224 0.038949 0.015358 0.014395 0.048191 0.04245 0.016416 0.013606 0.121611 0.013753 0.013574 0.015365 0.06816 0.041192 0.109239 0.016975 0.041021 0.017321 0.01557 0.014333 0.040281 0.041285 0.017955 0.013193 0.039378 0.016533 0.041561 0.017546 0.014522 0.052961 0.05531 0.052851 0.031193 0.050724 0.05399 0.04333 0.027626 0.05404 0.057376 0.046881 0.051856 0.052765 0.054154 0.052608 0.0558 0.05267 0.051228 0.052288 0.052211 0.052593 0.050772 0.055978 0.054982 0.055572 0.118765 0.054186 0.056013 0.056809 0.053392 0.053903 0.054087 0.053596 0.053982 0.052954 0.056112 0.054234 0.05397 0.051352 0.054358 0.055438 0.052815 0.051982 0.125781 0.053164 0.051571 0.051329 0.050455 0.051303 0.051116 0.061527 0.05071 0.050516 0.05323 0.054249 0.055279 0.05465 0.053644 0.055845 0.053117 0.053542 0.053389 0.053749 0.054771 0.052087 0.055217 0.054207 0.052118 0.053407 0.052595 0.053128 0.051258 0.052889 0.051334 0.050726 0.051049 0.050412 0.048369 0.053311 0.048626 0.053592 0.052511 0.053342 0.055537 0.05312 0.053609 0.053723 0.054179 0.052792 0.054471 0.055561 0.054371 0.05395 0.053466 0.052564 0.053444 0.052252 0.052084 0.051195 0.051957 0.050999 0.050732 0.050774 0.049229 0.051007 0.052239 0.112466 0.048296 0.055811 0.054303 0.052039 0.054239 0.055201 0.055504 0.053422 0.052589 0.116396 0.053474 0.052159 0.053012 0.05244 0.052174 0.052526 0.053113 0.051569 0.051268 0.048934 0.052991 0.053621 0.052369 0.050331 0.050582 0.050031 0.049766 0.04922 0.053933 0.053503 0.049354 0.054399 0.052944 0.053866 0.053587 0.054641 0.054005 0.053022 0.052835 0.053594 0.053329 0.055506 0.052593 0.053415 0.054052 0.051707 0.051113 0.05146 0.051319 0.051574 0.050782 0.053191 0.051206 0.052889 0.053845 0.053447 0.053779 0.053538 0.055531 0.053293 0.053659 0.055115 0.053878 0.053919 0.051233 0.054341 0.054272 0.054261 0.052569 0.118042 0.116626 0.051716 0.051208 0.052779 0.051909 0.051328 0.051171 0.052677 0.051626 0.053178 0.05538 0.055974 0.052649 0.053397 0.053113 0.053679 0.053518 0.052579 0.054567 0.05343 0.053856 0.049303 0.052608 0.053345 0.053305 0.05237 0.05595 0.050581 0.050637 0.051373 0.050559 0.050979 0.050821 0.050341 0.05072 0.049616 0.052021 0.049405 0.053547 0.053213 0.052904 0.062434 0.051756 0.054211 0.053091 0.053619 0.053681 0.053684 0.053802 0.054291 0.053005 0.05256 0.053549 0.055537 0.053878 0.052727 0.051686 0.052634 0.052545 0.051948 0.05287 0.052284 0.051415 0.051063 0.048145 0.052029 0.05274 0.052392 0.054281 0.054092 0.054463 0.054396 0.053463 0.053113 0.053113 0.053566 0.051902 0.053801 0.056275 0.05108 0.05347 0.052677 0.052819 0.051193 0.052194 0.050462 0.050762 0.050346 0.049639 0.048963 0.051257 0.121337 0.049628 0.054984 0.052624 0.053125 0.053924 0.054341 0.053033 0.053001 0.055312 0.052069 0.051831 0.052846 0.052981 0.054334 0.05343 0.053776 0.053614 0.056332 0.056201 0.05178 0.050944 0.051531 0.051482 0.05128 0.052389 0.051479 0.051435 0.050638 0.04812 0.054012 0.05392 0.052559 0.054354 0.053614 0.054515 0.052949 0.055658 0.05349 0.054433 0.053579 0.052382 0.054016 0.055257 0.125823 0.054122 0.052192 0.053626 0.049397 0.053031 0.053145 0.052125 0.051884 0.052156 0.048975 0.050774 0.049068 0.047826 0.053769 0.052831 0.117178 0.052655 0.052466 0.050052 0.053691 0.051068 0.052603 0.051595 0.050956 0.052555 0.051804 0.051881 0.052026 0.053188 0.053784 0.050042 0.05319 0.051811 0.052824 0.054592 0.05052 0.050239 0.053125 0.052396 0.051116 0.050012 0.051322 0.051863 0.051768 0.048816 0.051566 0.058777 0.053273 0.061693 0.050779 0.053883 0.054224 0.054053 0.053432 0.054491 0.05344 0.053562 0.052527 0.054018 0.054189 0.055638 0.053731 0.055629 0.053178 0.053412 0.049582 0.052251 0.052059 0.054075 0.054576 0.052495 0.053582 0.053407 0.051255 0.05215 0.052486 0.051801 0.049186 0.050351 0.049624 0.051384 0.049133 0.053714 0.054391 0.054175 0.053807 0.052833 0.053751 0.054585 0.052749 0.054102 0.053159 0.05186 0.053982 0.051895 0.049706 0.052842 0.052211 0.05243 0.05381 0.050287 0.051813 0.053604 0.051051 0.051138 0.047968 0.051381 0.051258 0.052182 0.049793 0.049634 0.050072 0.052199 0.050205 0.050408 0.115457 0.050404 0.05279 0.052563 0.053998 0.055287 0.053778 0.048751 0.054086 0.055302 0.052659 0.055322 0.052992 0.053643 0.052982 0.05167 0.055485 0.053427 0.052689 0.054558 0.04996 0.053155 0.051676 0.050194 0.051629 0.051407 0.051676 0.049676 0.049014 0.05126 0.051111 0.051037 0.061253 0.049407 4.845969 0.051415 0.048558 0.054358 0.05273 0.053521 0.051509 0.052624 0.053198 0.053101 0.05457 0.051081 0.053465 0.053178 0.053143 0.052732 0.12067 0.052722 0.05344 0.05069 0.050855 0.050359 0.051243 0.050496 0.052127 0.051327 0.051786 0.051053 0.049893 0.051278 0.051375 0.050075 0.050485 0.055406 0.054577 0.054825 0.055309 0.054179 0.053148 0.053584 0.063432 0.05459 0.052568 0.055215 0.052931 0.054137 0.125956 0.054845 0.054395 0.054768 0.053651 0.054389 0.123689 0.052934 0.05254 0.052998 0.047865 0.051886 0.049629 0.051393 0.050987 0.051536 0.04983 0.053944 0.053489 0.054077 0.048336 0.054055 0.054067 0.053622 0.055201 0.054623 0.054701 0.054555 0.053598 0.054035 0.053598 0.054142 0.053302 0.053911 0.051955 0.054988 0.051354 0.053136 0.051273 0.051703 0.114633 0.049715 0.048685 0.049395 0.050085 0.050401 0.051248 0.048426 0.047262 0.052506 0.051288 0.051742 0.051325 0.053101 0.053187 0.052261 0.039072 0.015103 0.015507 0.012741 0.012815 0.014346 0.014116 0.014152 0.014082 0.040782 0.015711 0.013297 0.015355 0.013393 0.014683 0.082123 0.014714 0.01454 0.015064 0.011594 0.012257 0.09453 0.016485 0.01391 0.012396 0.017025 0.015153 0.015487 0.015083 0.077931 0.014474 0.015439 0.014299 0.014799 0.015048 0.01474 0.014762 0.015183 0.015124 0.052785 0.050293 0.063002 0.054849 0.054058 0.054501 0.054661 0.052498 0.128436 0.051423 0.059751 0.052879 0.052878 0.051726 0.051168 0.052164 0.052675 0.05074 0.051066 0.057158 0.053306 0.05461 0.05532 0.054618 0.056621 0.055542 0.054364 0.051413 0.053211 0.054644 0.053852 0.052433 0.055237 0.054535 0.054267 0.054461 0.053256 0.054027 0.051163 0.051078 0.049526 0.051072 0.051358 0.051484 0.050214 0.050913 0.049654 0.048924 0.054542 0.054826 0.052586 0.053439 0.053268 0.052137 0.053352 0.053775 0.052554 0.050197 0.052083 0.051626 0.053349 0.052162 0.051861 0.052111 0.052576 0.053066 0.053126 0.048951 0.052442 0.051572 0.053389 0.05318 0.048731 0.051068 0.050779 0.051539 0.051534 0.116939 0.050827 0.050183 0.050789 0.049945 0.053285 0.054072 0.055118 0.050302 0.055335 0.053234 0.055184 0.053926 0.05427 0.051736 0.052877 0.055133 0.056226 0.052802 0.054032 0.051327 0.054095 0.05344 0.051996 0.053966 0.052396 0.052181 0.053523 0.052618 0.050623 0.049905 0.051149 0.048963 0.050928 0.050521 0.051587 0.051058 0.050293 0.050664 0.05158 0.053564 0.055509 0.055153 0.05194 0.053783 0.053681 0.052981 0.055756 0.053312 0.05482 0.116128 0.053625 0.055281 0.0545 0.050762 0.055202 0.05395 0.055646 0.054326 0.055567 0.053173 0.052002 0.053484 0.052828 0.052115 0.053044 0.052305 0.052508 0.051744 0.051505 0.051003 0.061004 0.051402 0.053358 0.049619 0.053397 0.053462 0.055727 0.052346 0.052728 0.051258 0.052665 0.053229 0.053422 0.052729 0.051344 0.053133 0.053056 0.052 0.050854 0.050961 0.054209 0.053389 0.052372 0.053087 0.050381 0.053742 0.051626 0.050909 0.053208 0.041734 0.054381 0.052476 0.052023 0.052797 0.052172 0.051844 0.049773 0.052304 0.053598 0.054107 0.053953 0.053732 0.05534 0.053213 0.054287 0.054326 0.051686 0.053357 0.052063 0.111358 0.054315 0.053314 0.053902 0.052597 0.050501 0.051988 0.05257 0.052158 0.052371 0.05165 0.051519 0.051629 0.051606 0.051108 0.049051 0.049418 0.051332 0.050685 0.049771 0.048416 0.053397 0.052213 0.053616 0.054134 0.052107 0.054697 0.053238 0.053687 0.054013 0.117814 0.053481 0.055066 0.054699 0.054492 0.053646 0.053124 0.053269 0.051276 0.053862 0.054416 0.054616 0.053531 0.052994 0.054496 0.05287 0.052683 0.052114 0.053216 0.049528 0.052886 0.05006 0.04978 0.051188 0.051542 0.047758 0.052317 0.054192 0.053143 0.053768 0.050904 0.053688 0.052029 0.053992 0.052517 0.052618 0.053531 0.053347 0.053602 0.052929 0.050331 0.053624 0.054817 0.053121 0.05512 0.054901 0.056046 0.053776 0.05345 0.053068 0.11995 0.053659 0.052776 0.052829 0.057296 0.057995 0.058297 0.056244 0.056879 0.056375 0.053775 0.059859 0.054525 0.054296 0.053979 0.055591 0.055393 0.054886 0.054552 0.054888 0.054259 0.054968 0.054593 0.056202 0.054691 0.054099 0.054245 0.052795 0.050692 0.05278 0.052869 0.052396 0.053564 0.051056 0.050446 0.051027 0.055085 0.054088 0.054333 0.053854 0.053609 0.054811 0.056697 0.053379 0.055662 0.053561 0.051026 0.054505 0.054127 0.053579 0.054057 0.051674 0.054245 0.053094 0.053907 0.052293 0.052273 0.052436 0.051873 0.053055 0.050952 0.055557 0.051926 0.051352 0.052175 0.054514 0.053225 0.055564 0.054662 0.053221 0.05658 0.05436 0.054922 0.05605 0.053042 0.054716 0.057271 0.054171 0.054271 0.053213 0.053499 0.05033 0.051008 0.052745 0.050354 0.050075 0.048053 0.048981 0.050407 0.04997 0.057696 0.04949 0.048453 0.053502 0.054127 0.053326 0.052581 0.052426 0.051403 0.052954 0.05344 0.114904 0.052249 0.054081 0.053493 0.055065 0.151366 0.051622 0.055258 0.054568 0.061566 0.052807 0.052711 0.053173 0.050834 0.052502 0.052257 0.051452 0.052388 0.051806 0.050416 0.054511 0.130211 0.05467 0.051521 0.053433 0.050333 0.053016 0.054551 0.052603 0.05306 0.051848 0.053887 0.052807 0.05199 0.053102 0.052319 0.047821 0.05179 0.050789 0.051043 0.050309 0.0517 0.05098 0.051061 0.052956 0.050936 0.050086 0.049503 0.04813 0.052558 0.116723 0.053395 0.052845 0.053123 0.053351 0.051038 0.054187 0.052722 0.052523 0.052459 0.053513 0.054226 0.054422 0.052287 0.055364 0.054729 0.052357 0.051315 0.05354 0.052059 0.051905 0.10381 0.052397 0.050085 0.049895 0.05297 0.055492 0.055342 0.053467 0.054607 0.054859 0.052824 0.053236 0.052841 0.053269 0.052517 0.053795 0.053013 0.053623 0.054418 0.051433 0.055312 0.12244 0.054237 0.052565 0.05342 0.056575 0.056398 0.052499 0.051497 0.116312 0.052185 0.052304 0.055745 0.054872 
ComActTX=16 16 16 16 16 16 16 16 16 16 16 16 16 16 16 16 16 16 16 16 16 16 16 16 16 16 16 16 16 16 16 16 16 16 16 16 16 16 16 16 16 16 16 16 16 16 16 16 16 16 16 16 16 16 16 16 16 16 16 16 16 16 16 16 16 16 16 16 16 16 16 16 16 16 16 16 16 16 16 16 16 16 16 16 16 16 16 16 568 568 568 568 568 568 568 568 568 568 568 568 568 568 568 568 1100 1100 1100 1100 1100 1100 1100 1100 1100 1100 568 568 568 568 568 568 568 16 16 16 16 16 16 16 16 16 16 16 16 16 16 16 16 16 16 16 16 16 16 16 16 16 16 16 16 16 16 16 16 16 16 16 16 16 16 16 16 16 16 16 16 16 16 16 16 16 16 16 16 16 16 16 16 16 16 16 16 16 16 16 16 16 16 16 16 16 16 16 16 16 16 16 16 16 16 16 16 16 16 16 16 16 16 16 16 16 16 16 16 16 16 16 16 16 16 16 16 16 16 16 16 16 16 16 16 16 16 16 16 16 16 16 16 16 16 16 16 16 16 16 16 568 568 568 568 568 568 568 568 568 568 568 568 568 568 568 568 568 568 568 568 568 568 568 568 568 16 16 16 16 16 16 16 16 16 16 16 16 16 16 16 16 16 16 16 16 16 16 16 16 16 16 16 16 16 16 16 16 16 16 16 16 16 16 16 16 16 16 16 16 16 16 16 16 16 16 16 16 16 16 16 16 16 16 16 16 16 16 16 16 16 16 16 16 16 16 16 16 16 16 16 16 16 16 16 16 16 16 16 16 16 16 16 16 16 16 16 16 16 16 16 16 16 16 16 16 16 16 16 16 16 16 16 16 16 16 16 16 16 16 16 16 16 16 16 16 16 16 16 16 16 16 16 16 16 16 16 16 16 16 16 16 16 16 16 16 16 16 16 16 16 16 16 16 16 16 16 16 16 16 16 16 16 16 16 16 16 16 16 16 16 16 16 16 16 16 16 16 16 16 16 16 16 16 16 16 16 16 16 16 16 16 16 16 568 568 568 568 568 568 568 568 568 568 568 568 568 568 568 568 16 16 16 16 16 16 16 16 568 568 568 568 568 568 568 568 568 568 568 16 16 568 568 568 568 568 568 568 568 568 568 568 568 568 568 568 568 568 568 568 568 568 16 16 16 16 16 16 16 16 16 16 16 16 16 16 16 16 16 16 16 16 16 16 16 16 16 16 16 16 16 16 16 16 16 16 16 16 16 16 16 16 16 16 16 16 16 16 16 16 16 16 16 16 16 16 16 16 16 16 16 16 16 16 16 16 16 16 16 16 16 16 568 568 568 568 568 568 568 568 568 568 568 568 568 568 568 16 16 16 16 16 16 16 16 16 16 16 16 16 16 16 16 16 16 16 16 16 16 16 16 16 16 16 16 16 16 16 16 16 16 16 568 568 568 568 568 568 568 568 568 568 568 568 568 568 568 568 568 568 568 568 568 16 16 16 16 16 16 16 16 16 568 568 568 1100 1100 1100 1100 1100 1100 1100 1100 1100 1100 1100 1100 1100 1100 1100 1100 1100 568 568 568 568 16 16 16 16 16 16 16 16 16 16 16 16 16 16 16 16 16 16 16 16 16 16 16 16 16 16 16 16 16 16 16 16 16 16 16 16 16 16 16 16 16 16 16 16 16 16 16 16 16 16 16 16 16 16 16 16 16 16 16 16 16 16 16 16 16 16 16 16 16 16 16 16 568 568 568 568 568 568 568 568 568 568 16 16 16 16 16 568 568 568 568 568 568 568 568 568 568 568 568 568 568 568 568 568 568 568 568 568 568 568 568 568 568 568 568 568 568 568 568 568 568 568 16 16 16 16 16 16 16 16 16 16 16 16 16 16 16 16 16 16 16 16 16 16 16 16 16 16 16 16 16 16 16 16 16 16 16 16 16 16 16 16 16 16 16 16 16 16 16 16 16 16 16 16 16 16 16 16 16 16 16 16 568 568 568 568 568 568 568 568 568 568 568 568 568 568 568 568 568 16 16 16 16 16 16 16 16 16 16 16 568 568 568 568 568 568 568 568 568 568 568 568 16 16 16 16 568 568 568 568 568 568 568 568 568 568 568 16 16 16 16 16 16 16 16 16 16 16 16 16 16 16 16 16 16 16 16 568 568 568 568 568 568 568 568 568 568 568 568 568 568 568 568 568 568 568 568 568 568 568 568 568 568 568 568 568 568 16 16 568 568 568 568 568 568 568 568 568 568 568 568 568 568 568 568 568 1100 1100 1100 1100 1100 1100 568 568 568 568 568 568 568 568 568 568 568 568 568 568 568 568 568 568 568 568 568 568 1100 1100 1100 1100 1100 1100 1100 568 568 568 568 568 568 568 568 568 1100 1100 1100 1100 1100 1100 1100 1100 1100 1100 1100 1100 1100 1100 1100 1100 1100 1100 1100 1100 1100 1100 1100 1100 1100 1100 1100 1100 1100 1100 1100 1632 1632 1632 1632 1632 1632 1632 1632 1632 1632 1632 1632 1632 1632 1632 1632 1632 1632 1632 1632 1632 1632 1632 1632 1100 1632 1632 1100 1100 1100 1100 1100 1100 1100 1100 1100 1100 1100 1100 1100 1100 1100 1100 1100 1100 1100 1100 1100 1100 1100 1100 1100 568 568 568 568 568 568 568 568 568 568 16 16 16 16 16 16 16 16 16 16 16 16 16 16 16 16 16 16 16 16 16 16 16 16 16 16 16 16 16 16 16 16 16 16 16 16 16 16 16 16 568 568 568 568 568 568 568 568 568 568 568 568 568 568 568 568 568 568 568 568 568 568 568 568 1100 1100 1632 1632 1632 1632 1632 1632 1632 1632 1100 1100 1100 1100 1100 1100 1100 1100 1100 568 568 568 568 568 568 568 568 568 568 568 568 568 568 568 568 568 16 16 16 16 16 16 16 16 16 16 16 16 16 16 568 568 568 568 568 568 568 568 568 568 568 568 568 16 16 568 1100 1100 1100 1100 1100 1100 1100 1100 1100 1100 568 568 568 568 568 568 568 568 568 568 568 568 568 568 568 568 568 568 568 568 568 568 568 568 16 16 16 16 16 16 16 16 16 16 16 16 16 16 16 16 16 16 16 16 16 16 16 16 16 16 16 16 16 568 568 568 568 1100 1100 1100 1100 1100 1100 568 568 568 568 568 568 568 568 568 568 568 568 568 568 568 568 568 568 568 568 568 568 568 568 568 568 568 568 568 568 568 568 568 568 568 568 568 568 568 568 568 568 568 568 568 568 568 568 568 568 568 568 568 568 568 568 568 568 568 568 568 568 568 568 568 568 568 568 568 568 568 568 1100 1100 1100 1100 1100 1100 1100 568 568 568 568 568 568 568 568 568 568 568 568 568 568 568 568 568 568 568 568 568 568 568 568 568 568 568 568 568 568 568 568 568 568 568 568 568 1100 1100 1100 1100 1100 1100 1100 1100 1100 1100 1100 1100 1100 1100 568 568 568 568 568 568 568 568 568 568 568 568 568 568 568 568 568 568 568 568 568 568 568 568 568 568 16 16 16 16 16 16 16 16 568 568 568 568 568 568 568 568 568 568 568 568 568 568 568 568 568 568 568 568 568 568 568 568 568 568 568 568 568 568 568 568 568 568 568 568 568 568 568 568 568 568 568 568 16 16 16 16 16 16 16 16 16 16 16 16 16 16 16 16 16 16 16 16 16 16 16 16 16 16 16 16 16 568 568 568 568 568 568 568 568 568 568 568 568 568 568 568 568 568 568 568 568 568 568 568 568 568 568 568 16 16 16 16 16 16 16 16 16 16 16 16 16 16 16 16 16 16 16 16 16 16 16 16 16 16 16 16 16 16 16 16 16 16 16 16 16 16 16 16 16 16 16 16 16 16 16 568 568 568 568 568 568 568 568 568 568 568 568 568 568 16 16 16 16 16 16 16 16 16 16 16 16 16 16 16 16 16 16 16 16 16 16 16 16 16 16 16 16 16 16 16 16 16 16 16 16 16 16 568 568 568 568 568 568 568 568 568 568 568 568 568 568 568 568 568 568 16 16 16 16 16 16 16 16 16 16 16 16 16 16 16 16 16 16 16 16 16 16 16 16 16 16 16 16 16 568 568 568 568 568 568 568 568 568 568 16 16 16 16 16 16 16 16 16 16 16 16 16 568 568 568 568 568 568 568 568 568 1100 1100 1100 1100 1100 1100 1100 568 568 568 568 16 16 16 16 16 16 16 16 16 16 16 16 16 16 16 16 16 16 16 16 16 16 16 16 16 16 16 16 16 16 16 16 16 16 16 16 16 16 16 16 16 16 16 16 16 16 16 16 16 16 16 16 16 16 16 16 16 568 568 568 568 568 568 568 568 568 568 568 568 568 568 568 568 568 568 568 16 16 16 16 16 16 16 16 16 16 16 16 16 16 16 16 16 16 16 16 16 16 16 16 16 16 16 16 16 16 16 16 16 16 16 16 16 16 16 16 16 16 16 16 16 16 16 16 16 16 16 568 568 568 568 568 568 568 568 568 568 568 568 568 568 568 568 568 568 568 568 568 568 568 568 568 568 568 568 16 16 16 16 16 16 16 16 16 16 16 16 568 568 568 568 568 1100 1100 1100 1100 1100 1100 1100 1100 1100 1100 1100 1100 1100 1100 1100 1100 1100 1100 1100 1100 1100 1100 1100 1100 1100 1100 1100 1100 1100 1100 1100 1100 1100 1100 1100 1100 568 568 568 568 568 568 568 16 16 16 16 16 16 16 16 16 16 16 16 16 16 16 16 16 16 16 16 16 16 16 16 16 16 16 16 16 16 16 16 16 16 16 16 16 16 16 16 16 16 16 16 16 16 16 16 16 16 16 16 16 16 16 16 16 16 16 16 16 16 16 16 16 16 16 16 16 16 16 16 16 16 16 16 16 16 568 568 568 568 568 568 568 568 568 568 568 568 568 568 568 568 568 568 568 568 568 568 568 568 16 16 16 16 16 16 16 16 16 16 16 16 16 16 16 16 16 16 16 16 16 16 16 16 16 16 16 16 16 16 16 16 16 16 16 16 16 16 16 16 16 16 16 16 16 16 16 16 16 16 16 568 568 568 568 568 568 568 568 568 568 568 568 568 568 568 16 16 16 16 16 16 16 16 16 16 16 16 16 16 568 568 568 568 568 568 568 568 568 568 568 568 568 568 568 568 568 568 568 568 568 568 568 568 568 568 568 568 16 16 16 16 16 568 568 568 568 568 568 568 568 568 568 568 568 568 568 568 568 568 568 568 568 568 568 568 568 568 568 568 568 568 568 568 568 568 568 568 568 16 16 16 16 16 16 16 16 16 568 568 568 568 568 568 568 568 568 568 568 568 568 568 568 568 16 16 16 16 16 16 16 568 568 568 568 568 568 568 568 568 568 568 568 568 568 568 568 568 568 568 568 568 568 568 568 568 568 568 568 568 568 568 568 568 568 568 568 568 568 568 568 568 568 568 568 568 568 568 568 568 568 568 568 568 1100 1100 1100 1100 1100 1100 1100 1100 1100 1100 1100 1632 1632 1632 1632 1632 1632 1632 1632 1100 1100 1100 1100 1100 1100 1100 1100 1100 1100 1100 1100 568 568 568 568 568 568 568 568 568 16 16 16 16 16 568 568 568 568 568 568 568 568 568 568 568 568 568 568 568 568 568 568 568 568 568 568 568 568 568 568 568 568 568 568 568 568 568 568 568 568 568 568 568 568 568 568 568 16 16 16 16 16 16 16 16 16 16 16 16 16 16 16 16 16 16 16 16 16 16 16 16 16 16 16 16 16 568 568 568 568 568 568 568 568 568 568 568 568 568 568 568 568 568 568 568 568 568 568 568 568 568 568 568 568 568 568 568 568 568 568 568 568 568 568 568 568 16 16 16 16 16 16 16 16 16 16 16 16 16 16 16 16 16 16 16 16 16 16 16 16 16 16 16 16 16 16 16 16 16 16 16 16 568 568 1100 1100 1100 1100 1100 1100 1100 1100 1100 1632 1632 1100 1100 1100 1100 1100 1100 1100 
ComActRX=0 0 0 0 0 0 0 0 0 0 0 0 0 0 0 0 0 0 0 0 0 0 0 0 0 0 0 0 0 0 0 0 0 0 0 0 0 0 0 0 0 0 0 0 0 0 0 0 0 0 0 0 0 0 0 0 0 0 0 0 0 0 0 0 0 0 0 0 0 0 0 0 0 0 0 0 0 0 0 0 0 0 0 0 0 0 0 0 0 0 0 0 0 0 0 0 0 0 0 0 0 0 0 0 0 0 0 0 0 0 0 0 0 0 0 0 0 0 0 0 0 0 0 0 0 0 0 0 0 0 0 0 0 0 0 0 0 0 0 0 0 0 0 0 0 0 0 0 0 0 0 0 0 0 0 0 0 0 0 0 0 0 0 0 0 0 0 0 0 0 0 0 0 0 0 0 0 0 0 0 0 0 0 0 0 0 0 0 0 0 0 0 0 0 0 0 0 0 0 0 0 0 0 0 0 0 0 0 0 0 0 0 0 0 0 0 0 0 0 0 0 0 0 0 0 0 0 0 0 0 0 0 0 0 0 0 0 0 0 0 0 0 0 0 0 0 0 0 0 0 0 0 0 0 0 0 0 0 0 0 0 0 0 0 0 0 0 0 0 0 0 0 0 0 0 0 0 0 0 0 0 0 0 0 0 0 0 0 0 0 0 0 0 0 0 0 0 0 0 0 0 0 0 0 0 0 0 0 0 0 0 0 0 0 0 0 0 0 0 0 0 0 0 0 0 0 0 0 0 0 0 0 0 0 0 0 0 0 0 0 0 0 0 0 0 0 0 0 0 0 0 0 0 0 0 0 0 0 0 0 0 0 0 0 0 0 0 0 0 0 0 0 0 0 0 0 0 0 0 0 0 0 0 0 0 0 0 0 0 0 0 0 0 0 0 0 0 0 0 0 0 0 0 0 0 0 0 0 0 0 0 0 0 0 0 0 0 0 0 0 0 0 0 0 0 0 0 0 0 0 0 0 0 0 0 0 0 0 0 0 0 0 0 0 0 0 0 0 0 0 0 0 0 0 0 0 0 0 0 0 0 0 0 0 0 0 0 0 0 0 0 0 0 0 0 0 0 0 0 0 0 0 0 0 0 0 0 0 0 0 0 0 0 0 0 0 0 0 0 0 0 0 0 0 0 0 0 0 0 0 0 0 0 0 0 0 0 0 0 0 0 0 0 0 0 0 0 0 0 0 0 0 0 0 0 0 0 0 0 0 0 0 0 0 0 0 0 0 0 0 0 0 0 0 0 0 0 0 0 0 0 0 0 0 0 0 0 0 0 0 0 0 0 0 0 0 0 0 0 0 0 0 0 0 0 0 0 0 0 0 0 0 0 0 0 0 0 0 0 0 0 0 0 0 0 0 0 0 0 0 0 0 0 0 0 0 0 0 0 0 0 0 0 0 0 0 0 0 0 0 0 0 0 0 0 0 0 0 0 0 0 0 0 0 0 0 0 0 0 0 0 0 0 0 0 0 0 0 0 0 0 0 0 0 0 0 0 0 0 0 0 0 0 0 0 0 0 0 0 0 0 0 0 0 0 0 0 0 0 0 0 0 0 0 0 0 0 0 0 0 0 0 0 0 0 0 0 0 0 0 0 0 0 0 0 0 0 0 0 0 0 0 0 0 0 0 0 0 0 0 0 0 0 0 0 0 0 0 0 0 0 0 0 0 0 0 0 0 0 0 0 0 0 0 0 0 0 0 0 0 0 0 0 0 0 0 0 0 0 0 0 0 0 0 0 0 0 0 0 0 0 0 0 0 0 0 0 0 0 0 0 0 0 0 0 0 0 0 0 0 0 0 0 0 0 0 0 0 0 0 0 0 0 0 0 0 0 0 0 0 0 0 0 0 0 0 0 0 0 0 0 0 0 0 0 0 0 0 0 0 0 0 0 0 0 0 0 0 0 0 0 0 0 0 0 0 0 0 0 0 0 0 0 0 0 0 0 0 0 0 0 0 0 0 0 0 0 0 0 0 0 0 0 0 0 0 0 0 0 0 0 0 0 0 0 0 0 0 0 0 0 0 0 0 0 0 0 0 0 0 0 0 0 0 0 0 0 0 0 0 0 0 0 0 0 0 0 0 0 0 0 0 0 0 0 0 0 0 0 0 0 0 0 0 0 0 0 0 0 0 0 0 0 0 0 0 0 0 0 0 0 0 0 0 0 0 0 0 0 0 0 0 0 0 0 0 0 0 0 0 0 0 0 0 0 0 0 0 0 0 0 0 0 0 0 0 0 0 0 0 0 0 0 0 0 0 0 0 0 0 0 0 0 0 0 0 0 0 0 0 0 0 0 0 0 0 0 0 0 0 0 0 0 0 0 0 0 0 0 0 0 0 0 0 0 0 0 0 0 0 0 0 0 0 0 0 0 0 0 0 0 0 0 0 0 0 0 0 0 0 0 0 0 0 0 0 0 0 0 0 0 0 0 0 0 0 0 0 0 0 0 0 0 0 0 0 0 0 0 0 0 0 0 0 0 0 0 0 0 0 0 0 0 0 0 0 0 0 0 0 0 0 0 0 0 0 0 0 0 0 0 0 0 0 0 0 0 0 0 0 0 0 0 0 0 0 0 0 0 0 0 0 0 0 0 0 0 0 0 0 0 0 0 0 0 0 0 0 0 0 0 0 0 0 0 0 0 0 0 0 0 0 0 0 0 0 0 0 0 0 0 0 0 0 0 0 0 0 0 0 0 0 0 0 0 0 0 0 0 0 0 0 0 0 0 0 0 0 0 0 0 0 0 0 0 0 0 0 0 0 0 0 0 0 0 0 0 0 0 0 0 0 0 0 0 0 0 0 0 0 0 0 0 0 0 0 0 0 0 0 0 0 0 0 0 0 0 0 0 0 0 0 0 0 0 0 0 0 0 0 0 0 0 0 0 0 0 0 0 0 0 0 0 0 0 0 0 0 0 0 0 0 0 0 0 0 0 0 0 0 0 0 0 0 0 0 0 0 0 0 0 0 0 0 0 0 0 0 0 0 0 0 0 0 0 0 0 0 0 0 0 0 0 0 0 0 0 0 0 0 0 0 0 0 0 0 0 0 0 0 0 0 0 0 0 0 0 0 0 0 0 0 0 0 0 0 0 0 0 0 0 0 0 0 0 0 0 0 0 0 0 0 0 0 0 0 0 0 0 0 0 0 0 0 0 0 0 0 0 0 0 0 0 0 0 0 0 0 0 0 0 0 0 0 0 0 0 0 0 0 0 0 0 0 0 0 0 0 0 0 0 0 0 0 0 0 0 0 0 0 0 0 0 0 0 0 0 0 0 0 0 0 0 0 0 0 0 0 0 0 0 0 0 0 0 0 0 0 0 0 0 0 0 0 0 0 0 0 0 0 0 0 0 0 0 0 0 0 0 0 0 0 0 0 0 0 0 0 0 0 0 0 0 0 0 0 0 0 0 0 0 0 0 0 0 0 0 0 0 0 0 0 0 0 0 0 0 0 0 0 0 0 0 0 0 0 0 0 0 0 0 0 0 0 0 0 0 0 0 0 0 0 0 0 0 0 0 0 0 0 0 0 0 0 0 0 0 0 0 0 0 0 0 0 0 0 0 0 0 0 0 0 0 0 0 0 0 0 0 0 0 0 0 0 0 0 0 0 0 0 0 0 0 0 0 0 0 0 0 0 0 0 0 0 0 0 0 0 0 0 0 0 0 0 0 0 0 0 0 0 0 0 0 0 0 0 0 0 0 0 0 0 0 0 0 0 0 0 0 0 0 0 0 0 0 0 0 0 0 0 0 0 0 0 0 0 0 0 0 0 0 0 0 0 0 0 0 0 0 0 0 0 0 0 0 0 0 0 0 0 0 0 0 0 0 0 0 0 0 0 0 0 0 0 0 0 0 0 0 0 0 0 0 0 0 0 0 0 0 0 0 0 0 0 0 0 0 0 0 0 0 0 0 0 0 0 0 0 0 0 0 0 0 0 0 0 0 0 0 0 0 0 0 0 0 0 0 0 0 0 0 0 0 0 0 0 0 0 0 0 0 0 0 0 0 0 0 0 0 0 0 0 0 0 0 0 0 0 0 0 0 0 0 0 0 0 0 0 0 0 0 0 0 0 0 0 0 0 0 0 0 0 0 0 0 0 0 0 0 0 0 0 0 0 0 0 0 0 0 0 0 0 0 0 0 0 0 0 0 0 0 0 0 0 0 0 0 0 0 0 0 0 0 0 0 0 0 0 0 0 0 0 0 0 0 0 0 0 0 0 0 0 0 0 0 0 0 0 0 0 0 0 0 0 0 0 0 0 0 0 0 0 0 0 0 0 0 0 0 0 0 0 0 0 0 0 0 0 0 0 0 0 0 0 0 0 0 0 0 0 0 0 0 0 0 0 0 0 0 0 0 0 0 0 0 0 0 0 0 0 0 0 0 0 0 0 0 0 0 0 0 0 0 0 0 0 0 0 0 0 0 0 0 0 0 0 0 0 0 0 0 0 0 0 0 0 0 0 0 0 0 0 0 0 0 0 0 0 0 0 0 0 0 0 0 0 0 0 0 0 0 0 0 0 0 0 0 0 0 0 0 0 0 0 0 0 0 0 0 0 0 0 0 0 0 0 0 0 0 0 0 0 0 0 0 0 0 0 0 0 0 0 0 0 0 0 0 0 0 0 0 0 0 0 0 0 0 0 0 0 0 0 0 0 0 0 0 0 0 0 0 0 0 0 0 0 0 0 0 0 0 0 0 0 0 0 0 0 0 0 0 0 0 0 0 0 0 0 0 0 0 0 0 0 0 0 0 0 0 0 0 0 0 0 0 0 0 0 0 0 0 0 0 0 0 0 0 0 0 0 0 0 0 0 0 0 0 0 0 0 0 0 0 0 0 0 0 0 0 0 0 0 0 0 0 0 0 0 0 0 0 0 0 0 0 0 0 0 0 0 0 0 0 0 0 0 0 0 0 0 0 0 0 0 0 0 0 0 0 0 0 0 0 0 0 0 0 0 0 0 0 0 0 0 0 0 0 0 0 0 0 0 0 0 0 0 0 0 0 0 0 0 0 0 0 0 0 0 0 0 0 0 0 0 0 0 0 0 0 0 0 0 0 0 0 0 0 0 0 0 0 0 0 0 0 0 0 0 0 0 0 0 0 0 0 0 0 0 0 0 0 0 0 0 0 0 0 0 0 0 0 0 0 0 0 0 0 0 0 0 0 0 0 0 0 0 0 0 0 0 0 0 0 0 0 0 0 0 0 0 0 0 0 0 0 0 0 0 0 0 0 0 0 0 0 0 0 0 0 0 0 0 0 0 0 0 0 0 0 0 0 0 0 0 0 0 0 0 0 0 0 0 0 0 0 0 0 0 0 0 0 0 0 0 0 0 0 0 0 0 0 0 0 0 0 0 0 0 0 0 0 0 0 0 0 0 0 0 0 0 0 0 0 0 0 0 0 0 0 0 0 0 0 0 0 0 0 0 0 0 0 0 0 0 0 0 0 0 0 0 0 0 0 0 0 0 0 0 0 0 0 0 0 0 0 0 0 0 0 0 0 0 0 0 0 0 0 0 0 0 0 0 0 0 0 0 0 0 0 0 0 0 0 0 0 0 0 0 0 0 0 0 0 0 0 0 0 0 0 0 0 0 0 0 0 0 0 0 0 0 0 0 0 0 0 0 0 0 0 0 0 0 0 0 0 0 0 0 0 0 0 0 0 0 0 0 0 0 0 0 0 0 0 0 0 0 0 0 0 0 0 0 0 0 0 0 0 0 0 0 0 0 0 
