RUN=0
name=appvideo
width=640
height=480
fps=5
realfps=22.05
freq=2.4
wifi=ra0
MaxBitrate=8192
iniTX=bytes:11892316
endTX=bytes:13343460
iniRX=bytes:7145940
endRX=bytes:8529923
frames=2549
reads=100
time=5
samples=1e+02
start_time=2415.39
end_time=2925.93
energy=65627000 65627000 65573000 65573000 65573000 65508000 65508000 65508000 65508000 65454000 65454000 65454000 65389000 65389000 65389000 65335000 65335000 65335000 65270000 65270000 65270000 65270000 65205000 65205000 65205000 65151000 65151000 65151000 65087000 65087000 65087000 65032000 65032000 65032000 65032000 64968000 64968000 64968000 64914000 64914000 64914000 64849000 64849000 64849000 64849000 64795000 64795000 64795000 64730000 64730000 64730000 64676000 64676000 64676000 64611000 64611000 64611000 64611000 64546000 64546000 64546000 64492000 64492000 64492000 64427000 64427000 64427000 64427000 64373000 64373000 64373000 64308000 64308000 64308000 64254000 64254000 64254000 64189000 64189000 64189000 64189000 64135000 64135000 64135000 64070000 64070000 64070000 64016000 64016000 64016000 63951000 63951000 63951000 63951000 63887000 63887000 63887000 63833000 63833000 63833000 
power=12939000 12939000 12885000 12885000 12885000 13663000 13663000 13663000 13663000 13966000 13966000 13966000 14366000 14366000 14366000 14539000 14539000 14539000 14798000 14798000 14798000 14798000 14593000 14593000 14593000 14366000 14366000 14366000 14398000 14398000 14398000 14452000 14452000 14452000 14452000 14398000 14398000 14398000 14398000 14398000 14398000 14734000 14734000 14734000 14734000 14658000 14658000 14658000 14615000 14615000 14615000 14539000 14539000 14539000 14539000 14539000 14539000 14539000 14334000 14334000 14334000 14334000 14334000 14334000 14593000 14593000 14593000 14593000 14561000 14561000 14561000 14474000 14474000 14474000 14452000 14452000 14452000 14398000 14398000 14398000 14398000 14377000 14377000 14377000 14377000 14377000 14377000 14593000 14593000 14593000 14820000 14820000 14820000 14820000 14593000 14593000 14593000 14280000 14280000 14280000 
voltage=10810000 10810000 10810000 10810000 10810000 10810000 10810000 10810000 10810000 10810000 10810000 10810000 10810000 10810000 10810000 10810000 10810000 10810000 10810000 10810000 10810000 10810000 10810000 10810000 10810000 10810000 10810000 10810000 10810000 10810000 10810000 10810000 10810000 10810000 10810000 10810000 10810000 10810000 10810000 10810000 10810000 10810000 10810000 10810000 10810000 10810000 10810000 10810000 10810000 10810000 10810000 10810000 10810000 10810000 10810000 10810000 10810000 10810000 10810000 10810000 10810000 10810000 10810000 10810000 10810000 10810000 10810000 10810000 10810000 10810000 10810000 10810000 10810000 10810000 10810000 10810000 10810000 10810000 10810000 10810000 10810000 10810000 10810000 10810000 10810000 10810000 10810000 10810000 10810000 10810000 10810000 10810000 10810000 10810000 10810000 10810000 10810000 10810000 10810000 10810000 
tSenAct=3.985925 3.604929 3.631508 3.633209 4.017928 4.018501 4.077949 3.80994 3.798974 3.791548 3.705793 3.736787 3.797225 3.700428 3.688845 3.677963 3.912426 3.720276 3.71696 3.714137 3.907846 3.769906 3.762027 3.787707 3.70013 3.76074 3.762243 3.734843 3.714215 3.74873 3.702193 3.901221 4.136742 3.680102 3.69095 3.771166 3.794438 3.751312 3.741379 3.735237 4.006456 3.724208 3.99882 3.738136 3.805654 3.829371 3.856032 3.806627 4.270605 3.857404 3.854176 3.774399 4.255366 3.862619 3.856311 4.024905 3.838946 3.783723 3.857763 3.832089 3.839991 3.836673 3.807838 3.794214 3.756769 3.765389 3.785988 3.817029 3.779699 3.787921 3.828874 3.782394 3.816342 3.806476 3.781723 3.873643 3.778987 3.768143 3.729428 3.721156 3.80421 3.691347 3.723824 3.691904 3.693161 3.626754 3.698386 3.819224 3.525594 3.727107 3.682308 3.675971 3.690361 3.682205 3.6977 3.663925 3.677719 3.672564 3.673487 3.692461 3.675406 3.714078 3.705953 3.682377 3.690494 3.703245 3.647325 3.75209 3.757164 3.959357 3.824147 3.784294 3.764566 3.792111 3.776436 4.058597 3.835216 3.826443 3.803529 3.805885 3.906488 3.97664 5.554464 3.912683 3.913107 3.732219 3.856709 3.843263 3.849389 3.824152 3.824935 3.827285 3.827656 3.830117 3.816336 3.803867 3.922361 3.909744 3.937456 3.897411 3.806519 4.01685 3.912368 3.812543 3.846538 3.854386 3.787623 4.378163 5.629621 3.879403 3.859422 3.879925 3.892895 3.909477 4.308479 3.894902 3.948555 3.893224 3.870649 3.837071 3.805426 3.855815 3.761274 3.861888 3.924834 3.945948 3.941902 3.934316 3.894802 3.904977 3.90518 3.904001 3.881154 4.021282 3.842463 3.922587 4.056915 3.764259 3.747153 3.955189 3.883084 3.816334 3.810999 3.858227 4.835087 3.766086 3.834388 3.816902 3.804956 3.80867 4.256461 3.75873 3.758702 3.747039 3.76084 3.823257 3.822601 4.302847 3.81182 3.775652 3.763507 3.77661 3.798669 3.803371 3.804706 3.834574 3.806158 3.840361 3.820039 3.834537 3.870011 3.828133 3.833257 3.80287 3.844344 3.758431 3.983287 3.938519 3.834401 3.826899 3.910671 4.02852 4.020722 4.307178 3.905169 3.89546 3.800207 3.901184 4.009612 3.765854 3.889655 3.75003 4.009099 3.733318 3.926959 4.550724 3.893278 3.905787 3.883373 3.758878 3.757865 3.767345 4.005112 4.243039 3.797166 3.7647 3.852866 3.777805 3.976237 3.858727 3.805353 3.856707 3.793761 3.966229 3.844864 3.83266 3.924008 3.88848 3.933975 3.869582 3.858678 3.884462 3.881708 3.875011 3.866985 3.880738 4.266203 4.031695 4.090707 4.087365 3.815893 3.988273 3.889919 3.903551 3.852957 3.931987 3.863985 3.882898 3.881099 3.905267 4.02855 3.897503 3.835442 3.901312 3.924385 3.908291 3.916578 3.881116 4.219432 3.935552 3.896464 3.896725 3.89017 3.917039 3.969688 4.053591 3.891144 3.87539 3.8704 3.882412 3.876866 3.869504 3.87648 3.881179 3.834858 3.778333 3.861113 3.714409 3.907559 3.971215 4.104281 3.854434 3.842345 3.790234 3.857473 3.894695 3.835713 3.886522 3.810645 3.819903 3.854944 4.179005 3.812402 3.803312 3.792577 3.750829 3.787804 3.842452 3.738924 3.917536 3.855679 3.845744 3.812112 4.10385 3.840888 3.859806 4.137821 3.908309 3.760185 3.832918 3.768125 3.847102 3.836138 3.789322 3.694325 3.794398 3.845058 3.848832 3.871748 3.856112 3.909406 3.765206 3.951286 3.771702 3.767738 3.966111 3.810715 3.803211 3.810487 3.764065 3.768173 3.817331 3.803711 3.712641 3.776054 3.783253 3.833466 3.793136 4.084975 4.154995 4.05716 4.082024 6.478803 4.099008 4.262174 3.828868 4.08611 3.96648 3.838899 3.823782 4.096559 3.797073 4.103325 4.155251 3.928931 3.856231 3.963882 5.115316 3.933898 3.943496 4.079711 3.895558 4.00113 4.043034 3.995981 3.905926 4.24249 3.878208 3.904244 3.877399 10.774279 3.830054 3.87921 3.806196 3.77405 3.865408 3.868905 3.87112 3.860107 3.817908 4.00235 3.905517 3.789908 3.824755 3.799209 4.581509 3.797462 3.751014 3.756326 3.777722 3.977956 3.995864 4.76706 4.048298 4.232316 3.822948 3.948996 3.836597 3.815795 3.910111 3.807753 3.743364 3.807076 3.830451 3.741948 3.753512 5.250695 3.814664 5.283879 3.833106 3.814313 3.814396 5.857361 3.858543 3.848103 3.851074 8.956609 4.808498 3.761108 3.931169 3.833308 3.872518 3.942225 3.779789 3.798935 3.778457 3.968731 3.741146 3.791074 3.796193 3.775509 3.816224 3.802281 3.753742 3.989448 3.85397 3.895243 4.227203 3.854157 3.995258 3.836736 3.843309 3.772662 3.790271 4.137496 3.760793 3.872262 3.872283 3.798637 3.775813 3.829434 3.940047 3.808923 3.756509 3.790435 3.819491 3.932117 4.005524 3.800657 4.878004 3.975625 3.782944 3.830012 3.904921 3.853068 3.834159 3.836701 3.990963 3.883104 4.274118 3.986243 3.792411 4.003045 3.931532 3.860029 3.8446 3.84404 3.883628 3.73883 3.838233 4.013197 3.735278 3.655113 3.988201 3.777912 3.781225 4.115371 3.792032 3.785705 3.734193 3.910811 3.809556 3.805617 3.730789 3.952328 3.722793 3.728222 3.72349 3.709706 3.713278 3.712566 3.734745 3.720598 3.779654 3.718444 3.976284 3.966978 3.973032 3.964179 3.977928 3.896072 3.983365 3.987901 4.003446 3.980599 3.986765 3.992031 3.981446 3.773654 3.886865 3.777783 3.876563 3.894695 3.827813 3.893279 3.764741 3.853424 4.034117 4.005765 3.803195 3.811494 3.869559 3.992271 3.815077 3.822798 3.808337 3.751756 3.742535 4.062984 3.806287 4.238915 3.875226 4.807055 3.888896 4.052675 3.950441 3.804054 3.863911 3.861629 3.865546 3.844072 4.042376 3.765584 3.803066 3.736417 3.729752 3.737534 3.742965 3.950107 3.840803 3.822762 3.818864 4.528198 4.001558 3.786224 3.851319 3.852752 4.827853 3.830799 4.050272 3.8872 4.005498 3.79916 4.11225 4.002852 3.836599 3.837044 3.831172 3.841133 3.83069 3.874601 3.843006 3.75527 3.757916 3.749658 3.744619 3.797726 3.817952 3.822238 3.807713 3.798316 3.802895 3.750937 3.981285 4.036532 3.835858 3.902826 3.841307 3.781479 3.781677 3.785539 3.750876 3.728479 3.720206 3.810645 3.735956 3.739057 3.728343 3.744528 3.749482 3.772241 3.801149 3.8118 3.868326 3.774876 3.760873 3.950624 3.779176 3.958132 4.243453 3.830438 3.786045 3.773085 3.786771 3.901979 3.791096 3.77865 3.773431 3.776559 3.774216 3.816421 4.231076 3.83082 3.796548 3.828869 3.848167 3.805501 3.827277 3.806028 3.913553 3.819249 3.811467 3.952973 3.868016 4.099899 3.768999 3.769731 3.768892 3.99737 3.83828 4.007289 3.993791 4.015364 4.030548 3.849723 3.816818 3.828679 3.794918 3.941943 3.964179 3.912859 3.873815 4.793606 3.88689 4.029497 3.975583 3.831548 3.835705 3.88487 3.883599 4.029206 3.907934 3.872011 3.861671 3.846047 3.967074 3.936502 3.91021 3.91105 3.932582 3.943725 4.092699 4.018724 3.897956 4.095292 3.834412 3.842272 3.997966 3.81519 3.806875 3.844437 3.801729 3.787924 3.892642 3.992931 4.281586 3.684812 3.757171 3.736134 3.741081 3.854917 3.732584 3.752708 3.742098 3.750473 3.737221 3.748393 3.912554 3.716558 3.715872 3.717791 3.717703 3.695907 5.675764 3.669265 3.751842 3.886239 3.788203 3.79395 4.011762 3.766654 3.87439 3.704968 3.690014 3.682419 3.786197 3.768788 3.92877 3.85405 3.74065 3.803046 3.789695 3.778431 3.994369 3.796358 3.795824 3.889956 3.783053 3.757397 3.756199 3.767756 3.70869 4.739726 3.781053 4.061804 3.797568 3.774351 3.734728 3.785938 3.739648 4.23787 3.73321 3.805906 3.836611 3.73077 3.717169 3.97379 3.718898 3.777152 3.711056 3.69924 3.705546 3.70245 3.688511 3.693572 3.752619 3.746316 4.956555 3.805787 3.919862 3.771326 3.744165 3.831847 3.639607 3.684682 3.934617 3.689995 3.697682 3.658302 3.713188 3.795373 3.945205 3.649745 3.796329 3.788294 3.781545 3.812581 3.648153 3.798894 3.673238 3.635135 3.616596 3.713912 3.652955 4.085452 3.759468 3.747669 4.071106 3.980686 3.842288 3.783375 3.999152 3.785475 3.72255 3.783587 3.87498 3.79454 3.875206 3.810316 3.91425 3.83665 3.738476 3.771481 3.734954 3.760432 5.735549 3.797575 3.883164 3.848068 4.011252 3.777254 3.777775 3.802009 4.10973 3.98395 3.808097 3.791299 3.79787 3.775425 3.751039 3.780396 3.717209 3.779919 3.783224 3.783236 3.773341 3.831886 3.711367 3.990551 3.873557 3.687182 5.487622 3.826699 3.811463 4.004047 3.823776 3.790923 3.969076 3.821158 3.780171 4.069585 3.839422 4.121083 4.000758 3.784698 3.790503 3.784599 3.628765 3.621375 3.696 3.681372 3.767224 3.75753 3.74793 3.765619 3.751331 5.15933 3.814902 3.700868 3.855994 3.788379 3.787862 3.796879 3.757788 3.722108 3.715057 3.714578 3.742278 3.71509 3.759029 3.738751 3.701845 3.712486 3.777061 3.754268 3.753697 3.753891 3.946685 3.770326 3.935076 3.740311 3.748424 3.898199 3.910518 3.901324 3.697068 3.67137 3.781275 3.77319 3.837568 3.758445 3.77459 3.793006 3.880937 3.803189 3.863662 3.730936 3.776534 3.858629 3.792231 3.791787 4.079593 3.780955 3.83581 3.703673 3.971654 4.399317 3.727603 3.714887 3.969695 3.734491 3.69569 3.665699 3.753591 3.626163 3.749136 3.755407 3.7446 3.775698 3.791514 3.775061 3.766173 3.768275 3.781382 3.765188 3.779609 3.754674 3.967247 3.762319 3.776341 3.691759 3.807423 3.739689 3.781834 3.989639 3.762999 3.775937 3.778646 3.769877 3.888594 3.743481 3.722008 3.700749 3.806259 3.915952 3.795382 3.842078 3.912594 3.76214 3.828229 3.982095 3.797719 3.804468 3.786272 3.822721 3.753293 3.752093 5.57965 3.668684 3.870725 3.759026 3.708517 3.716677 3.771784 3.703992 3.796225 3.813171 3.711628 3.87255 3.780145 3.968528 3.850571 3.71141 3.9776 3.732442 3.768861 4.063441 3.861712 3.877362 3.923528 3.853492 4.065425 3.861804 3.830341 4.162207 3.897626 3.898968 3.948747 3.96828 3.959023 3.970954 6.726647 3.982861 4.004109 4.021013 5.347505 5.566188 4.005037 3.889109 3.869621 5.179244 3.943832 3.941617 3.948659 3.930204 5.176054 3.920954 3.868589 5.645946 6.032753 3.984948 4.003929 3.993198 3.995735 4.003513 4.090299 4.0401 4.01138 4.030433 4.069491 3.924732 3.917279 3.889304 3.932716 3.880369 3.913978 3.941767 3.908609 3.822472 4.028526 3.961587 5.157331 3.917863 3.812951 4.009796 3.815764 3.810594 3.799865 3.83172 3.75873 3.913583 3.929174 4.114578 3.957488 3.92552 3.952156 3.939161 3.960839 3.884161 3.880356 3.857033 3.866659 3.865576 3.859814 3.855891 3.874128 5.207513 4.085956 3.877002 4.288215 3.883334 3.976596 3.904876 3.886082 4.052296 4.01397 3.87267 3.878839 3.934053 3.885123 3.860876 3.867128 3.866326 3.907896 3.901871 3.913414 4.003125 3.906544 3.899551 3.879095 3.874237 3.888503 3.87566 3.814546 4.042881 3.891766 3.840072 3.950521 4.04479 3.963601 3.963144 3.997528 3.916672 3.805301 3.940923 3.940514 3.938991 3.95267 3.931629 3.929272 3.928767 3.945629 3.85511 4.367531 3.935421 3.921857 4.045178 3.80659 3.797808 3.998793 6.197796 3.822299 3.94039 4.050611 3.933883 3.943168 3.812308 3.928652 3.784886 3.950358 3.943177 3.942376 3.951875 3.945234 3.95806 3.954498 3.97166 3.987355 3.99107 3.984609 3.969949 3.983958 3.847761 4.104813 4.1277 3.871962 4.077481 4.05911 4.050875 4.040145 3.891805 3.890373 3.902494 3.978992 3.993365 3.872514 4.379195 3.925213 3.942973 3.81804 3.935532 3.811779 4.045395 3.954699 3.941362 4.022991 3.957278 3.977604 3.955346 4.230078 3.944683 4.553727 3.936167 3.935782 3.920011 3.953854 3.951856 3.949216 3.918415 3.93717 3.863454 3.863757 3.846212 3.848407 3.916815 3.847621 3.907325 3.927946 4.014087 3.852678 3.939407 4.289453 3.870721 3.909348 4.103113 3.894905 3.831073 3.887934 3.968616 4.084576 3.869506 3.986253 3.970373 3.940695 4.035254 3.936452 3.925674 3.897007 3.896796 4.015464 3.905375 4.10283 3.919148 3.943897 3.886495 3.927797 3.87157 3.951856 3.96994 4.169715 3.830818 4.198752 3.876644 3.789237 3.970014 3.98358 3.970193 3.988698 3.965623 3.980189 3.956852 4.001777 3.971605 3.979529 3.976453 3.93189 3.930294 3.971388 3.871185 3.913444 3.85751 3.880413 3.804487 3.891579 4.084931 3.870729 3.873391 3.877318 3.85592 3.883089 3.799083 3.87073 3.870219 3.880466 3.93121 4.05295 4.009865 3.844836 3.906447 3.889683 3.900668 3.879524 3.891942 3.901534 3.758328 4.013236 4.198998 3.907387 3.914458 4.170289 3.927037 3.912501 3.837371 3.873287 3.821942 3.858605 3.827046 3.834899 4.286093 4.055532 4.049517 3.921213 3.820598 4.083208 3.766356 3.72577 3.745802 3.908648 3.91081 3.861071 3.838777 3.846265 3.807992 3.806169 4.005316 3.775472 3.864978 3.8578 3.885164 4.030324 3.788558 3.775309 3.98119 3.718125 3.710385 3.794706 3.780834 3.777973 3.9213 3.770165 3.851692 3.762148 3.725986 3.881339 3.843484 3.858707 3.864545 3.763548 3.75831 3.952017 3.733965 3.913614 3.910642 3.844733 3.852353 4.062086 3.851437 3.800787 3.774296 3.895627 3.724217 3.794811 3.809182 3.801419 3.792673 3.802562 3.831586 3.827679 3.818232 3.876573 3.890361 3.88129 4.000458 3.892274 4.445411 3.78732 3.884657 3.760745 4.08241 3.907029 3.890452 3.800297 3.872968 3.847509 3.845654 3.94003 3.824839 3.861609 3.797154 3.849677 3.952306 3.843291 3.820638 3.842265 4.09875 3.971938 3.908428 3.98648 3.776206 4.0266 4.02662 4.01513 3.928408 3.923805 5.342644 3.970453 3.95952 3.960848 3.90865 3.915042 3.769724 3.774855 3.785798 4.146151 3.918964 3.865945 3.873265 3.891845 3.90059 3.881758 3.932234 5.480552 3.928308 4.151017 4.258837 3.92228 3.911028 3.920563 3.897333 3.910149 3.920765 3.921622 3.98699 3.909929 3.898501 4.106645 3.80302 3.826647 3.7962 4.172809 4.111895 3.830077 3.987116 3.805579 3.971166 3.888402 5.106384 3.954798 3.891502 4.295918 4.077806 3.892799 3.90078 3.781853 3.908003 4.92021 3.777258 3.784336 3.960593 3.78906 3.77134 3.902793 3.775773 3.893029 3.925782 4.086341 4.084743 3.864222 4.036175 3.827045 3.909118 3.907019 3.905241 3.896959 4.158002 3.881053 3.864697 3.89209 3.893136 3.916305 3.90826 3.924154 3.982344 3.925771 3.931631 3.980654 3.958892 3.940752 4.36311 3.799227 3.843637 3.996537 3.872124 3.917181 3.868541 3.83385 3.887054 3.918638 4.013631 4.071077 3.857694 3.860933 3.901711 3.776918 3.830473 3.904045 4.500109 3.906946 3.961003 3.927006 3.909615 4.033445 3.926603 4.108882 4.02673 3.906122 3.914095 3.931351 3.783814 3.795479 3.897429 3.858777 3.840421 3.804625 4.044987 3.842398 3.957447 3.946797 3.910103 3.988488 3.975544 4.061255 3.92808 3.942637 3.905159 3.940728 3.898911 4.12859 3.834177 4.091147 3.801171 3.810581 3.812586 3.922255 3.91494 3.783388 3.919807 3.890962 3.878099 4.00432 3.775373 3.832572 3.884164 3.882248 3.896182 3.889168 3.885852 3.894511 3.849107 3.81994 3.888977 3.809286 3.87295 3.889403 3.892256 4.036884 3.874203 3.881196 3.896401 4.114466 4.094515 4.156623 4.087512 4.090852 4.297851 4.084679 4.105245 4.055625 4.086305 4.07462 4.102365 3.9061 3.835382 3.976736 3.877933 3.870023 3.851319 3.829712 3.831834 3.828986 3.815068 3.825305 3.830939 3.934747 3.814055 3.835295 4.270565 3.816148 3.84789 4.098355 3.850122 3.819255 3.884572 3.846073 3.869182 3.837625 3.826969 3.76699 3.822654 3.852839 3.954847 3.847038 3.844483 3.846544 3.850874 3.849931 8.325486 3.870965 8.588893 3.903801 9.316865 3.86864 3.856718 3.870345 7.929371 4.074418 5.774541 3.851738 3.845098 3.941435 8.417749 3.849438 3.839042 3.82176 3.852926 4.128776 3.757402 3.881927 3.846082 3.953128 7.21511 3.846389 3.886193 3.901629 4.000499 6.286302 3.938516 4.555231 3.886256 4.200847 3.978762 4.087198 3.896652 3.853064 3.849747 4.047567 3.844829 3.833504 3.8407 3.83548 3.992073 3.827954 3.810279 3.850022 3.787337 3.847955 3.839711 3.88016 3.811746 3.834554 3.845738 3.83701 3.878286 3.865291 4.200839 3.895902 3.86042 3.875949 3.848391 3.929535 3.883666 3.964944 3.844554 4.107609 3.859904 3.85957 3.859668 3.865879 3.873393 3.897246 3.829063 3.866584 3.772751 3.982873 3.848604 3.851154 3.974621 3.845997 3.831017 4.566785 3.805662 3.839792 3.750679 3.857862 3.813756 3.802866 3.839035 3.850616 4.743247 3.885835 3.880737 3.914291 4.027434 3.903916 3.86444 4.06509 3.905482 3.887141 3.854305 3.932875 5.212374 4.062812 3.90918 3.915985 4.286182 3.934806 4.0271 3.90855 3.934314 3.956076 3.945061 3.955616 3.96751 3.922332 3.974668 4.208199 3.984837 3.983148 4.082508 3.958024 3.930647 3.954757 4.145058 3.942669 3.938095 5.090121 3.973235 3.946825 3.987214 4.149428 3.884806 3.934008 3.877004 3.918398 3.95709 3.947305 3.919207 4.012926 3.958141 5.383621 3.966202 4.145834 3.947948 3.968987 3.912698 4.068205 3.979043 3.921151 4.04733 3.958674 3.877059 3.955782 3.977814 4.0273 4.170549 3.976498 3.95897 3.916997 3.903226 3.951051 3.972118 3.973001 3.973297 3.965146 4.141026 3.950172 3.925732 4.158245 4.099273 3.908563 3.908792 3.860365 3.867442 3.877725 3.890178 3.844281 4.0539 4.003307 3.770789 4.121074 3.977852 3.859092 3.971574 3.895714 3.805827 3.888652 3.974448 3.919426 3.911823 3.938657 6.200995 3.971803 3.824456 3.814472 3.843987 3.809021 3.812709 3.796948 3.829785 3.825359 3.836451 3.911838 3.817347 3.813812 4.207489 3.807976 3.801513 3.815807 3.970784 3.965521 3.929782 3.862016 3.926676 3.872924 3.724087 3.865221 3.862718 3.84992 3.866428 3.868288 3.846006 3.805081 4.075559 3.815897 3.809402 3.814593 3.804732 3.810804 3.887943 4.168173 3.883595 3.812321 3.997721 3.810294 3.805629 3.801145 4.028231 3.812238 3.833876 3.823832 4.006128 3.77952 3.762558 3.946293 3.908926 3.862007 3.852287 3.866063 3.803852 3.909229 3.890831 3.949788 3.890809 3.945604 4.00369 4.025726 3.809729 3.818291 4.008652 3.87467 3.910245 4.102391 3.877578 3.88627 3.741073 3.750882 3.787916 3.769152 3.80213 3.82782 3.898891 3.808625 3.99985 3.823898 3.861733 4.003416 3.831564 3.808411 3.802413 4.060566 3.859491 4.077221 3.822175 3.800227 3.818477 3.771694 3.883448 3.910018 3.791325 3.777191 4.052289 3.97223 3.875522 3.971489 3.850049 3.880491 3.817774 3.876872 3.88545 3.866595 4.828092 3.816306 3.966352 3.92453 4.336909 3.877847 3.782686 3.933955 3.943046 3.856899 3.868207 3.857727 3.881206 3.954139 3.882086 4.064184 3.859421 3.861224 3.854531 3.860124 3.87105 3.885964 3.889363 3.962329 3.916046 4.71175 3.925965 3.891412 3.87136 4.084764 3.965912 3.733766 3.893599 3.888715 3.880742 3.88776 3.878826 4.119672 4.081465 3.864747 3.864699 3.94691 5.84955 3.820525 3.828119 3.753632 3.759935 3.741017 3.790755 3.891364 3.706222 3.899042 3.899877 3.897369 4.108707 3.812415 3.985615 3.811455 3.859236 3.920202 3.731787 3.958627 3.831996 3.972109 3.824175 3.81375 3.972391 3.956469 3.79094 3.906275 3.897994 3.887265 4.082341 3.870151 3.863588 3.898768 3.854171 3.812624 3.72614 4.012731 3.809442 4.064516 4.011188 3.772009 3.973198 3.840998 3.789722 3.804129 3.751396 3.822164 3.809381 3.809562 3.989964 3.919175 3.923508 4.214677 3.883689 3.77497 3.777222 3.918984 3.906029 3.749042 3.7662 3.882136 3.972837 3.934421 3.786636 3.848763 4.071963 3.957391 3.996786 3.795915 3.787302 3.813829 3.830038 3.926804 3.834553 3.885871 4.395479 3.820159 3.792832 3.818254 3.8417 3.865397 3.98825 3.972759 3.799638 3.829613 3.91331 4.158429 4.034411 3.891922 3.932311 3.918437 3.903677 4.042917 3.910054 3.965348 3.896251 3.936482 4.270022 4.079144 4.083828 4.134337 4.096694 4.117232 3.888979 3.885339 3.892321 4.088424 3.848664 3.854589 3.967023 4.043117 4.123843 3.886947 3.814664 3.823431 3.800509 4.337888 3.799748 3.95587 3.921431 4.12468 3.948962 3.811449 3.96364 3.946722 3.804123 3.807778 3.791414 3.806175 4.140335 3.809466 3.925867 3.979822 3.793517 3.784448 3.786652 4.016764 3.788103 3.784852 3.818233 3.82935 4.052831 4.151103 4.004514 3.800927 3.804695 3.963116 3.962865 3.965478 3.969638 3.968248 3.982542 3.991123 4.030878 3.998255 3.977753 3.992117 3.833773 3.931334 3.809896 3.800285 4.025357 3.894744 4.026812 3.903752 3.907217 4.13329 3.927346 3.819872 3.865997 3.801707 3.805669 3.917888 4.053918 3.782552 3.916292 3.868578 3.842391 3.913014 3.817225 3.896441 3.923835 3.911784 3.902392 3.901379 4.136359 4.01889 3.80585 3.822345 4.010781 3.878652 3.865773 3.847769 3.85328 3.846183 3.829431 3.84605 3.818434 3.815846 3.799391 3.808848 3.837071 3.812024 3.818024 3.814456 3.821042 3.941864 3.97516 3.88413 4.035497 3.76733 4.250664 3.720653 4.036004 3.881375 3.899836 3.88512 3.932065 3.930609 3.802097 3.793273 3.79777 3.802138 3.835329 3.936737 3.821365 3.823488 3.856344 3.806121 3.724982 3.966691 3.945661 3.955455 3.956929 4.164781 3.961796 4.149377 3.953812 4.01319 3.862079 3.934445 4.060602 4.016028 4.017788 4.110892 3.988191 3.889004 3.933989 4.00057 3.999297 3.955208 3.826015 7.869541 3.866772 7.395472 3.742971 5.611012 3.989492 3.892526 3.976365 4.045897 4.123365 3.99199 3.994529 3.867722 3.980154 3.764949 3.886759 3.734807 4.742958 3.840863 3.971754 3.960784 3.916964 8.929583 3.98915 4.198513 3.97362 3.981818 6.979165 3.986007 5.402685 3.991774 4.042398 9.169512 4.058848 4.026743 3.883066 4.039688 4.071969 3.792866 4.019643 4.33001 3.967997 3.954933 3.933023 3.89628 3.802148 3.817087 4.00306 3.803038 4.049877 6.10278 3.782541 3.927256 3.758413 3.772821 4.275971 3.729276 3.713119 3.672712 3.837102 3.70529 3.698968 3.681308 3.672656 3.714321 3.702954 3.756803 3.740402 3.80802 3.671651 3.717497 3.694585 3.694677 3.887526 3.998628 3.885159 3.778622 3.986978 3.770829 3.688857 4.296493 3.720811 3.745334 3.702165 4.163599 3.858125 3.870872 3.944318 3.963601 3.905919 3.850128 3.958884 3.973776 4.003356 4.024583 3.880677 4.213125 4.012602 3.962916 3.965345 4.016579 3.961412 4.203577 3.948072 3.944111 3.924918 4.114082 4.082546 4.196137 4.351078 3.808082 4.058486 4.054594 4.082207 4.03135 4.081663 3.824108 3.811742 3.930296 4.042823 4.050908 3.776098 4.068504 4.152781 3.733704 3.818845 4.039551 3.7758 3.789303 4.01785 4.01786 4.015139 3.996722 4.099459 4.113675 3.970042 3.965928 3.968325 3.95731 3.694839 3.685298 3.850432 3.775582 4.199923 3.782104 3.77832 3.771454 3.784314 3.883454 3.727467 3.778317 4.09319 3.678924 3.757113 4.67795 3.766071 3.729316 4.64265 3.891922 3.98217 3.733829 3.716988 4.001513 4.018841 3.976381 4.024143 4.001001 3.76925 3.8373 3.839532 3.662148 3.675915 3.691278 3.665837 3.730887 3.720007 3.707377 3.712357 3.746664 4.674471 3.752085 3.786821 3.779137 3.810166 3.999429 3.691749 4.064816 4.306255 4.036774 3.991582 3.794309 3.79065 3.79076 3.791143 3.791435 3.787967 4.011203 3.73821 3.908043 3.795681 3.798255 3.859665 3.850615 3.806008 3.785527 3.775253 3.719544 3.804989 3.779619 3.92878 4.319779 3.772442 3.724289 4.246769 3.790511 3.688152 3.682714 4.136109 3.791663 3.784956 3.792222 3.779855 3.782083 3.78002 3.797353 3.796346 3.796247 3.790524 3.785292 3.789596 3.798199 3.997296 3.925046 3.670158 3.937157 3.99182 3.713406 3.700578 3.992745 3.720071 3.713105 3.690262 3.726508 3.997719 3.709225 4.010961 3.770878 4.012585 3.771159 3.727571 3.724319 3.747217 3.763005 5.172811 3.909965 3.957495 3.709524 3.788307 3.691734 3.920219 3.708559 3.708275 3.7762 3.701732 3.872613 3.690309 3.78715 3.724541 3.67926 3.735964 3.642184 3.642361 3.715108 3.704523 3.882749 3.716472 3.709091 3.688586 3.705787 3.715556 3.711421 3.710947 3.721019 3.694987 3.929923 3.711891 3.694069 3.700637 3.712462 3.688177 3.701376 3.704155 3.985562 3.973832 3.974794 3.951715 4.103632 4.229161 3.971435 3.968358 4.155006 3.967739 3.708416 3.695308 3.714929 3.702007 3.709942 3.692874 3.685195 3.794939 3.701268 3.698613 3.697761 3.69398 3.702735 3.697825 3.69959 3.692865 3.690602 3.725695 3.689964 3.685968 3.691264 3.881033 3.664713 3.694536 3.631356 3.61126 3.70209 3.70494 3.703921 3.730916 3.688298 3.687241 
tProAct=34.873569 33.339699 33.034358 33.191193 35.137411 34.191735 34.980162 34.982633 34.860653 34.367005 35.324265 36.7457 36.851421 36.896603 36.412655 35.767793 36.084463 34.714958 35.842356 36.314496 37.503426 38.883652 42.134962 38.41181 38.116414 38.928449 38.490556 37.741611 37.91673 39.960522 39.07981 41.137465 68.456632 38.977269 38.758879 37.957861 39.759836 41.208487 40.692898 39.864567 39.322778 39.511818 40.656876 40.856419 39.111753 38.847699 37.967086 41.78276 37.64248 36.179376 36.563532 36.211929 36.301961 36.724517 38.161907 36.598543 36.218334 36.19883 35.180608 34.555971 34.58231 34.853599 33.332348 33.541292 33.201536 35.110336 35.221384 34.616335 33.871607 34.161999 33.568375 33.100532 37.180976 33.931209 34.090888 34.701664 35.421016 35.423659 37.286869 39.064638 35.906889 35.585178 35.810789 65.03304 38.436195 38.092163 37.837077 39.682247 41.717217 42.089238 41.739179 41.428431 41.396381 42.624938 43.236209 43.945746 43.977155 48.093231 43.196994 43.261783 43.422582 42.591395 41.877314 42.100818 45.326106 43.213955 44.101482 44.470018 44.121679 44.742888 43.545552 42.442046 41.273526 43.280194 43.42523 44.880941 44.673697 43.976242 43.773984 44.221663 44.48284 45.03571 45.251897 43.531175 44.776822 42.925783 41.031964 39.244397 38.849061 41.076167 40.6346 40.844905 41.599687 42.842041 42.007477 42.84864 44.055626 43.426259 42.761305 41.708959 40.836026 40.134891 40.680851 40.210312 38.931856 38.689955 40.145593 43.119365 53.858092 42.348575 40.177482 39.303545 39.528889 38.92863 40.083298 41.75776 41.032388 39.907477 38.812277 38.992358 39.330856 38.945545 38.449411 37.621264 36.817301 36.248004 35.997653 35.637982 36.329026 36.461863 36.518152 37.61289 36.900032 41.336873 38.3887 37.745829 37.727699 37.682236 38.553913 39.072045 40.31448 40.947845 40.007998 37.078695 64.302227 36.4713 37.861884 37.104285 39.011488 40.52064 39.65405 38.353012 39.722447 39.281257 39.459586 39.726312 40.400605 40.557621 44.174224 42.197617 42.18163 41.606945 40.41675 40.163137 41.407483 40.706246 40.120361 39.976338 39.828239 39.111806 38.981467 38.681141 39.543791 40.246774 42.002586 42.342613 41.925216 40.103422 40.306373 40.828903 40.73438 40.732497 45.137864 43.66107 41.766307 41.398141 42.103321 41.117442 41.826255 43.308121 42.999432 44.256361 43.189977 45.213762 44.16165 82.542703 51.607324 48.487359 48.172387 47.99991 48.861674 48.696776 47.901864 47.432482 47.544045 47.359326 47.60593 49.428327 47.226113 44.964992 45.84022 46.723559 48.39322 47.926121 45.852979 45.494358 44.634458 44.013479 44.151945 42.664184 41.809433 42.139125 41.992417 42.472008 43.136276 42.967445 43.432196 44.704705 45.022883 45.760831 43.127998 43.609689 49.412513 46.080161 43.797951 53.297748 42.714008 41.672651 45.588763 43.474959 42.973126 42.785634 41.931725 42.134399 42.452905 42.393271 72.238423 41.9557 41.160999 40.763005 40.712773 40.235477 40.262114 40.536029 41.252146 40.354179 41.617897 45.254708 43.913137 42.110549 42.849731 42.367035 42.319673 44.055092 43.370692 42.632904 43.98643 43.099447 43.229256 43.726135 46.002466 44.439447 45.153174 43.801553 44.09195 43.187704 43.132414 42.534914 43.81379 49.021037 45.043386 43.695681 47.680684 46.287077 42.94291 43.737494 42.324117 41.367159 40.865166 41.903117 42.303843 43.602112 45.670652 45.230206 44.560005 44.641032 44.735068 43.965043 42.732846 44.233257 44.624918 41.882621 40.895065 42.954095 44.308974 42.568845 43.448647 48.656434 48.060579 44.524235 44.615282 43.781815 42.596875 44.083682 42.695763 43.157776 44.850175 45.665074 45.687808 45.087103 45.093518 43.468486 45.166089 45.540452 43.243614 41.66755 41.896887 41.556721 41.823953 42.769273 43.298131 45.729606 47.448097 48.003526 45.848379 46.454405 45.3309 43.80344 44.006145 43.50718 43.461104 44.134215 43.052854 42.736867 43.476139 40.947912 40.530105 71.890463 41.591996 40.258553 40.545052 40.195309 41.653342 41.175934 41.815548 41.13566 40.331826 44.66753 39.398349 38.497242 38.652276 38.338453 38.818431 39.422894 40.304091 39.88593 41.792397 40.022929 39.446779 39.656072 40.862704 40.346491 41.981876 40.163028 39.120029 40.371563 40.105208 39.769178 41.07575 55.486608 41.162131 54.578828 40.661143 41.915733 40.68186 38.567155 39.992156 40.195992 51.905911 39.025465 51.276249 40.533568 53.887048 52.215205 44.149842 39.507351 43.957108 38.922198 71.763729 55.712524 40.072849 40.104483 53.32475 40.131783 55.85273 39.403953 41.549718 58.161675 40.431703 54.695939 38.566175 38.112938 38.747553 38.741172 38.90724 40.260397 42.583899 42.181252 40.560714 42.453473 43.246781 43.488117 42.23417 40.392396 40.962207 39.940767 39.500938 39.526176 39.601542 39.350271 38.826958 38.742416 40.440563 38.373796 37.100335 37.891148 38.667612 39.519402 39.436981 39.057491 40.776641 40.729728 40.675755 39.759661 40.40568 40.749877 40.037841 39.238097 37.97083 66.320186 38.435136 38.838508 38.069179 38.935134 38.166357 38.515611 37.88126 40.000044 37.288342 36.569571 37.457297 37.494322 38.416479 38.354863 37.66846 37.173195 37.777513 37.694445 37.827061 38.25511 38.928578 39.274025 39.63063 38.891729 39.30749 38.496561 38.0765 39.490844 38.533219 37.97026 37.540971 36.99153 40.288702 36.91451 36.834597 35.682235 36.143427 36.196084 35.921683 36.95664 36.167837 37.670903 39.683101 40.243 40.061683 38.998892 39.614368 39.853553 39.259069 39.367918 69.74488 39.798804 39.364606 38.950707 39.477415 39.477293 40.526449 45.043157 41.432021 40.823874 41.139633 40.434117 39.502946 37.652826 37.463169 38.0821 37.431289 37.35453 37.845642 38.029674 38.010861 39.17503 40.354528 41.17185 40.64064 39.826541 37.994705 36.650197 36.351417 34.936927 35.856984 34.908616 35.797935 34.123754 33.81651 34.38174 34.634818 32.410557 31.389196 30.404843 31.431351 30.736544 31.303723 31.163176 30.853598 31.627899 31.951156 32.584695 32.772292 32.346816 31.926097 56.920202 31.922853 34.126462 34.313316 36.091833 36.2065 36.374455 33.132686 35.55609 35.724794 34.537166 35.04448 33.891525 33.545745 34.435771 33.986036 33.287479 32.843474 32.797468 33.220667 33.633062 32.537336 32.270937 31.962578 32.098875 32.021193 31.434578 31.071495 31.552715 34.449375 36.670453 37.252545 36.780368 37.167802 36.776289 37.963014 37.772636 37.495598 38.011143 39.447629 39.237716 41.012721 40.973196 40.860075 41.454682 39.76249 40.209461 41.02108 40.960572 39.309849 38.982456 39.168387 39.822892 40.250587 40.03131 40.103143 40.530206 39.431678 38.281935 38.654101 38.59252 45.442345 38.715923 38.298646 36.710466 36.918006 37.058844 35.958991 35.913889 36.724995 37.539753 37.659964 37.457351 38.751273 38.43082 40.156109 40.800363 43.386019 43.946067 43.490483 41.522119 45.509318 43.422315 44.404167 42.04954 44.864204 45.192419 45.297299 44.113857 47.958415 47.208433 48.624268 46.066171 47.017083 47.28186 47.690724 47.401834 47.569266 45.119796 45.281329 44.486736 78.004029 42.509027 42.875833 44.287895 45.427473 48.012746 45.036571 43.745724 44.168493 44.295292 43.508069 44.02362 43.939927 43.283701 43.046834 43.153185 44.992618 44.272004 43.477023 42.873143 41.669664 41.225815 40.095803 39.669305 38.904543 38.427292 38.497189 36.990261 36.394903 37.875578 40.466359 36.919087 36.722119 36.848082 36.993073 37.621255 37.845152 38.46634 38.906578 38.746004 38.308046 38.215306 38.589531 40.058712 40.111713 41.087992 42.241978 43.193134 44.340522 44.038166 45.099128 77.475223 45.545318 45.671304 48.536556 49.688788 46.08074 46.332599 43.500448 43.731728 44.629748 46.093714 46.617364 46.747003 46.703246 48.68633 48.050916 47.235346 46.657375 45.730154 45.007101 43.515411 43.265159 43.012418 44.220746 44.037767 43.180416 45.807032 45.951841 50.348711 47.027659 44.396276 44.00509 43.052664 42.388113 43.685825 42.290501 43.249825 43.704065 44.660562 44.735807 45.474811 43.798613 42.653237 43.655577 43.669047 43.470301 43.870563 43.61648 43.706048 43.393831 44.47218 79.710532 44.813471 47.603249 44.828265 43.443168 43.807467 43.443135 43.123738 44.121595 44.963121 43.78235 43.957109 44.375637 45.30666 45.553737 45.214468 44.51066 46.734451 47.361617 46.428376 44.785924 46.265788 45.262818 45.78753 45.923527 44.682663 44.936604 48.322325 44.195698 42.36073 42.388154 41.37096 42.614853 42.164346 40.544834 41.729264 41.844875 43.25127 42.826884 43.205527 42.145587 42.018105 41.592614 42.06181 41.887655 40.494161 40.914193 41.033035 40.697777 39.712147 39.287465 66.179423 42.796873 40.333966 39.16703 39.777332 40.319697 39.767355 38.839398 38.926859 39.610701 39.439928 39.176618 38.855016 39.261732 39.827173 39.613394 39.525845 39.132931 38.34852 39.095877 38.691489 38.831351 38.833106 37.732872 37.969847 38.05619 40.273912 38.268815 37.836496 42.781602 37.637424 37.464601 37.548422 37.745994 38.23215 39.083093 40.083036 40.635824 40.499738 41.15104 41.307899 41.436986 41.101315 40.424186 40.961452 41.322985 42.820969 41.742814 41.723413 41.794128 42.829264 46.814796 44.465136 42.993664 50.908689 46.387431 46.764419 48.813944 45.845048 44.831578 44.781179 42.51874 42.809437 42.798768 43.522881 43.644811 43.661016 43.284774 43.592509 43.361146 43.238218 43.344575 42.998663 42.785873 41.415287 41.291501 41.076979 42.187006 42.075533 41.362927 40.542726 40.705541 41.474801 40.667122 41.180728 42.360855 41.978999 40.953681 42.225047 41.872949 42.975744 41.619318 40.396486 41.138228 41.259595 41.299802 40.132824 39.640989 39.077753 38.639624 38.919599 73.27239 40.249021 39.200623 40.658532 41.766509 42.347668 42.719403 42.81343 41.577578 41.825742 41.723413 42.424412 42.268873 40.539711 39.724169 38.25285 37.822825 37.950533 38.573453 38.533294 37.290357 37.705871 36.915356 37.613552 37.330755 42.728465 37.549113 37.916356 38.350412 38.0458 38.287144 37.465431 37.733286 37.066629 37.920008 37.052051 36.890173 35.875866 36.056852 36.647829 36.518657 36.304702 36.678753 36.893006 36.254884 38.73954 40.414683 40.783114 42.376763 43.351897 48.371172 77.536539 45.07015 44.397011 45.298543 44.735755 44.317223 45.014852 46.624272 47.656382 49.44624 50.989507 50.226227 49.903631 47.956743 48.68371 47.976094 45.893587 47.296665 46.313868 46.583051 46.824333 60.631594 47.193892 61.990019 51.376779 46.644612 58.940738 47.616684 60.158414 47.170001 51.744864 58.648222 41.969926 42.039365 55.352582 44.094291 60.585418 44.717961 44.687874 56.905341 40.998785 55.343657 39.853195 41.861908 58.523356 42.902827 60.014888 46.164946 45.206295 50.349576 44.874252 75.751651 74.502701 44.549728 44.506631 44.419655 43.317879 42.823175 43.201565 44.09235 45.306779 46.771086 48.10548 47.722333 48.90884 47.601685 48.877727 48.623127 48.411081 46.838533 47.755107 46.899476 47.120968 46.606673 48.73948 46.232426 46.414573 47.35267 47.68842 46.922157 46.893029 46.643601 48.362827 49.83285 49.746588 46.879023 46.839639 45.782718 44.646215 45.509837 44.708308 44.719117 44.211237 44.037032 43.469705 43.042956 42.56382 42.30085 42.756027 42.845561 42.918971 43.618171 42.430414 42.672079 42.432818 42.129726 42.603904 41.607396 42.147835 43.57252 44.265491 44.259516 43.952663 44.534332 44.542056 44.706164 44.100029 43.458051 43.661758 43.36577 43.191313 43.744424 44.259151 44.448866 47.738084 44.232402 44.569974 45.085264 46.387524 46.889743 45.929587 46.107759 46.350483 46.67615 47.95184 45.935455 43.396053 44.673062 43.781952 42.892623 42.068203 41.80408 40.621927 40.20651 39.054423 38.866773 38.322245 38.45227 38.433136 42.591659 40.439773 43.566846 50.780465 81.61577 47.936061 46.817572 46.126851 45.457922 44.051865 42.629397 42.613268 42.448611 41.550402 40.778329 41.008364 41.170724 42.384576 42.476662 41.220888 42.000667 42.311104 43.029646 42.363971 43.830211 46.416108 43.247285 42.069702 42.849103 42.78345 44.019877 44.046306 43.397758 41.617474 42.703273 42.311877 43.161284 44.421892 45.408127 44.217777 42.471589 42.437923 41.868599 40.957235 41.172927 42.804742 41.94428 42.794851 42.786048 44.395089 47.116626 43.67735 43.064358 42.281221 41.808526 68.341994 40.839447 41.823986 41.937301 43.500938 43.197474 43.479741 42.004953 41.603027 40.715562 39.955412 40.08593 40.166505 39.731387 41.021491 39.437946 39.136429 38.833931 39.105512 40.367649 42.454429 38.530016 37.65623 36.409342 36.607743 36.656938 35.074709 35.827228 35.143439 35.294235 34.335041 35.720319 36.204248 36.905681 36.676854 36.100726 35.293733 35.276566 37.005332 37.793091 38.731154 39.049652 39.595344 39.01041 39.207207 43.335337 40.631432 40.51433 40.753947 40.211348 39.690283 69.708856 39.611031 39.966867 38.794997 38.878969 37.927165 37.673142 37.545818 38.035066 37.459995 37.578452 36.704327 37.197896 36.809212 36.547913 37.333693 37.287906 37.251884 37.840689 37.9546 37.729152 38.033623 38.599015 38.345327 38.063085 38.149844 37.676329 37.783848 37.639175 37.554515 37.185142 37.28246 37.345216 36.634577 37.695761 37.370532 37.254454 36.82176 37.0372 37.654851 37.919046 37.82305 37.010356 38.71314 38.461276 36.422124 36.544395 35.303995 36.134079 37.162251 36.636719 64.599377 36.250522 37.150806 37.101125 37.872081 37.902609 39.297138 40.145908 41.539797 42.239388 42.229684 43.949916 43.633549 45.032698 44.745603 45.185938 45.42558 45.777274 48.46515 44.43907 43.308471 42.628485 41.711171 42.405243 41.557567 40.868231 40.873073 40.995172 41.67873 41.703113 40.842993 41.70962 41.954691 41.880907 43.055706 44.199964 43.384496 44.235244 44.965461 44.839279 45.723122 45.189506 45.512624 49.333131 46.073209 46.213023 45.486165 45.52002 46.152153 45.160526 45.135954 46.071667 46.009955 45.954521 46.284907 46.888675 47.721043 48.232529 46.234554 45.639692 42.225592 42.734708 40.15846 40.175574 38.104454 37.905656 37.940188 38.315702 42.011311 38.505271 39.905992 42.026656 43.054676 44.037767 44.410839 43.805103 43.130887 43.532454 43.038475 43.018054 44.607092 44.118301 45.880322 46.876595 46.143894 45.084185 44.183663 42.192465 42.213002 41.326689 39.979621 39.633836 40.783871 42.853679 40.103118 39.850525 41.813903 42.647918 48.594362 42.920862 41.318776 71.182444 42.526581 39.896047 40.674276 38.937657 38.408748 38.268703 39.099106 39.933661 41.625599 41.169409 40.546505 41.013777 41.957851 41.047963 41.038868 44.539879 43.587248 39.915823 40.519272 40.914937 39.480342 38.6845 39.004598 38.61879 38.424628 39.774147 39.304134 40.25411 41.64619 42.982256 43.453671 44.348311 43.782215 44.233729 42.083091 42.212471 41.90686 39.901397 40.334442 39.511126 43.870508 42.046407 41.19958 41.221069 40.287305 40.188654 40.583459 40.507441 41.454813 40.640851 71.574617 40.86034 40.069076 41.108666 42.724573 42.813492 43.406572 43.966901 43.272841 42.958058 42.664824 44.230208 43.530106 42.121474 41.786508 43.067405 39.905592 39.299146 40.833015 39.014349 37.716958 37.151676 37.63036 37.218197 37.587956 37.515635 37.392225 36.840184 36.15683 36.992716 37.435964 38.780571 38.254471 37.815184 37.882045 38.432638 38.315771 39.112369 38.50196 38.585077 42.925576 38.42617 38.764312 40.599857 40.974026 40.318433 39.529068 39.615176 39.711863 39.962181 40.272971 70.142585 41.094475 41.929861 42.560081 42.343119 43.701508 43.218272 43.797596 42.802903 43.418387 43.25502 43.635812 43.611098 43.476425 46.789228 45.070828 43.879416 43.076466 42.947329 43.903158 43.781733 42.210295 41.884951 41.484744 41.755968 40.912943 39.774929 39.448215 39.3473 38.741037 39.110745 38.339206 37.58978 38.323211 38.357655 38.3967 38.59425 38.470702 38.609916 42.697844 39.352966 37.664095 36.799696 37.601558 35.597161 36.128441 36.286754 36.566567 35.899624 35.966458 35.291215 61.5586 36.729601 36.908141 37.444915 38.978583 39.186223 39.191544 38.445498 38.772854 38.23582 38.326387 37.866331 37.967811 38.198733 38.935471 37.475817 37.33642 37.070961 37.396594 37.515914 37.696973 37.658519 37.817961 37.908784 38.311972 37.318004 37.443433 37.501071 37.705391 37.893067 38.805959 38.289702 38.405652 38.370379 38.340167 38.130234 38.81923 39.198658 39.360364 39.743831 38.664232 38.809286 38.83064 39.141866 39.412202 39.443832 39.95659 39.005266 39.475264 40.904245 41.620447 41.594299 41.435602 40.588243 40.348461 40.641966 40.588602 40.477404 41.267147 42.184766 39.91444 40.819221 39.770104 44.472482 38.202661 38.0377 38.374253 38.20293 37.296702 40.492278 35.607524 42.453339 34.935928 37.152889 50.629626 35.359724 34.831209 35.21724 48.912215 42.940725 36.141501 43.615469 36.0632 41.695978 53.32419 37.911586 45.950841 37.749505 49.526088 38.131097 39.00239 46.992894 39.760316 40.226632 42.714252 40.526277 39.924406 40.08755 40.004108 40.723178 38.490235 38.54297 38.216006 38.075205 36.840894 36.448953 37.258951 36.992277 36.769088 36.840764 36.154122 35.731599 36.921265 41.745914 37.975155 37.806383 38.095899 38.291089 39.139894 39.857369 39.730044 40.88369 41.717625 42.422376 42.674023 42.977865 43.910679 43.305046 42.596121 43.10447 43.800235 44.137637 44.338741 45.620249 45.493309 44.512654 43.273108 43.749522 47.939073 43.802022 43.374166 44.026455 43.983324 44.126898 43.362995 43.037669 42.732333 43.382045 43.27597 43.619927 43.309316 74.731175 43.165431 42.57941 42.687113 42.154048 41.941666 42.567305 43.890481 43.692981 44.008241 44.26082 43.0047 43.79047 42.777001 40.340323 40.425738 41.373937 40.861169 40.393858 41.16706 41.651904 41.051862 41.246323 41.743207 41.187822 41.089725 43.9796 40.541453 41.321137 40.822318 40.149574 39.360909 40.25847 41.268813 41.708748 43.459711 42.240549 43.305892 41.188966 42.227199 40.472398 41.948083 42.909985 43.126004 42.370897 41.601433 41.214989 41.234569 43.044946 44.149602 42.989188 74.328874 44.622118 44.006198 43.751461 43.412378 43.827138 43.553885 43.049503 42.947015 41.648051 41.266959 43.324984 41.653433 41.011102 39.789477 39.317285 39.693951 38.8558 39.675139 38.878655 39.206274 39.5086 40.057625 41.162868 40.775791 39.29272 39.83789 40.008883 39.083476 39.874308 40.477414 41.207279 39.312553 40.244798 39.684986 38.755054 40.255785 37.333553 37.532638 36.688301 36.850256 37.664983 38.583163 37.925368 39.386611 38.761968 38.828681 37.489872 37.417693 36.239898 36.458813 62.033115 38.297826 38.465809 38.382403 38.681739 39.183513 39.836116 40.540737 41.4551 42.084397 44.441394 41.621382 42.724207 42.238617 42.477905 42.540758 42.656422 41.530093 42.317373 41.880329 41.254601 41.239436 41.158517 41.063383 41.444629 42.370922 41.612708 41.831682 41.761918 41.26355 41.208756 40.881865 40.653243 40.609035 40.384029 43.579205 40.611234 41.044659 41.042313 40.744076 41.120904 40.997088 40.54855 40.775734 40.74478 40.832493 40.874728 40.896166 40.440529 41.125 40.08848 40.642146 40.889214 40.277847 40.367819 40.823271 39.959487 40.203232 39.939758 40.173046 42.842376 39.94454 39.696802 40.241389 40.483686 40.446745 40.93436 40.367756 40.657085 41.116491 41.303647 41.057187 41.253294 41.766177 41.222108 40.924656 41.011665 42.420942 42.197317 41.528604 41.432469 41.102244 41.20238 41.58059 40.930829 44.454257 42.004483 41.248313 48.241835 41.739261 43.276913 43.010192 44.544011 45.403196 44.738607 44.792298 44.951699 44.383412 43.792855 43.877808 44.113518 75.118701 43.634883 44.333792 41.565099 40.181813 39.935375 39.679467 40.596916 39.436386 40.275027 38.415477 38.751808 38.313406 38.219241 38.501758 38.771386 39.249784 38.909413 38.496778 38.105151 37.804639 36.708921 36.059871 36.320946 36.279397 37.089501 36.963392 38.232173 38.774418 38.939436 39.77318 39.897659 39.849482 39.93238 39.91997 39.500929 40.381378 39.502158 39.653152 39.239046 40.448626 39.966291 39.345737 40.187168 39.47947 38.775885 38.998411 38.812965 38.37508 38.620579 38.575816 67.840675 37.847831 38.349887 39.055739 39.326535 40.284751 40.278116 40.974468 45.23006 42.401852 42.672045 43.028787 44.046101 44.997895 45.180429 44.454473 42.075574 41.787301 41.508586 41.439281 41.463532 41.292405 40.932666 40.905317 41.34052 40.93586 42.126437 43.661387 43.509024 42.982104 41.200364 40.809669 40.258829 45.521529 41.636723 41.426014 41.315946 41.79826 41.828931 41.93741 42.490433 40.285384 40.240061 41.428873 42.311888 42.600013 43.089589 42.594118 42.171663 42.584897 40.776872 39.842681 39.554717 39.936324 40.315374 39.528027 40.182557 42.118793 48.043077 45.542815 45.401388 46.194654 45.085476 44.32494 43.676612 44.188936 44.488582 44.623324 45.41399 43.093377 43.932182 43.653113 43.688035 43.351298 45.059636 45.152581 45.233563 46.03 45.512533 45.084422 44.537807 44.334387 43.245639 45.047562 42.250389 42.152207 40.892393 40.633449 40.530275 39.768522 39.090146 37.615793 38.533201 39.808747 39.737929 39.476969 38.754579 37.257531 38.169724 38.948957 38.905822 65.544866 38.831194 39.544705 39.48262 40.020396 41.183936 47.0483 46.731636 42.842302 43.279213 42.902699 44.131735 43.970704 44.301964 44.932026 45.344589 46.579793 47.301661 47.431606 47.088945 47.387799 47.871792 46.927748 45.97603 45.473463 44.836537 44.176737 44.029156 43.649018 42.46532 42.922086 45.753559 43.353904 40.199759 39.155844 39.753908 39.622371 38.751428 38.313047 37.064816 36.148883 36.87445 36.065277 36.853725 37.648711 39.026431 38.611506 39.497347 40.225573 40.230124 39.920443 39.765732 41.505752 40.434759 40.435679 40.016606 44.027937 42.111697 41.461033 41.688217 42.523931 41.116115 40.029217 40.374233 40.78376 40.217125 41.737223 44.170649 44.884003 43.820967 43.226655 42.239789 42.202848 43.872295 43.593337 42.872882 42.786696 41.914762 41.840243 40.641731 41.078125 45.483867 42.721096 42.854145 42.417119 41.500885 42.596272 42.667485 43.568411 43.633681 43.44808 43.738678 44.115031 43.981677 42.862894 44.223058 43.727135 42.885161 43.10086 42.599997 42.376372 72.866079 42.610291 42.239918 41.10948 41.415207 45.80342 44.266003 44.581634 44.614805 45.621302 45.762364 46.336448 45.674836 44.066522 42.084382 44.169399 44.290948 43.739703 43.873726 43.784224 43.236849 45.06769 45.060131 45.299084 45.107869 44.292677 44.145899 43.803308 43.861273 44.080844 49.36227 46.810493 45.729383 45.567199 46.521852 46.532131 45.49948 44.042098 43.422187 44.871583 44.156412 45.090434 44.456422 41.584225 41.143206 39.172333 38.895004 40.663102 40.970911 40.126685 40.422898 46.844752 42.301966 46.632577 42.82119 55.582625 44.33541 45.829452 45.265024 45.88104 45.971358 58.609009 46.767054 60.376753 46.183856 58.336236 60.407679 43.08471 52.555097 57.913529 43.224801 59.619811 43.422326 44.733562 59.069786 42.338088 52.946709 42.950797 47.685307 56.830262 41.022704 55.293861 39.122431 38.271904 39.510523 39.341838 38.526205 39.113696 38.395296 38.679796 39.367715 37.970949 38.151322 37.368632 36.852535 37.578188 37.588076 37.655354 36.853812 37.787366 36.855827 65.603884 37.221235 37.425516 36.888814 41.11313 37.831455 37.418198 37.958288 39.804545 40.83111 41.612264 42.977241 42.077517 43.462506 42.9148 43.213166 43.155561 41.899045 42.940782 42.579931 43.325006 44.625891 45.007234 45.859753 46.055014 45.926249 45.065419 45.093928 46.456722 50.029272 45.442917 46.454508 45.590277 46.427534 47.07652 46.421906 45.732987 44.97162 44.086375 46.604051 46.752164 45.549782 45.502671 45.777447 44.331352 45.240058 46.23466 44.653735 44.468465 43.633969 42.842067 39.759699 44.996934 38.837666 42.439893 38.883718 39.360468 38.396785 37.839421 38.083493 38.784268 38.704571 38.454425 37.812722 38.874755 39.250861 39.732987 40.71506 39.399474 38.98543 39.47768 41.116318 39.035139 38.620499 38.603503 38.229375 38.517204 39.506939 40.687576 43.831867 39.224606 38.01539 37.868757 39.128527 38.823702 38.56132 38.221648 38.174416 39.114705 39.198934 39.449246 38.691998 37.91148 37.875857 37.702179 37.980165 38.13163 38.085376 37.495686 37.936828 37.880478 66.368534 38.345122 38.594449 41.34825 39.004588 38.993219 39.363125 38.593854 38.956273 39.679875 39.40448 39.968826 40.308188 40.262211 41.531287 41.148182 40.39666 39.954073 38.872965 40.995376 41.022717 40.783047 40.022045 38.818367 38.56007 38.992384 37.969936 37.540105 40.771648 36.648405 36.93634 36.719813 35.627731 34.711332 35.188996 35.277047 34.598517 35.50432 35.210614 34.899355 35.771238 36.561506 37.003586 36.278675 35.291494 35.623807 35.478799 35.360979 34.517994 34.331732 35.683983 62.350777 35.296068 35.063854 35.008554 35.719292 34.934498 35.980797 35.562368 35.495766 35.737336 34.303192 35.466664 34.649267 33.596575 32.862705 32.799758 32.323674 32.990238 32.57806 31.863169 32.785511 33.674846 33.361269 33.389491 35.122989 34.667823 34.770372 36.129761 35.97778 36.612495 36.157026 35.328603 34.784573 34.321722 36.563872 36.39054 34.542838 33.791311 33.742172 33.609767 33.982116 33.869362 33.15002 32.610027 32.605119 32.845527 32.388274 32.133651 32.217651 31.975133 31.72792 55.249143 34.084158 30.763587 32.092207 31.705047 32.465068 32.340773 32.508388 32.730941 32.063794 32.304025 32.712368 32.581228 31.573218 31.861393 31.530235 33.185803 31.826107 32.506907 32.476688 32.094175 32.832139 32.258922 32.885558 32.127918 33.734831 36.418532 32.907858 33.066326 32.354864 34.376257 33.714979 34.170467 33.444808 34.112818 34.180706 33.698372 33.962856 33.375018 31.60901 30.624253 31.798387 30.869925 30.752798 30.135875 30.688985 30.225652 30.624505 30.090552 30.061757 29.761282 32.912443 30.334915 31.134481 30.15026 29.740818 30.767929 29.892602 30.054891 29.94311 30.165875 30.129929 29.708849 30.421687 29.664911 30.252643 29.976029 30.541162 30.411312 30.455539 30.4223 30.760196 30.468094 30.27888 30.382203 30.085997 33.154685 30.04093 30.194547 30.119944 30.116552 
tComAct=0.058098 0.05265 0.054013 0.05436 0.055628 0.053398 0.044433 0.058115 0.057776 0.056674 0.058677 0.070477 0.057547 0.05854 0.130125 0.059731 0.057743 0.058413 0.055534 0.05662 0.056031 0.057866 0.057163 0.056832 0.057792 0.053696 0.054405 0.054208 0.05264 0.056658 0.057239 0.056705 0.049422 0.057514 0.058358 0.057594 0.057634 0.05811 0.057832 0.056707 0.056192 0.055188 0.057096 0.056912 0.05611 0.056381 0.055094 0.056354 0.055519 0.056405 0.05302 0.058819 0.058621 0.058284 0.056012 0.059041 0.059017 0.057978 0.057375 0.057668 0.058617 0.057733 0.057859 0.059774 0.058311 0.057486 0.057144 0.055596 0.055603 0.054518 0.055315 0.055353 0.053759 0.057357 0.058388 0.059449 0.059076 0.059454 0.059592 0.057664 0.058176 0.057701 0.060354 0.055921 0.056934 0.058081 0.058622 0.057369 0.054912 0.054609 0.054022 0.054658 0.055326 0.056371 0.053834 0.056414 0.055908 0.053256 0.058124 0.058256 0.058263 0.058323 0.057936 0.057736 0.056437 0.057239 0.057544 0.059347 0.05729 0.058012 0.05508 0.055835 0.055191 0.054125 0.054085 0.055828 0.056182 0.056202 0.054632 0.052555 0.059516 0.056891 0.058204 0.058375 0.057127 0.059599 0.057881 0.060156 0.068795 0.057534 0.057486 0.057474 0.056437 0.055696 0.056287 0.055156 0.056496 0.055362 0.055806 0.055078 0.053955 0.052665 0.058084 0.058189 0.057899 0.058292 0.056504 0.058279 0.058267 0.059726 0.057371 0.057768 0.055868 0.060015 0.058597 0.055433 0.056658 0.056951 0.054456 0.056379 0.056996 0.056052 0.054782 0.059093 0.058771 0.057365 0.058536 0.057947 0.058598 0.058828 0.059881 0.056352 0.059944 0.056767 0.056784 0.055163 0.055056 0.055825 0.055893 0.056329 0.055706 0.055796 0.053698 0.05494 0.119551 0.058586 0.055268 0.058827 0.057664 0.058655 0.057059 0.056845 0.058369 0.058421 0.057041 0.059713 0.057391 0.058167 0.057781 0.055919 0.056838 0.055783 0.055815 0.056699 0.056597 0.055086 0.055774 0.054228 0.058383 0.057505 0.057464 0.058456 0.059235 0.058022 0.058356 0.058383 0.054692 0.05792 0.057582 0.058182 0.054875 0.057195 0.057911 0.056934 0.057094 0.055857 0.054157 0.052896 0.055281 0.05546 0.052436 0.066699 0.059779 0.057947 0.059605 0.124919 0.056852 0.059193 0.059063 0.058123 0.057096 0.058217 0.058412 0.058304 0.057052 0.056017 0.054971 0.056526 0.05536 0.055985 0.052848 0.054737 0.054221 0.05466 0.058174 0.058931 0.059399 0.058946 0.058089 0.058884 0.069895 0.055945 0.057926 0.059587 0.059117 0.058928 0.058356 0.054703 0.056201 0.056052 0.055893 0.055691 0.057317 0.054839 0.055696 0.056963 0.056137 0.059272 0.057156 0.059011 0.057827 0.059196 0.057294 0.058665 0.057787 0.057291 0.122602 0.057312 0.057888 0.054951 0.055322 0.05527 0.055142 0.055346 0.054862 0.055788 0.054798 0.055094 0.058518 0.056979 0.058446 0.058421 0.059088 0.058883 0.058362 0.057926 0.057685 0.058816 0.058774 0.059211 0.057318 0.056456 0.056555 0.055355 0.057417 0.054817 0.055784 0.056575 0.057434 0.056482 0.053852 0.059397 0.057309 0.057243 0.060264 0.057852 0.05851 0.058902 0.057556 0.059313 0.058493 0.058317 0.05995 0.057711 0.05666 0.054865 0.056984 0.057658 0.056735 0.056817 0.06685 0.056025 0.057509 0.058719 0.056753 0.058805 0.056446 0.059786 0.059209 0.059356 0.058132 0.058371 0.058183 0.055683 0.055865 0.058339 0.057967 0.056153 0.055933 0.056611 0.054744 0.056914 0.056031 0.055255 0.052897 0.058047 0.057409 0.058704 0.057434 0.058042 0.058066 0.060348 0.058383 0.056997 0.057213 0.057084 0.055334 0.056278 0.055957 0.056417 0.055069 0.064446 0.057482 0.055587 0.054481 0.054341 0.052149 0.12261 0.056752 0.057025 0.05869 0.05811 0.058774 0.070254 0.058558 0.058601 0.059457 0.053731 0.055203 0.055939 0.05726 0.056449 0.055213 0.071414 0.055659 0.053434 0.056738 0.0552 0.054063 0.059453 0.058902 0.058209 0.051719 0.058141 0.057507 0.058155 0.059427 0.060645 0.045185 0.014739 0.01232 0.045096 0.01271 0.013945 0.067039 0.054739 0.055946 0.055547 0.043447 0.01629 0.015186 0.012854 0.01196 0.014519 0.080381 0.015607 0.012737 0.056857 0.053654 0.044622 0.015529 0.012707 0.016115 0.014705 0.015017 0.01471 0.014196 0.014247 0.125513 0.046184 0.016549 0.012105 0.055767 0.053133 0.057881 0.05613 0.054809 0.055429 0.056907 0.056722 0.066426 0.055173 0.056206 0.055898 0.058637 0.055178 0.05523 0.055644 0.055711 0.055921 0.053948 0.054872 0.05665 0.055529 0.057082 0.056166 0.055248 0.057815 0.058095 0.057649 0.060596 0.058617 0.059744 0.058984 0.130082 0.058003 0.056368 0.055676 0.055136 0.053911 0.055465 0.053768 0.056564 0.055988 0.055217 0.053323 0.053245 0.055406 0.053552 0.108679 0.059369 0.057641 0.054263 0.057099 0.058093 0.059326 0.05719 0.05791 0.058506 0.058368 0.058712 0.057248 0.056493 0.055691 0.054411 0.056294 0.056345 0.054077 0.054436 0.054413 0.057054 0.054342 0.051815 0.061985 0.059258 0.05936 0.056813 0.059021 0.057454 0.057832 0.055934 0.059079 0.055078 0.060396 0.059231 0.057425 0.05463 0.0575 0.05489 0.055328 0.121671 0.053442 0.05511 0.05501 0.052339 0.057477 0.057578 0.056618 0.058947 0.057043 0.057304 0.058769 0.05874 0.059048 0.058604 0.058961 0.059605 0.058977 0.057664 0.129233 0.054794 0.056545 0.055666 0.055066 0.123505 0.056941 0.054287 0.059923 0.058664 0.059378 0.056818 0.058234 0.057917 0.059865 0.0565 0.058998 0.058885 0.055483 0.057903 0.058807 0.057201 0.057094 0.0564 0.055527 0.053908 0.055373 0.054924 0.057051 0.070181 0.059004 0.059653 0.123196 0.05785 0.060175 0.057719 0.056919 0.057489 0.057898 0.057603 0.05927 0.058565 0.059393 0.056293 0.055245 0.054261 0.055039 0.054017 0.055009 0.052481 0.053462 0.055812 0.057201 0.057742 0.057883 0.056356 0.058078 0.05827 0.058471 0.057569 0.058073 0.055914 0.05662 0.057746 0.057769 0.066967 0.057262 0.053968 0.055022 0.05423 0.054371 0.054931 0.054065 0.054162 0.054842 0.052854 0.05458 0.057407 0.055238 0.05858 0.059074 0.05798 0.058207 0.058142 0.058251 0.059915 0.05979 0.05819 0.057661 0.055963 0.05397 0.055662 0.055585 0.058677 0.056817 0.054343 0.056275 0.054856 0.054083 0.058708 0.058637 0.056869 0.058407 0.057177 0.05814 0.069467 0.060324 0.058047 0.059716 0.057649 0.058355 0.058083 0.058894 0.056985 0.055549 0.055721 0.056388 0.054239 0.05585 0.054384 0.054255 0.054638 0.052562 0.055337 0.059054 0.058954 0.05841 0.057302 0.058715 0.05788 0.057284 0.059129 0.058543 0.134066 0.058111 0.057168 0.056319 0.056271 0.055353 0.055185 0.055443 0.054849 0.054545 0.054352 0.055088 0.054558 0.058204 0.057942 0.058506 0.0597 0.057867 0.059056 0.058675 0.057766 0.057436 0.057788 0.069998 0.057368 0.058344 0.058454 0.057039 0.056279 0.055259 0.05664 0.056151 0.053739 0.055525 0.051693 0.058676 0.057475 0.059324 0.058227 0.057947 0.058578 0.072627 0.057026 0.056129 0.0589 0.058829 0.055189 0.056487 0.05582 0.055983 0.055146 0.121169 0.055021 0.055345 0.055442 0.05543 0.056476 0.055745 0.052119 0.05937 0.057661 0.059617 0.059597 0.058361 0.058621 0.057732 0.057834 0.058416 0.058227 0.057084 0.057136 0.054027 0.055188 0.055323 0.055569 0.055982 0.055094 0.054747 0.054259 0.055566 0.054663 0.058623 0.05801 0.059577 0.057594 0.059947 0.058147 0.060192 0.057857 0.059917 0.059611 0.058255 0.05594 0.126671 0.054117 0.055433 0.054732 0.055059 0.054181 0.055444 0.057459 0.05655 0.116533 0.054074 0.055641 0.060008 0.057544 0.059106 0.060667 0.058266 0.059001 0.059797 0.058089 0.059144 0.057326 0.056527 0.056501 0.056209 0.055582 0.055376 0.056645 0.055151 0.05604 0.053175 0.055702 0.055948 0.052316 0.059895 0.057616 0.058625 0.130748 0.058472 0.057517 0.05916 0.0575 0.057626 0.058183 0.059657 0.05791 0.059132 0.057686 0.057575 0.056488 0.057033 0.05449 0.056755 0.055216 0.055853 0.055455 0.059875 0.058861 0.058069 0.058073 0.123426 0.058376 0.05863 0.060196 0.05839 0.058609 0.058986 0.059181 0.058637 0.056961 0.056228 0.056302 0.055023 0.055694 0.055885 0.056606 0.057044 0.055405 0.058726 0.07095 0.059497 0.058293 0.05899 0.058902 0.058729 0.128544 0.056804 0.056678 0.058495 0.058232 0.059342 0.059078 0.059311 0.056388 0.132461 0.056278 0.056346 0.05745 0.056657 0.05611 0.054578 0.052002 0.058614 0.059661 0.058739 0.057594 0.059009 0.05823 0.059859 0.059694 0.057209 0.057685 0.056944 0.058947 0.058593 0.05777 0.056728 0.058055 0.056394 0.055509 0.053106 0.126169 0.055445 0.055677 0.053946 0.059793 0.059395 0.05738 0.058234 0.058891 0.059546 0.058385 0.059076 0.059788 0.05871 0.052257 0.93728 0.063564 0.063148 0.06283 0.061191 0.062662 0.061219 0.062587 0.061565 0.062572 0.059939 0.059587 0.059766 0.06 0.054993 0.059557 0.061437 0.066946 0.057376 0.059594 0.059686 0.056373 0.055812 0.057056 0.059633 0.05529 0.05557 0.056273 0.056152 0.055485 0.056296 0.056404 0.055034 0.053 0.059033 0.058738 0.059521 0.057083 0.057996 0.059628 0.070554 0.061953 0.060079 0.05853 0.044719 0.057512 0.057137 0.056264 0.054986 0.05487 0.056639 0.054706 0.056289 0.054879 0.05563 0.053122 0.058774 0.058792 0.057059 0.056394 0.05777 0.059429 0.060849 0.057691 0.059273 0.061188 0.057494 0.057002 0.055975 0.056189 0.056316 0.056408 0.057221 0.05508 0.055709 0.066899 0.123344 0.0575 0.056206 0.055771 0.060897 0.06006 0.059031 0.05871 0.060083 0.058996 0.060515 0.058883 0.057255 0.055958 0.057081 0.055709 0.057409 0.053939 0.056101 0.053852 0.045998 0.015476 0.013261 0.013108 0.01273 0.054384 0.043748 0.015527 0.012934 0.046777 0.012248 0.014527 0.01818 0.012971 0.016182 0.05751 0.118876 0.016454 0.013016 0.044777 0.014842 0.015462 0.013458 0.013026 0.016479 0.014904 0.015091 0.015026 0.01471 0.014762 0.014596 0.081903 0.014227 0.014909 0.014234 0.014964 0.014705 0.059758 0.058214 0.059375 0.0566 0.05454 0.054598 0.055328 0.056626 0.054923 0.056602 0.055684 0.056812 0.053178 0.057105 0.054894 0.056771 0.0588 0.060714 0.059143 0.060766 0.05983 0.060565 0.059505 0.059494 0.058306 0.058007 0.056783 0.057304 0.056104 0.056155 0.055514 0.055858 0.052418 0.056605 0.054725 0.056182 0.055274 0.054219 0.059038 0.058667 0.059452 0.058264 0.058027 0.060212 0.057119 0.058541 0.055781 0.053925 0.056972 0.05602 0.05456 0.055677 0.05653 0.055091 0.054012 0.054718 0.0546 0.053846 0.054775 0.054386 0.054011 0.058242 0.05469 0.059361 0.060217 0.058964 0.058211 0.058588 0.129853 0.058555 0.059209 0.056338 0.056765 0.057005 0.054432 0.056363 0.055032 0.055988 0.056305 0.055302 0.053552 0.054896 0.064404 0.052842 0.06013 0.059024 0.060231 0.05811 0.058941 0.058483 0.060957 0.057354 0.056056 0.060093 0.060127 0.058573 0.126562 0.056989 0.057154 0.055047 0.055253 0.055581 0.054575 0.056268 0.053859 0.053352 0.057517 0.055848 0.059966 0.060092 0.060768 0.058635 0.059301 0.058742 0.058569 0.057473 0.058556 0.057103 0.059674 0.057081 0.056936 0.056622 0.054708 0.054783 0.053579 0.062152 0.05197 0.054338 0.054344 0.051258 0.056779 0.059425 0.057799 0.058232 0.056984 0.058515 0.058226 0.056241 0.057626 0.059155 0.057571 0.057387 0.054649 0.05535 0.055485 0.056485 0.053571 0.121586 0.054498 0.054524 0.054722 0.05239 0.056077 0.05858 0.13136 0.057254 0.059405 0.060601 0.058774 0.058774 0.059679 0.057145 0.058632 0.059055 0.055203 0.05712 0.054403 0.057519 0.056259 0.056273 0.053706 0.053375 0.053394 0.060289 0.056829 0.05936 0.130525 0.05849 0.057153 0.058898 0.058575 0.059771 0.057701 0.059382 0.058331 0.05863 0.057975 0.058453 0.056294 0.054388 0.055099 0.055024 0.056926 0.053717 0.053971 0.05458 0.062924 0.071201 0.119654 0.058963 0.056591 0.05833 0.058651 0.058892 0.057714 0.059718 0.06019 0.056522 0.060463 0.05784 0.05772 0.059223 0.055278 0.055026 0.053821 0.057304 0.054601 0.055639 0.051725 0.05857 0.059699 0.058586 0.056735 0.05955 0.057189 0.057821 0.058603 0.058466 0.058847 0.057681 0.058879 0.059499 0.059938 0.057586 0.055506 0.055461 0.055934 0.120151 0.056799 0.054767 0.055728 0.053186 0.058097 0.059301 0.057325 0.060411 0.060028 0.057957 0.060794 0.120072 0.059097 0.058217 0.05742 0.058657 0.056451 0.058879 0.054574 0.054989 0.056259 0.064882 0.055524 0.058592 0.055959 0.05593 0.056823 0.05391 0.057636 0.059798 0.06012 0.058142 0.057796 0.05985 0.056015 0.057432 0.059382 0.057019 0.055542 0.055557 0.056785 0.055144 0.054005 0.055307 0.054621 0.055556 0.054413 0.054897 0.055401 0.055088 0.053492 0.058668 0.059736 0.058418 0.05782 0.058961 0.057198 0.059351 0.058576 0.058755 0.056984 0.056172 0.055706 0.054314 0.054416 0.055692 0.055791 0.056635 0.053425 0.054351 0.054836 0.053106 0.053921 0.057776 0.057681 0.059131 0.059472 0.059876 0.057303 0.057116 0.058067 0.059509 0.05797 0.055421 0.056112 0.055343 0.05535 0.056176 0.055789 0.055998 0.05578 0.057184 0.056725 0.052892 0.054408 0.056197 0.058949 0.058226 0.058057 0.060333 0.058235 0.060959 0.059506 0.059351 0.059222 0.056792 0.056805 0.057517 0.054518 0.058158 0.056252 0.055953 0.054195 0.054274 0.054802 0.054783 0.052914 0.051584 0.056318 0.056812 0.057728 0.058336 0.060239 0.057084 0.057617 0.058638 0.060181 0.05797 0.056122 0.058614 0.05662 0.055561 0.055 0.055146 0.055746 0.055512 0.055619 0.055521 0.05788 0.055086 0.053863 0.060805 0.059706 0.057301 0.058519 0.057493 0.059561 0.059299 0.057965 0.059116 0.05776 0.05643 0.055528 0.055772 0.0554 0.055552 0.056207 0.053447 0.055975 0.055046 0.109136 0.056389 0.057994 0.055245 0.058678 0.060381 0.059953 0.060702 0.058989 0.058802 0.059777 0.058696 0.059556 0.058253 0.057714 0.056022 0.056263 0.056975 0.056222 0.054119 0.054864 0.055811 0.054613 0.053582 0.055394 0.052857 0.058919 0.058961 0.057368 0.057539 0.059966 0.056521 0.058464 0.059922 0.05803 0.056844 0.057995 0.055757 0.053412 0.055155 0.055718 0.056384 0.055195 0.055459 0.055804 0.054915 0.053685 0.055948 0.054379 0.058684 0.059386 0.059875 0.0596 0.057943 0.054309 0.059718 0.059534 0.060919 0.060373 0.058621 0.054947 0.053611 0.05462 0.056237 0.056488 0.054618 0.056159 0.055623 0.054354 0.055526 0.057208 0.052645 0.059016 0.060673 0.059948 0.058979 0.058464 0.059607 0.058001 0.058618 0.06005 0.070366 0.058446 0.057789 0.055589 0.058363 0.055314 0.056176 0.057247 0.129178 0.053279 0.05537 0.053562 0.054764 0.057582 0.057514 0.059865 0.052525 0.057722 0.056849 0.058821 0.061126 0.05963 0.059885 0.059478 0.05708 0.057814 0.058469 0.057461 0.055733 0.054082 0.054764 0.054968 0.053191 0.054381 0.053142 0.05701 0.058269 0.059457 0.058157 0.057395 0.058077 0.130827 0.057843 0.058598 0.057417 0.058545 0.056053 0.059602 0.060717 0.059968 0.059994 0.05674 0.05676 0.056774 0.054094 0.051774 0.055901 0.054371 0.054035 0.05884 0.059078 0.056322 0.059307 0.070387 0.057585 0.058737 0.058117 0.058717 0.060283 0.059731 0.059683 0.059781 0.058792 0.05669 0.05657 0.054827 0.055315 0.054384 0.054824 0.055495 0.05587 0.053761 0.059833 0.047205 0.016092 0.017025 0.013944 0.012034 0.013317 0.014379 0.014633 0.014356 0.012724 0.01358 0.013079 0.043825 0.017278 0.012575 0.016488 0.014844 0.014431 0.015606 0.014844 0.014179 0.014352 0.014786 0.014877 0.014979 0.01405 0.05586 0.111741 0.024978 0.013232 0.018498 0.014548 0.058906 0.056727 0.053495 0.128759 0.055798 0.055986 0.054177 0.054438 0.052578 0.054124 0.053486 0.053987 0.055445 0.057322 0.056546 0.057267 0.056379 0.062209 0.059339 0.057504 0.057153 0.055908 0.058524 0.058032 0.058353 0.055599 0.054915 0.056342 0.054051 0.05471 0.055151 0.056997 0.127752 0.055181 0.053317 0.054083 0.054137 0.056419 0.055961 0.060013 0.059693 0.058937 0.056363 0.057992 0.057443 0.057989 0.054996 0.056085 0.05727 0.054313 0.054667 0.052979 0.05481 0.055841 0.054733 0.054413 0.053447 0.056823 0.051635 0.056329 0.118043 0.056137 0.05837 0.059554 0.057722 0.057367 0.056732 0.055219 0.059678 0.059868 0.059358 0.058885 0.056167 0.054723 0.055175 0.054714 0.053542 0.05351 0.054523 0.054742 0.053276 0.05933 0.057634 0.058268 0.06173 0.059186 0.05744 0.06158 0.059207 0.061351 0.058897 0.057507 0.056266 0.055357 0.056568 0.055927 0.054961 0.103786 0.055862 0.055671 0.055146 0.055003 0.055922 0.055188 0.060483 0.059106 0.059285 0.059478 0.06015 0.058068 0.059577 0.053323 0.055418 0.058418 0.055728 0.056074 0.057542 0.056498 0.055846 0.05486 0.05512 0.055627 0.055204 0.054784 0.055547 0.054717 0.053258 0.054952 0.058875 0.061008 0.059238 0.060473 0.057918 0.059209 0.058948 0.058514 0.058293 0.0565 0.056066 0.057059 0.05701 0.055999 0.066857 0.055511 0.055968 0.056152 0.054868 0.066851 0.058677 0.059199 0.057556 0.059507 0.057966 0.060135 0.05923 0.060157 0.058697 0.055955 0.059339 0.057408 0.055408 0.054666 0.121992 0.05724 0.067881 0.055502 0.053478 0.055452 0.054299 0.055325 0.057168 0.053795 0.052831 0.059492 0.059405 0.060106 0.058493 0.058677 0.057653 0.059076 0.058501 0.058452 0.058115 0.056656 0.05653 0.055671 0.054646 0.054346 0.056564 0.055289 0.053001 0.054471 0.055362 0.055761 0.053721 0.059494 0.06039 0.058426 0.059992 0.058413 0.058792 0.058092 0.055689 0.059927 0.057071 0.057691 0.055311 0.057834 0.067905 0.056697 0.055944 0.054967 0.054092 0.052994 0.054201 0.055002 0.054672 0.139866 0.056909 0.057877 0.058211 0.05881 0.057901 0.060015 0.057666 0.059358 0.056943 0.057638 0.056098 0.055057 0.056224 0.056061 0.056538 0.055873 0.054341 0.054137 0.122194 0.054885 0.055056 0.054558 0.051559 0.059743 0.057599 0.060431 0.057841 0.058161 0.058753 0.057198 0.060628 0.058304 0.059927 0.057945 0.069758 0.055845 0.055684 0.056037 0.055423 0.055611 0.05663 0.054516 0.054346 0.055007 0.054894 0.119984 0.059446 0.060652 0.05956 0.060431 0.05934 0.058451 0.058533 0.127932 0.058781 0.060625 0.128454 0.056127 0.054566 0.055721 0.055054 0.055129 0.0544 0.053491 0.055374 0.055587 0.052869 0.058932 0.05935 0.060393 0.058266 0.058632 0.058375 0.057942 0.058583 0.059577 0.058748 0.07008 0.058543 0.056723 0.057142 0.05597 0.054406 0.057716 0.0554 0.054351 0.052147 0.054797 0.058642 0.055412 0.059058 0.058089 0.057989 0.129439 0.057982 0.058413 0.051748 0.059315 0.059339 0.05875 0.057757 0.058747 0.058625 0.057813 0.05607 0.056165 0.055773 0.054976 0.05518 0.122611 0.052944 0.05501 0.053938 0.052611 0.057527 0.0589 0.05822 0.059295 0.060425 0.05921 0.059791 0.059922 0.130319 0.059527 0.058639 0.056275 0.057368 0.05593 0.056222 0.055391 0.054428 0.056525 0.05457 0.053851 0.055205 0.055011 0.053391 0.059965 0.067916 0.059413 0.057908 0.058694 0.058618 0.058669 0.058639 0.060409 0.05859 0.058055 0.058187 0.058497 0.056742 0.055783 0.05546 0.053906 0.0565 0.054501 0.055838 0.054398 0.057255 0.052964 0.05864 0.0594 0.059804 0.057955 0.058344 0.05987 0.060142 0.057793 0.058635 0.05963 0.059249 0.056337 0.059058 0.056573 0.056912 0.056069 0.057507 0.055818 0.054581 0.055133 0.056346 0.05272 0.132075 0.058321 0.059092 0.058331 0.059334 0.05945 0.058262 0.058261 0.05936 0.059422 0.059906 0.057823 0.056893 0.057306 0.056711 0.11933 0.055687 0.05665 0.055882 0.056258 0.057597 0.055362 0.054091 0.058815 0.059711 0.058936 0.05823 0.058964 0.059494 0.057905 0.058434 0.05788 0.059342 0.061038 0.056369 0.056694 0.055579 0.05743 0.056628 0.055881 0.055178 0.055041 0.055938 0.056608 0.056717 0.053727 0.057225 0.05812 0.05981 0.057846 0.057459 0.056982 0.058089 0.058099 0.06022 0.060389 0.054045 0.057694 0.057266 0.054827 0.056495 0.055008 0.054541 0.055012 0.055125 0.0553 0.05376 0.05442 0.059263 0.059628 0.057374 0.059545 0.057005 0.058211 0.057908 0.058193 0.059278 0.058842 0.056689 0.059518 0.058552 0.056388 0.056034 0.056607 0.055435 0.054893 0.054851 0.055243 0.055739 0.056027 0.055998 0.058797 0.05828 0.059145 0.059229 0.058251 0.058626 0.057918 0.057762 0.059053 0.058556 0.05603 0.056176 0.056837 0.055623 0.055201 0.055569 0.056468 0.057117 0.055992 0.055641 0.05495 0.055714 0.054367 0.058438 0.058812 0.052585 0.058476 0.058222 0.058728 0.059407 0.060013 0.057122 0.057049 0.056657 0.057889 0.056701 0.056485 0.056031 0.055397 0.0549 0.055813 0.05675 0.056162 0.054823 0.056421 0.057749 0.058757 0.059292 0.058777 0.05939 0.05855 0.059091 0.059163 0.05813 0.057283 0.057937 0.057705 0.057933 0.058471 0.055092 0.055753 0.056222 0.056276 0.056794 0.054622 0.056092 0.056088 0.055083 0.058984 0.059313 0.059316 0.058346 0.057991 0.058259 0.057548 0.058294 0.044491 0.015486 0.016564 0.012326 0.043585 0.014348 0.013861 0.054795 0.057649 0.044344 0.115519 0.016022 0.043741 0.017706 0.010396 0.044468 0.012772 0.04388 0.01326 0.026483 0.046276 0.047116 0.018319 0.017384 0.017139 0.045482 0.047977 0.018505 0.013227 0.047379 0.044021 0.01614 0.04848 0.058821 0.057676 0.057056 0.052865 0.056403 0.056839 0.056729 0.059762 0.041932 0.057818 0.053783 0.055469 0.055554 0.055931 0.055026 0.053099 0.055295 0.054528 0.055638 0.072679 0.057178 0.055907 0.053683 0.055624 0.054465 0.056673 0.055639 0.052565 0.05721 0.057817 0.057676 0.057979 0.057617 0.058919 0.057833 0.054769 0.059012 0.067412 0.056484 0.057083 0.056202 0.05664 0.057066 0.056826 0.056177 0.056481 0.056112 0.054882 0.05555 0.056142 0.052758 0.052109 0.058114 0.058623 0.063905 0.064912 0.062639 0.064645 0.063876 0.057916 0.06003 0.128359 0.055636 0.056821 0.055412 0.054208 0.054909 0.056811 0.053303 0.05522 0.054735 0.055584 0.057679 0.057334 0.056874 0.056431 0.058344 0.059169 0.056665 0.057805 0.060017 0.057761 0.059794 0.059571 0.060558 0.058964 0.057932 0.057244 0.055584 0.057439 0.056128 0.055898 0.055019 0.056119 0.051343 0.056838 0.058102 0.05905 0.059029 0.058057 0.058023 0.057689 0.057397 0.060183 0.059994 0.057452 0.059183 0.056112 0.057161 0.130508 0.054404 0.053579 0.054782 0.053648 0.054666 0.054044 0.053514 0.055612 0.118971 0.056734 0.056719 0.058969 0.057869 0.057501 0.057131 0.05605 0.058334 0.058836 0.05952 0.057126 0.05748 0.058359 0.057028 0.055916 0.05501 0.055111 0.053526 0.057238 0.056141 0.056204 0.053657 0.059754 0.058708 0.059853 0.05987 0.059385 0.060268 0.057587 0.057801 0.058598 0.05996 0.058444 0.057873 0.059965 0.056739 0.055653 0.055574 0.056207 0.054488 0.055647 0.054628 0.055305 0.057163 0.058054 0.058311 0.060306 0.056466 0.058859 0.058376 0.120859 0.059223 0.059189 0.058911 0.059039 0.058683 0.058182 0.057388 0.05809 0.057166 0.055178 0.054598 0.054595 0.054446 0.054571 0.051859 0.056956 0.057542 0.056892 0.057609 0.05862 0.05866 0.059639 0.059756 0.057168 0.057923 0.059025 0.059241 0.05883 0.058421 0.058961 0.055517 0.054556 0.054822 0.054992 0.055769 0.055416 0.053323 0.051281 0.056926 0.057349 0.056415 0.057252 0.058633 0.057611 0.056775 0.058139 0.054897 0.059502 0.058523 0.059938 0.124357 0.056904 0.056236 0.056768 0.05604 0.056204 0.055885 0.054472 0.055549 0.053624 0.057394 0.056928 0.05923 0.059186 0.060776 0.057071 0.056876 0.058322 0.056714 0.056221 0.056751 0.055578 0.056321 0.059169 0.057586 0.056678 0.054528 0.056649 0.056272 0.057353 0.053831 0.054757 0.054082 0.058299 0.058385 0.058314 0.058281 0.057992 0.059608 0.059904 0.057868 0.05558 0.057186 0.057405 0.05656 0.053959 0.053342 0.056153 0.057414 0.055828 0.053162 0.055509 0.063887 0.051473 0.05151 0.068707 0.055288 0.058687 0.057659 0.057779 0.058816 0.068545 0.055955 0.056421 0.057265 0.055826 0.057128 0.055527 0.054197 0.054524 0.0533 0.054369 0.054105 0.053288 0.054235 0.054039 0.053103 0.060107 0.057538 0.05746 0.056199 
ComActTX=16 16 16 16 16 16 16 16 16 16 16 16 16 16 16 16 16 16 16 16 16 568 568 568 568 568 568 568 568 568 568 568 16 16 16 16 16 16 16 16 16 16 568 568 568 568 568 1100 1100 1100 1100 1100 1100 1100 1100 1100 1100 1100 568 568 568 568 16 16 16 568 568 568 568 568 568 568 568 568 568 568 568 568 568 568 16 16 16 16 16 16 16 16 16 16 16 16 16 16 16 568 568 568 568 568 568 568 568 568 568 568 568 568 568 568 16 16 16 16 16 16 16 16 16 16 16 16 16 16 16 16 16 16 16 16 16 16 16 568 568 568 568 568 568 568 568 568 568 568 568 568 568 568 568 568 568 568 568 568 568 568 568 568 568 568 568 568 568 568 568 568 568 568 568 568 568 568 568 568 568 568 568 568 568 568 1100 1100 1100 568 568 568 568 568 568 568 568 568 568 568 568 568 568 568 568 568 568 568 568 568 568 568 568 568 568 16 16 16 16 16 16 16 16 16 16 16 16 16 16 568 568 568 568 568 568 568 568 568 568 568 16 568 568 568 568 568 568 568 568 568 568 568 568 568 568 568 568 568 568 568 568 568 568 568 568 568 568 568 568 568 568 568 568 568 568 568 568 568 568 568 568 568 568 568 568 568 568 568 568 568 568 568 1100 1100 1100 1100 568 568 568 568 568 568 568 568 568 568 568 568 568 568 568 568 1100 1100 1100 1100 1100 1100 1100 1100 1100 1100 1100 1100 1100 1100 1100 1100 1100 1100 1100 1100 1100 1100 1100 1100 568 568 568 568 568 568 1100 1100 568 568 568 568 568 568 568 568 1100 1100 1100 1100 1100 1100 1100 1100 1100 1100 1100 1100 1100 1100 1100 1100 1100 1100 1100 1100 1100 1100 1100 1100 1100 1100 1100 1100 1100 1100 1100 1100 1100 1100 1100 1100 1100 568 568 16 16 16 16 16 16 16 568 568 568 568 568 568 568 568 568 568 568 568 568 568 568 568 568 568 568 568 568 568 568 568 568 568 568 568 568 568 568 568 568 16 16 16 16 16 16 16 16 16 16 16 16 16 16 16 16 16 16 16 16 16 568 568 568 568 568 568 568 568 568 568 568 568 568 568 568 568 568 568 16 16 16 16 16 16 16 16 16 16 16 16 16 16 16 16 568 568 568 568 568 568 568 568 568 568 568 568 568 568 568 568 568 568 568 568 568 568 568 568 568 568 568 568 568 568 568 568 568 568 568 568 568 568 568 568 16 16 16 16 16 16 16 16 16 16 16 16 16 16 16 16 16 16 16 568 568 568 568 568 568 568 568 568 568 16 16 16 16 16 16 16 16 16 16 568 568 568 568 568 568 568 568 568 568 16 16 16 16 16 16 16 16 16 16 16 16 16 16 16 16 16 16 16 16 16 16 16 16 16 16 16 16 16 16 16 16 16 16 16 16 16 16 16 16 16 16 16 16 16 16 16 16 16 16 16 16 16 16 16 16 16 16 16 16 16 16 16 16 16 16 16 16 16 16 16 16 16 16 16 16 16 16 16 16 16 16 16 16 16 16 16 16 16 16 16 16 16 16 16 16 16 16 16 16 16 16 16 16 16 16 16 16 16 16 16 16 16 16 16 16 16 16 16 16 16 16 16 16 16 16 16 16 16 16 16 16 16 16 16 16 16 16 16 568 568 568 568 568 568 568 568 568 568 568 568 568 568 568 568 16 16 16 16 16 16 16 16 16 16 16 16 16 16 16 16 16 16 16 16 16 16 16 16 16 16 16 16 16 16 16 16 16 16 16 16 16 16 16 16 16 16 16 16 16 16 16 16 16 16 16 16 16 16 16 16 16 16 16 16 16 16 16 16 16 16 16 16 16 16 16 16 16 16 16 16 16 16 568 1100 1100 1100 1100 1100 1100 1100 1100 1100 1100 1100 1100 1100 1100 1100 1100 1100 1100 568 568 568 568 568 568 568 568 568 568 16 16 16 16 16 16 16 16 16 16 568 568 568 568 568 568 568 568 568 568 568 568 568 568 568 568 568 568 568 568 568 568 568 568 568 568 568 568 568 568 568 568 568 568 568 568 568 568 568 568 568 568 568 568 568 568 568 568 568 568 568 568 568 568 568 568 568 568 1100 1100 1100 1100 1100 1100 1100 1100 1100 1100 1100 1100 1100 568 568 568 568 568 568 568 568 568 568 1632 1632 1632 1632 1632 1632 1632 1632 1632 1632 1100 1100 1100 1100 1100 1100 1100 1100 1100 568 568 568 568 568 568 568 568 568 568 568 568 568 568 568 568 568 568 568 568 568 568 568 568 568 568 568 568 568 568 568 568 568 568 568 568 568 568 568 568 568 568 568 568 568 568 568 568 568 16 16 16 16 16 16 16 16 16 16 16 16 16 16 16 16 16 16 16 16 16 16 16 16 16 16 16 16 16 16 568 568 568 568 568 568 568 568 568 568 568 568 568 568 568 568 568 16 16 16 16 16 16 16 16 16 16 16 16 16 16 16 16 16 16 568 568 568 568 568 568 568 568 568 568 568 568 568 568 568 568 1100 1100 1100 1100 1100 1100 1100 1100 1100 1100 1100 568 568 568 568 568 568 568 568 568 568 568 568 568 568 568 568 568 16 16 16 16 16 16 16 16 16 16 16 16 16 16 16 16 16 16 16 16 16 16 16 16 16 16 16 16 16 16 16 16 568 568 568 1100 1100 1100 1100 1100 1100 1100 568 568 568 568 568 568 568 568 568 568 568 568 568 568 568 568 568 568 568 568 568 568 568 568 568 568 568 568 568 568 568 568 568 568 16 16 16 16 16 16 16 16 16 16 16 16 16 568 568 568 568 568 568 568 568 568 568 568 568 568 568 568 568 568 568 568 568 568 16 16 16 568 568 568 568 568 568 568 568 568 568 16 16 16 16 16 16 16 16 16 16 568 568 568 568 568 568 568 568 568 568 568 568 568 568 568 568 568 568 568 568 568 568 568 568 568 568 568 568 568 568 568 568 568 568 568 568 568 568 568 568 568 568 568 568 568 568 16 16 16 16 16 16 16 16 16 16 568 568 568 568 568 568 568 568 568 568 568 568 568 568 568 568 568 568 568 568 568 568 16 16 16 16 16 16 16 568 568 568 568 568 568 568 568 568 568 568 568 568 568 568 568 568 568 568 568 568 568 568 568 568 568 1100 1100 1100 1100 1100 1100 1100 1100 1100 568 568 568 568 568 568 568 568 568 568 568 568 568 16 16 16 16 16 16 16 16 16 16 16 16 16 568 568 568 568 568 568 568 568 568 1100 1100 1100 1100 1100 1100 1100 1100 1100 1100 1100 1100 1100 1100 1100 1100 1100 1100 1100 1100 1100 568 16 16 16 16 16 16 16 16 16 16 16 16 568 568 568 568 568 568 568 568 568 568 568 568 568 568 568 568 568 568 568 568 568 568 568 568 568 568 568 568 568 568 568 568 1100 1100 1100 1100 1100 1100 1100 1100 1100 1100 568 568 568 568 568 568 568 16 16 16 16 16 16 16 16 16 16 16 16 16 16 16 16 16 16 16 16 16 16 16 16 16 16 16 16 568 568 568 568 568 568 568 568 568 568 568 568 568 568 568 568 568 568 568 568 568 568 568 1100 1100 1100 1100 1100 1100 1100 1100 1100 1100 568 568 568 568 568 568 568 568 568 568 568 568 568 568 568 568 568 568 568 16 16 16 16 16 16 16 16 16 16 16 16 16 16 16 16 16 16 16 16 16 16 16 16 16 16 16 16 16 16 16 16 16 16 16 16 16 568 568 568 568 568 568 568 568 568 568 568 568 568 568 568 568 568 568 568 568 568 568 568 16 16 16 16 16 16 16 16 16 16 16 16 16 16 16 16 16 16 16 16 16 16 16 16 16 16 16 16 16 16 16 16 16 16 16 16 16 16 16 16 16 16 16 16 16 16 16 16 16 16 16 16 16 16 16 16 16 16 16 16 16 16 16 16 16 16 16 16 16 16 16 16 16 16 16 16 16 16 16 16 16 16 16 16 16 16 16 16 16 16 16 16 16 16 16 16 16 16 16 16 16 16 16 16 16 16 16 16 16 16 16 16 16 16 16 16 16 16 16 16 16 16 16 16 16 16 16 16 16 16 16 16 16 16 16 16 16 16 16 16 16 16 16 16 16 16 568 568 568 568 568 568 568 568 568 568 568 568 568 568 568 568 568 568 568 568 16 16 16 16 16 16 16 16 16 16 16 16 16 16 16 16 16 16 16 16 16 16 16 16 16 16 16 16 16 16 16 16 16 16 16 16 568 568 568 568 568 568 568 568 568 568 1100 568 568 568 568 568 568 568 568 568 568 568 568 568 568 568 568 16 16 16 16 16 16 16 16 16 16 16 16 16 16 16 16 16 16 16 16 16 16 16 16 16 16 16 16 16 16 16 16 16 16 16 16 16 16 16 16 16 16 16 16 16 16 16 16 568 568 568 568 568 568 568 568 568 568 568 568 568 568 568 568 568 568 568 568 568 568 568 568 568 568 568 16 16 16 16 16 16 16 16 16 16 16 16 16 16 16 16 16 16 16 16 16 16 16 16 16 16 16 16 16 16 16 16 16 16 16 16 16 16 16 16 16 16 16 16 16 16 16 16 16 16 568 568 568 568 568 568 568 568 568 568 568 568 568 568 16 16 16 16 16 16 16 16 16 16 16 16 16 16 16 16 16 16 16 16 16 16 16 16 16 16 16 16 16 16 16 16 16 16 16 16 16 16 16 16 16 16 16 16 16 16 16 16 16 16 16 16 16 16 568 568 568 568 1100 1100 1100 1100 1100 1100 1100 1100 1100 1100 1100 1100 1100 1100 1100 1100 1100 1100 1100 1100 1100 1100 1100 568 568 568 568 568 568 568 568 568 568 568 568 568 568 568 1100 1100 1100 1100 1100 1100 1100 1100 1100 1100 1100 1100 1100 1100 1100 1100 1100 1100 1100 1100 1100 568 568 16 16 16 16 16 16 16 16 16 16 16 16 16 16 16 16 16 16 16 16 16 16 16 16 16 568 568 568 568 568 568 568 568 568 568 568 568 16 16 568 568 568 568 568 568 568 568 568 568 568 568 16 16 16 16 16 16 16 16 16 16 16 16 16 16 16 16 16 16 16 16 16 16 16 568 568 568 568 568 568 568 568 568 568 1100 1100 1100 1100 1100 1100 1100 1100 1100 1100 1100 568 568 1100 1100 1100 1100 1100 1100 1100 1100 1100 1100 1100 1100 1100 1100 1100 1100 1100 1100 568 568 568 568 568 568 568 568 568 568 568 1100 1100 1100 1100 1100 1100 568 568 568 1100 1100 1100 1632 1632 1632 1632 1100 1100 1100 1100 1100 1100 1100 1100 1100 1100 1100 1100 1100 1100 1100 1100 1100 1100 1100 568 568 568 568 568 568 568 568 568 568 568 568 568 568 568 568 568 568 568 568 568 568 568 568 568 568 1100 1100 1100 1100 1100 1100 1100 1100 1100 1100 1100 1100 1100 1100 1100 1100 1100 1100 1632 1632 1632 1632 1632 1100 1100 1100 1100 1100 568 568 568 568 568 568 568 568 568 568 568 568 568 568 568 568 568 568 568 568 568 568 568 568 568 568 568 568 568 568 568 568 568 568 568 568 568 568 568 568 568 568 568 568 16 16 16 16 16 16 16 16 16 16 16 16 16 16 16 16 16 16 16 16 16 16 16 16 16 16 16 16 16 1100 1100 1100 1100 1100 1100 1100 1100 1100 1100 568 568 568 568 16 16 16 16 16 16 16 16 16 16 16 16 16 16 16 16 16 16 16 16 16 16 16 16 16 16 16 16 16 16 16 16 16 16 16 16 16 16 16 16 16 16 16 16 16 16 16 16 16 16 16 16 16 16 16 16 16 16 16 16 16 16 16 16 16 16 568 568 568 568 568 568 568 568 568 568 568 568 568 568 568 568 16 16 16 16 16 16 16 16 16 16 16 16 16 16 16 16 16 16 16 16 16 16 16 16 16 16 16 16 16 16 16 16 16 16 16 16 16 16 16 16 16 16 16 16 16 16 16 16 16 16 16 16 16 16 16 16 16 16 16 16 16 16 16 16 16 16 16 16 
ComActRX=0 0 0 0 0 0 0 0 0 0 0 0 0 0 0 0 0 0 0 0 0 0 0 0 0 0 0 0 0 0 0 0 0 0 0 0 0 0 0 0 0 0 0 0 0 0 0 0 0 0 0 0 0 0 0 0 0 0 0 0 0 0 0 0 0 0 0 0 0 0 0 0 0 0 0 0 0 0 0 0 0 0 0 0 0 0 0 0 0 0 0 0 0 0 0 0 0 0 0 0 0 0 0 0 0 0 0 0 0 0 0 0 0 0 0 0 0 0 0 0 0 0 0 0 0 0 0 0 0 0 0 0 0 0 0 0 0 0 0 0 0 0 0 0 0 0 0 0 0 0 0 0 0 0 0 0 0 0 0 0 0 0 0 0 0 0 0 0 0 0 0 0 0 0 0 0 0 0 0 0 0 0 0 0 0 0 0 0 0 0 0 0 0 0 0 0 0 0 0 0 0 0 0 0 0 0 0 0 0 0 0 0 0 0 0 0 0 0 0 0 0 0 0 0 0 0 0 0 0 0 0 0 0 0 0 0 0 0 0 0 0 0 0 0 0 0 0 0 0 0 0 0 0 0 0 0 0 0 0 0 0 0 0 0 0 0 0 0 0 0 0 0 0 0 0 0 0 0 0 0 0 0 0 0 0 0 0 0 0 0 0 0 0 0 0 0 0 0 0 0 0 0 0 0 0 0 0 0 0 0 0 0 0 0 0 0 0 0 0 0 0 0 0 0 0 0 0 0 0 0 0 0 0 0 0 0 0 0 0 0 0 0 0 0 0 0 0 0 0 0 0 0 0 0 0 0 0 0 0 0 0 0 0 0 0 0 0 0 0 0 0 0 0 0 0 0 0 0 0 0 0 0 0 0 0 0 0 0 0 0 0 0 0 0 0 0 0 0 0 0 0 0 0 0 0 0 0 0 0 0 0 0 0 0 0 0 0 0 0 0 0 0 0 0 0 0 0 0 0 0 0 0 0 0 0 0 0 0 0 0 0 0 0 0 0 0 0 0 0 0 0 0 0 0 0 0 0 0 0 0 0 0 0 0 0 0 0 0 0 0 0 0 0 0 0 0 0 0 0 0 0 0 0 0 0 0 0 0 0 0 0 0 0 0 0 0 0 0 0 0 0 0 0 0 0 0 0 0 0 0 0 0 0 0 0 0 0 0 0 0 0 0 0 0 0 0 0 0 0 0 0 0 0 0 0 0 0 0 0 0 0 0 0 0 0 0 0 0 0 0 0 0 0 0 0 0 0 0 0 0 0 0 0 0 0 0 0 0 0 0 0 0 0 0 0 0 0 0 0 0 0 0 0 0 0 0 0 0 0 0 0 0 0 0 0 0 0 0 0 0 0 0 0 0 0 0 0 0 0 0 0 0 0 0 0 0 0 0 0 0 0 0 0 0 0 0 0 0 0 0 0 0 0 0 0 0 0 0 0 0 0 0 0 0 0 0 0 0 0 0 0 0 0 0 0 0 0 0 0 0 0 0 0 0 0 0 0 0 0 0 0 0 0 0 0 0 0 0 0 0 0 0 0 0 0 0 0 0 0 0 0 0 0 0 0 0 0 0 0 0 0 0 0 0 0 0 0 0 0 0 0 0 0 0 0 0 0 0 0 0 0 0 0 0 0 0 0 0 0 0 0 0 0 0 0 0 0 0 0 0 0 0 0 0 0 0 0 0 0 0 0 0 0 0 0 0 0 0 0 0 0 0 0 0 0 0 0 0 0 0 0 0 0 0 0 0 0 0 0 0 0 0 0 0 0 0 0 0 0 0 0 0 0 0 0 0 0 0 0 0 0 0 0 0 0 0 0 0 0 0 0 0 0 0 0 0 0 0 0 0 0 0 0 0 0 0 0 0 0 0 0 0 0 0 0 0 0 0 0 0 0 0 0 0 0 0 0 0 0 0 0 0 0 0 0 0 0 0 0 0 0 0 0 0 0 0 0 0 0 0 0 0 0 0 0 0 0 0 0 0 0 0 0 0 0 0 0 0 0 0 0 0 0 0 0 0 0 0 0 0 0 0 0 0 0 0 0 0 0 0 0 0 0 0 0 0 0 0 0 0 0 0 0 0 0 0 0 0 0 0 0 0 0 0 0 0 0 0 0 0 0 0 0 0 0 0 0 0 0 0 0 0 0 0 0 0 0 0 0 0 0 0 0 0 0 0 0 0 0 0 0 0 0 0 0 0 0 0 0 0 0 0 0 0 0 0 0 0 0 0 0 0 0 0 0 0 0 0 0 0 0 0 0 0 0 0 0 0 0 0 0 0 0 0 0 0 0 0 0 0 0 0 0 0 0 0 0 0 0 0 0 0 0 0 0 0 0 0 0 0 0 0 0 0 0 0 0 0 0 0 0 0 0 0 0 0 0 0 0 0 0 0 0 0 0 0 0 0 0 0 0 0 0 0 0 0 0 0 0 0 0 0 0 0 0 0 0 0 0 0 0 0 0 0 0 0 0 0 0 0 0 0 0 0 0 0 0 0 0 0 0 0 0 0 0 0 0 0 0 0 0 0 0 0 0 0 0 0 0 0 0 0 0 0 0 0 0 0 0 0 0 0 0 0 0 0 0 0 0 0 0 0 0 0 0 0 0 0 0 0 0 0 0 0 0 0 0 0 0 0 0 0 0 0 0 0 0 0 0 0 0 0 0 0 0 0 0 0 0 0 0 0 0 0 0 0 0 0 0 0 0 0 0 0 0 0 0 0 0 0 0 0 0 0 0 0 0 0 0 0 0 0 0 0 0 0 0 0 0 0 0 0 0 0 0 0 0 0 0 0 0 0 0 0 0 0 0 0 0 0 0 0 0 0 0 0 0 0 0 0 0 0 0 0 0 0 0 0 0 0 0 0 0 0 0 0 0 0 0 0 0 0 0 0 0 0 0 0 0 0 0 0 0 0 0 0 0 0 0 0 0 0 0 0 0 0 0 0 0 0 0 0 0 0 0 0 0 0 0 0 0 0 0 0 0 0 0 0 0 0 0 0 0 0 0 0 0 0 0 0 0 0 0 0 0 0 0 0 0 0 0 0 0 0 0 0 0 0 0 0 0 0 0 0 0 0 0 0 0 0 0 0 0 0 0 0 0 0 0 0 0 0 0 0 0 0 0 0 0 0 0 0 0 0 0 0 0 0 0 0 0 0 0 0 0 0 0 0 0 0 0 0 0 0 0 0 0 0 0 0 0 0 0 0 0 0 0 0 0 0 0 0 0 0 0 0 0 0 0 0 0 0 0 0 0 0 0 0 0 0 0 0 0 0 0 0 0 0 0 0 0 0 0 0 0 0 0 0 0 0 0 0 0 0 0 0 0 0 0 0 0 0 0 0 0 0 0 0 0 0 0 0 0 0 0 0 0 0 0 0 0 0 0 0 0 0 0 0 0 0 0 0 0 0 0 0 0 0 0 0 0 0 0 0 0 0 0 0 0 0 0 0 0 0 0 0 0 0 0 0 0 0 0 0 0 0 0 0 0 0 0 0 0 0 0 0 0 0 0 0 0 0 0 0 0 0 0 0 0 0 0 0 0 0 0 0 0 0 0 0 0 0 0 0 0 0 0 0 0 0 0 0 0 0 0 0 0 0 0 0 0 0 0 0 0 0 0 0 0 0 0 0 0 0 0 0 0 0 0 0 0 0 0 0 0 0 0 0 0 0 0 0 0 0 0 0 0 0 0 0 0 0 0 0 0 0 0 0 0 0 0 0 0 0 0 0 0 0 0 0 0 0 0 0 0 0 0 0 0 0 0 0 0 0 0 0 0 0 0 0 0 0 0 0 0 0 0 0 0 0 0 0 0 0 0 0 0 0 0 0 0 0 0 0 0 0 0 0 0 0 0 0 0 0 0 0 0 0 0 0 0 0 0 0 0 0 0 0 0 0 0 0 0 0 0 0 0 0 0 0 0 0 0 0 0 0 0 0 0 0 0 0 0 0 0 0 0 0 0 0 0 0 0 0 0 0 0 0 0 0 0 0 0 0 0 0 0 0 0 0 0 0 0 0 0 0 0 0 0 0 0 0 0 0 0 0 0 0 0 0 0 0 0 0 0 0 0 0 0 0 0 0 0 0 0 0 0 0 0 0 0 0 0 0 0 0 0 0 0 0 0 0 0 0 0 0 0 0 0 0 0 0 0 0 0 0 0 0 0 0 0 0 0 0 0 0 0 0 0 0 0 0 0 0 0 0 0 0 0 0 0 0 0 0 0 0 0 0 0 0 0 0 0 0 0 0 0 0 0 0 0 0 0 0 0 0 0 0 0 0 0 0 0 0 0 0 0 0 0 0 0 0 0 0 0 0 0 0 0 0 0 0 0 0 0 0 0 0 0 0 0 0 0 0 0 0 0 0 0 0 0 0 0 0 0 0 0 0 0 0 0 0 0 0 0 0 0 0 0 0 0 0 0 0 0 0 0 0 0 0 0 0 0 0 0 0 0 0 0 0 0 0 0 0 0 0 0 0 0 0 0 0 0 0 0 0 0 0 0 0 0 0 0 0 0 0 0 0 0 0 0 0 0 0 0 0 0 0 0 0 0 0 0 0 0 0 0 0 0 0 0 0 0 0 0 0 0 0 0 0 0 0 0 0 0 0 0 0 0 0 0 0 0 0 0 0 0 0 0 0 0 0 0 0 0 0 0 0 0 0 0 0 0 0 0 0 0 0 0 0 0 0 0 0 0 0 0 0 0 0 0 0 0 0 0 0 0 0 0 0 0 0 0 0 0 0 0 0 0 0 0 0 0 0 0 0 0 0 0 0 0 0 0 0 0 0 0 0 0 0 0 0 0 0 0 0 0 0 0 0 0 0 0 0 0 0 0 0 0 0 0 0 0 0 0 0 0 0 0 0 0 0 0 0 0 0 0 0 0 0 0 0 0 0 0 0 0 0 0 0 0 0 0 0 0 0 0 0 0 0 0 0 0 0 0 0 0 0 0 0 0 0 0 0 0 0 0 0 0 0 0 0 0 0 0 0 0 0 0 0 0 0 0 0 0 0 0 0 0 0 0 0 0 0 0 0 0 0 0 0 0 0 0 0 0 0 0 0 0 0 0 0 0 0 0 0 0 0 0 0 0 0 0 0 0 0 0 0 0 0 0 0 0 0 0 0 0 0 0 0 0 0 0 0 0 0 0 0 0 0 0 0 0 0 0 0 0 0 0 0 0 0 0 0 0 0 0 0 0 0 0 0 0 0 0 0 0 0 0 0 0 0 0 0 0 0 0 0 0 0 0 0 0 0 0 0 0 0 0 0 0 0 0 0 0 0 0 0 0 0 0 0 0 0 0 0 0 0 0 0 0 0 0 0 0 0 0 0 0 0 0 0 0 0 0 0 0 0 0 0 0 0 0 0 0 0 0 0 0 0 0 0 0 0 0 0 0 0 0 0 0 0 0 0 0 0 0 0 0 0 0 0 0 0 0 0 0 0 0 0 0 0 0 0 0 0 0 0 0 0 0 0 0 0 0 0 0 0 0 0 0 0 0 0 0 0 0 0 0 0 0 0 0 0 0 0 0 0 0 0 0 0 0 0 0 0 0 0 0 0 0 0 0 0 0 0 0 0 0 0 0 0 0 0 0 0 0 0 0 0 0 0 0 0 0 0 0 0 0 0 0 0 0 0 0 0 0 0 0 0 0 0 0 0 0 0 0 0 0 0 0 0 0 0 0 0 0 0 0 0 0 0 0 0 0 0 0 0 0 0 0 0 0 0 0 0 0 0 0 
