RUN=0
name=appvideo
width=640
height=480
fps=5
realfps=22.21
freq=2.4
wifi=ra0
MaxBitrate=8192
iniTX=bytes:4182073
endTX=bytes:5595021
iniRX=bytes:1982051
endRX=bytes:3102121
frames=2551
reads=100
time=5
samples=1e+02
start_time=691.047
end_time=1202.06
energy=73151000 73151000 73151000 73097000 73097000 73097000 73097000 73032000 73032000 73032000 72978000 72978000 72978000 72913000 72913000 72913000 72913000 72859000 72859000 72859000 72816000 72816000 72816000 72751000 72751000 72751000 72686000 72686000 72686000 72686000 72632000 72632000 72632000 72567000 72567000 72567000 72513000 72513000 72513000 72448000 72448000 72448000 72448000 72394000 72394000 72394000 72329000 72329000 72329000 72275000 72275000 72275000 72210000 72210000 72210000 72210000 72167000 72167000 72167000 72102000 72102000 72102000 72048000 72048000 72048000 71983000 71983000 71983000 71983000 71908000 71908000 71908000 71854000 71854000 71854000 71789000 71789000 71789000 71789000 71735000 71735000 71735000 71670000 71670000 71670000 71616000 71616000 71616000 71551000 71551000 71551000 71551000 71497000 71497000 71497000 71443000 71443000 71443000 71389000 71389000 
power=12139000 12139000 12139000 13512000 13512000 13512000 13512000 13717000 13717000 13717000 13825000 13825000 13825000 14258000 14258000 14258000 14258000 14377000 14377000 14377000 14377000 14377000 14377000 14409000 14409000 14409000 14766000 14766000 14766000 14766000 14442000 14442000 14442000 14301000 14301000 14301000 14377000 14377000 14377000 14323000 14323000 14323000 14323000 14236000 14236000 14236000 14204000 14204000 14204000 14409000 14409000 14409000 14496000 14496000 14496000 14496000 14323000 14323000 14323000 14258000 14258000 14258000 14204000 14204000 14204000 14615000 14615000 14615000 14615000 16474000 16474000 16474000 15544000 15544000 15544000 15134000 15134000 15134000 15134000 14961000 14961000 14961000 14323000 14323000 14323000 14236000 14236000 14236000 14182000 14182000 14182000 14182000 14150000 14150000 14150000 14150000 14150000 14150000 14377000 14377000 
voltage=10810000 10810000 10810000 10810000 10810000 10810000 10810000 10810000 10810000 10810000 10810000 10810000 10810000 10810000 10810000 10810000 10810000 10810000 10810000 10810000 10810000 10810000 10810000 10810000 10810000 10810000 10810000 10810000 10810000 10810000 10810000 10810000 10810000 10810000 10810000 10810000 10810000 10810000 10810000 10810000 10810000 10810000 10810000 10810000 10810000 10810000 10810000 10810000 10810000 10810000 10810000 10810000 10810000 10810000 10810000 10810000 10810000 10810000 10810000 10810000 10810000 10810000 10810000 10810000 10810000 10810000 10810000 10810000 10810000 10810000 10810000 10810000 10810000 10810000 10810000 10810000 10810000 10810000 10810000 10810000 10810000 10810000 10810000 10810000 10810000 10810000 10810000 10810000 10810000 10810000 10810000 10810000 10810000 10810000 10810000 10810000 10810000 10810000 10810000 10810000 
tSenAct=3.936499 3.485735 3.593061 3.580639 3.73433 3.731809 3.772496 3.744101 3.733337 3.643984 4.250598 3.731951 3.902255 4.017875 3.779158 3.711949 3.61167 3.799447 3.709942 3.64271 3.781971 3.740699 3.646006 3.708905 3.716398 3.791639 3.675875 3.660356 3.713681 3.696946 3.749018 3.767318 3.807891 3.885038 3.732645 3.714103 3.729624 3.72081 3.637912 3.640569 3.576946 3.663572 3.734573 3.741373 3.78454 3.72797 4.128892 3.806484 3.671805 3.77194 4.068057 3.747636 3.708459 8.843915 3.814684 3.989336 3.776131 3.712128 3.75823 6.908417 3.781281 3.841092 3.730737 3.721641 4.076666 3.824557 3.831734 3.82578 3.764401 3.840671 3.667335 3.766981 3.97184 3.925496 3.822544 4.021611 3.816039 3.827205 4.060717 3.803904 3.981192 3.804017 3.845923 3.953495 6.290332 3.83919 3.848764 3.686642 3.783962 3.713107 3.79677 3.777988 3.757679 3.918363 3.763082 3.731838 3.739639 3.736072 3.747744 3.773302 3.929528 3.957302 3.765909 4.091439 3.868483 3.749749 3.945481 3.733203 3.659996 6.087083 3.745773 3.756816 3.757339 3.735234 3.755664 3.773781 3.759367 3.716558 3.751608 3.639833 3.647604 4.374544 3.609292 3.772681 3.775858 3.992801 3.917362 3.664634 3.753946 3.750553 3.675112 3.68139 3.690344 3.669352 3.696091 3.68959 3.748689 3.682814 3.750772 3.683533 3.70439 3.628478 3.696465 3.675511 3.682922 3.680542 3.668626 3.669344 3.686894 4.030437 3.859062 3.751515 3.665526 3.667875 3.664662 3.627543 3.64162 3.689157 3.671846 3.762708 3.660869 3.71139 3.707325 3.715514 3.885436 3.6987 3.705748 3.693063 3.703816 3.687072 3.706296 3.680357 6.776115 3.630899 3.638035 3.888023 3.809758 3.714907 3.715919 3.621001 3.723518 3.856381 3.714337 3.728086 3.691181 3.738987 3.7337 3.708223 3.847614 3.703797 3.717371 3.678011 3.609953 3.678342 3.672436 3.685883 3.684945 3.750015 3.695332 3.687591 3.845984 3.683309 3.690961 3.676211 3.682902 3.684721 3.698204 3.696613 3.69957 3.734685 3.703633 3.70686 3.581739 3.687702 3.921064 3.732925 3.736197 3.751891 3.792681 3.941015 3.805698 3.812127 3.865682 3.760181 3.751887 3.977615 3.756667 3.749271 3.66103 3.647402 3.650911 3.577917 3.665634 3.661341 3.666931 3.669294 3.64758 3.650757 3.656508 3.649483 3.642517 3.608605 3.831652 3.636114 3.584286 3.793544 3.668532 3.665827 3.663205 3.644542 3.894041 3.523611 3.545868 3.697414 3.68207 3.72965 3.721159 3.768624 3.67616 3.672021 3.749399 3.714375 3.703048 3.742705 3.875087 3.904273 3.754796 3.727141 3.644497 3.685015 3.758905 3.676251 3.67464 4.26199 3.809341 3.866564 3.779616 3.75458 3.71397 3.768224 3.865614 3.696692 3.642866 3.883026 4.721174 3.699477 3.722153 3.715558 3.755903 3.805312 3.793917 3.779308 3.827577 3.819883 3.816085 3.807626 3.711641 3.795104 3.756301 3.789869 3.986775 3.775723 3.711522 3.799526 3.71712 3.787168 3.825283 3.811224 3.855991 4.68317 3.79369 3.826517 3.913631 3.638092 3.814858 3.769927 3.773686 3.774112 3.773214 3.767367 3.703266 3.870816 3.704892 3.691857 3.70016 3.840554 3.689735 3.680621 3.678005 3.687298 3.660604 3.666161 3.896831 3.744986 3.721799 3.872635 3.754578 3.764653 3.706084 3.838782 3.73417 3.848625 3.765903 3.772223 3.882752 3.782207 3.865912 3.742959 3.959636 3.698743 3.927172 3.874072 3.646275 3.730715 3.710601 3.839416 3.992192 3.861732 4.042212 3.842374 3.855597 3.839046 3.798057 3.807429 3.729573 3.601889 3.779524 3.7604 4.112419 3.683813 3.753867 3.863511 3.741793 3.751587 5.641759 3.940283 3.71145 3.715613 3.730408 3.84046 3.745429 3.661655 3.890248 3.66431 4.099727 3.787412 3.762314 3.764731 3.787 3.737508 3.754256 3.672999 3.715597 3.708897 3.72873 3.694455 3.775861 3.72601 3.700976 3.79051 4.011881 3.94507 3.789815 3.772915 3.692894 3.99484 3.786747 3.770822 3.786449 3.746799 3.746815 3.746084 3.754518 3.728198 3.746444 3.749302 3.603499 3.697316 3.805845 3.749338 3.809407 3.797017 3.684868 3.681158 3.921263 3.751424 3.710824 3.823778 3.908028 3.78521 3.852588 3.780038 3.804903 3.8466 3.695018 3.681506 3.713147 3.995625 3.8639 3.869798 3.744331 3.775215 3.740211 3.828471 3.64477 3.654175 3.879223 3.863442 3.866094 3.823735 3.991726 4.034454 3.765224 3.864548 3.70802 3.79234 3.678445 3.752115 3.705168 3.72745 3.709539 3.677631 3.671839 3.65938 3.802576 3.988377 3.701657 3.711408 3.686101 3.636097 3.98294 3.730902 3.715333 3.797943 3.9841 4.082509 3.759043 3.67974 3.763746 3.723312 3.876595 3.681107 3.966994 3.835259 4.650592 3.855713 3.863971 3.89471 3.689069 3.901379 3.703219 3.767004 3.747568 3.883693 3.747904 3.827806 3.816935 4.033156 4.083962 4.073078 4.207553 3.788653 3.83218 3.791727 3.868701 3.777603 3.923082 3.803194 3.802519 4.703572 3.778432 3.756211 3.747843 3.708098 3.680211 3.674227 3.932438 3.92388 3.74623 3.703122 3.921435 4.209734 3.895413 3.643893 3.626774 5.579836 3.570928 3.651743 3.751099 3.641017 3.646913 3.658726 3.653592 3.677328 3.717633 3.713112 3.657584 3.657897 3.586053 3.741055 3.720324 3.736306 3.709854 3.635601 3.883187 3.671051 3.67626 3.659506 3.836069 3.654924 3.793622 3.649974 3.676126 3.825846 3.706289 3.684525 3.787769 3.696419 3.826482 3.715706 3.704866 3.715237 3.70157 3.761654 3.762773 3.944167 3.662843 3.835912 3.76025 3.619952 3.628405 3.729274 3.721451 3.729268 3.733703 4.017575 6.716139 3.646754 3.887848 3.664749 3.645564 3.724451 3.670273 5.005312 3.73668 3.768862 3.657115 3.714314 3.71443 3.629777 3.795069 3.816861 3.786024 3.808693 3.837994 3.84361 3.888236 3.849289 3.842905 4.075406 4.010505 3.875115 3.910403 3.870114 3.871073 3.80722 3.799624 3.74855 4.970861 3.903054 3.844981 3.851005 3.846124 3.838504 4.102902 4.054347 4.058229 3.842504 4.038584 4.052581 4.057167 4.039263 4.050612 4.062364 4.087326 4.31885 4.227757 6.558512 4.067504 4.056109 4.07438 4.072109 3.812278 4.09761 3.822371 4.09923 4.081901 3.982296 4.038404 8.990008 4.061898 7.316725 3.796233 5.410418 3.801594 3.80443 3.794879 3.991258 3.947406 3.911588 4.254282 3.806534 3.807427 3.912808 3.810172 3.926806 3.832477 3.739467 3.795846 4.040838 6.276225 3.795617 3.894717 4.042055 3.961866 8.013268 3.933539 3.900739 3.914374 3.900108 5.197615 3.903997 3.887008 4.116139 4.029062 4.190872 4.150917 4.116159 5.190921 4.040583 3.816607 4.124116 3.987643 4.020704 4.004013 3.729304 3.751639 3.980548 3.956577 3.963518 3.776612 3.739848 3.725734 3.724264 3.671339 3.864541 3.759937 3.752133 3.836202 3.788285 3.804012 3.894232 3.935795 3.664853 3.707341 3.644098 3.647133 3.845982 3.636587 3.672056 3.667604 3.75906 3.766779 3.74652 3.665853 3.658355 3.620567 3.680274 3.78423 3.792127 3.608797 3.708408 3.801514 3.789399 3.80702 3.99115 3.764104 3.707885 3.866339 3.870336 3.975124 3.793568 3.795173 4.049768 4.039299 4.034102 3.84803 3.850011 3.842292 3.851941 3.766346 3.833636 3.826034 3.981708 3.970721 3.945419 3.976375 3.958933 3.974013 3.853932 4.145733 3.959463 3.839421 4.143184 3.746162 4.057371 4.037429 3.737012 3.786858 3.946503 3.636953 3.728354 3.778654 3.702986 3.696215 3.6825 3.889304 3.785389 3.666189 3.776273 3.854522 3.59573 3.679628 3.737304 3.877093 3.804326 3.584392 3.723143 3.587272 3.673829 3.625088 3.768531 3.664177 5.401244 3.634874 3.675337 3.737607 3.674198 3.654935 3.977905 3.630048 3.620366 3.688916 3.828474 3.651996 3.908043 3.76918 3.710816 3.724124 3.762703 4.079757 3.782542 3.729128 3.728512 3.730412 3.733608 3.745443 3.743757 5.758372 3.70529 3.714644 3.600589 3.655952 3.697186 3.681575 3.732115 3.679571 3.719914 3.656834 3.697485 3.699989 3.683152 3.604929 3.784693 3.693499 3.895143 3.686908 3.686182 3.747783 4.721749 3.733006 3.692437 3.707407 3.649392 3.671097 3.666909 3.697116 3.649548 3.730396 3.718423 3.756373 3.550826 3.549912 3.610509 3.670148 3.759034 3.938059 3.672439 3.679772 3.691502 3.868196 3.978911 3.784444 3.820828 3.810148 3.788466 3.790779 4.291373 3.760064 3.772992 3.775064 3.717319 4.007987 3.788382 3.828356 4.28516 3.80961 3.791105 3.78411 3.974102 3.848445 3.794162 3.780694 3.754191 3.804116 3.931049 3.800953 3.795244 3.795067 3.78513 4.029133 3.891071 3.88316 3.876694 3.871983 3.845578 3.852864 3.840465 3.737781 3.805043 3.841287 3.681978 3.613294 4.046075 3.829054 3.832072 3.831236 3.826532 4.018955 3.724944 3.945611 3.740053 3.752409 3.72408 4.022302 3.999487 3.990003 4.01657 3.76217 3.871444 3.815284 3.718931 4.055587 3.862703 3.751644 3.759568 3.984764 3.787188 3.805187 3.873288 3.876391 3.849244 3.797809 3.923089 3.883903 4.077741 3.868606 3.86651 3.851146 3.833194 3.848018 3.833805 3.75329 3.783891 3.83621 3.818794 3.789108 3.907735 3.915604 3.990549 3.678373 3.833246 3.775737 3.769466 3.701901 3.774056 3.781179 3.771243 3.895701 3.78013 3.942125 3.588433 3.789178 3.762298 3.67387 3.767088 3.766315 3.765534 3.687237 3.796008 3.770385 3.907645 3.955573 3.860926 3.74183 3.641747 3.729303 3.730626 3.726189 3.765826 3.749908 3.760651 3.750242 3.745357 3.74792 3.984623 3.75742 3.788133 3.679004 3.766589 3.777987 5.461583 3.721827 4.252153 3.967706 4.21295 3.867383 3.869032 3.919092 3.905207 3.888055 3.938983 3.776744 3.861989 3.929013 3.899216 3.802645 3.894211 3.926338 3.947316 4.012002 3.903122 3.908268 3.902085 3.910695 3.793267 3.798184 4.00419 4.9249 3.986199 4.055556 3.841738 3.812136 3.818244 3.915706 9.963212 3.748803 3.774352 4.239816 3.889623 4.161094 3.96376 3.906342 3.927182 3.857372 3.928464 3.826751 3.834897 3.773386 3.813339 3.859551 3.829007 5.798131 3.660636 3.82153 3.796202 3.805963 3.817968 3.947748 3.806361 3.770354 3.772954 3.830357 3.787543 3.778135 3.841761 3.825965 3.835657 3.817969 3.827686 3.835246 3.839242 3.844095 3.823324 3.758879 4.007608 3.807551 3.850517 3.842202 3.836302 3.835951 3.842517 3.84474 3.847103 3.849813 3.938158 3.827623 3.751843 3.833611 3.832992 3.929226 3.846318 3.804943 3.838473 3.807274 4.146472 3.843878 3.816694 3.833759 3.835843 3.951803 3.844801 3.845098 3.910878 3.816225 3.70505 3.667185 3.795141 3.721683 3.710101 3.824376 3.831539 3.816261 3.825255 3.716794 3.769284 3.782978 3.783214 3.797472 3.858453 4.091648 3.780365 3.990578 3.76704 3.794205 3.713334 3.771489 3.779652 3.768149 3.724058 3.716035 3.814713 3.715224 3.784738 3.849008 3.811086 3.818279 3.816327 3.732262 3.823033 3.824571 3.711513 3.70643 3.904448 3.717863 4.01438 3.834772 3.695784 3.694312 3.680103 3.666614 3.873398 3.66368 3.672802 5.918475 3.729608 3.675155 3.592017 3.686427 3.686307 3.685285 3.667082 3.75962 3.755154 3.75421 3.703286 3.732273 3.694897 3.892398 3.615139 3.658354 3.776698 3.797438 3.778274 3.765712 3.751091 3.67162 3.770969 3.758227 3.784202 3.738372 3.733689 3.770126 3.801236 3.790016 3.790187 3.689339 3.670205 3.746568 3.754602 3.689804 3.979271 3.816194 4.086882 3.785546 3.957404 3.696627 3.682292 3.674727 3.704907 3.694469 3.698181 3.720815 3.709488 3.71282 3.716276 3.70674 3.699582 3.611879 3.701934 3.701096 3.683591 3.702519 3.751276 3.862426 3.685711 3.679053 3.679815 3.628262 3.695781 3.6866 3.684628 3.798292 3.709879 3.680706 3.610897 3.698335 3.694852 3.696477 3.696011 3.694484 3.692877 3.740587 3.697419 3.688901 3.686361 3.686572 3.982405 3.603651 3.683737 3.685117 3.68318 3.659546 3.660462 3.674068 3.685907 3.672314 3.782105 3.66624 3.673287 3.67493 3.65202 3.821574 3.844531 3.777575 4.667902 3.760009 3.719017 3.79241 3.795808 3.773411 3.898888 3.788289 3.815444 3.798357 3.88025 3.799616 3.785905 3.82307 3.819717 3.828164 3.803328 3.782444 3.891844 6.488095 3.701948 3.802207 3.789713 3.829905 3.811382 3.804613 3.791283 3.783554 5.071492 3.807642 3.699357 3.591294 3.72187 8.536593 3.810332 4.143025 3.66823 3.686022 3.650924 3.663625 3.834129 3.698405 3.701643 3.736795 3.718648 3.747697 3.709766 4.25325 4.218814 3.646547 3.715449 3.700176 3.708267 3.970268 3.890456 3.705834 3.693849 3.773387 3.693991 3.763652 3.75275 3.754879 3.68502 3.753143 3.763236 3.833401 4.127124 3.715827 3.860332 3.801596 3.799794 3.782645 4.152874 3.817794 3.897 3.805981 3.914783 3.73802 3.731542 3.674394 3.770495 3.782178 3.77751 3.944368 3.775765 3.815414 4.063406 3.806571 3.749102 3.851358 3.991566 3.791537 3.819494 3.776528 3.764295 3.774674 3.833112 3.849932 4.537924 3.793571 3.865522 3.999397 3.848429 3.86017 4.093475 3.779073 3.767705 3.761685 3.799049 3.801333 3.787683 3.746799 3.802265 3.828154 3.787906 3.97662 3.859735 3.774361 3.873569 3.912281 3.785335 3.982848 3.92006 4.51642 3.878983 3.797868 3.938796 3.928252 3.961777 3.9295 3.950474 3.94689 3.947252 3.954306 4.31536 3.913138 3.904354 3.828286 3.823677 3.827843 3.843408 3.723547 3.857278 3.818282 4.003695 3.9527 4.335704 3.802077 3.713547 3.893549 3.68839 3.676758 3.752935 3.601514 3.598942 3.645075 3.679189 3.683627 3.820325 3.708095 3.674227 3.867027 3.678419 3.685953 3.749944 3.879214 3.747824 3.94192 3.663983 3.865635 3.646788 3.752876 3.731276 3.730954 3.73022 3.737337 3.779258 3.731077 3.726823 3.718923 3.65592 3.582728 3.630756 3.711602 3.678761 3.668904 3.675358 3.683359 3.680981 3.694786 3.606602 3.871622 3.94183 3.694534 3.68772 3.833825 9.981121 4.758982 3.686807 3.722179 3.688145 3.69026 3.809006 5.544425 3.755591 3.686738 3.657814 3.689197 3.597043 3.597779 3.664809 4.363671 3.69005 3.873826 3.861487 3.807178 3.741295 3.686388 3.583957 3.964295 3.757339 3.798711 4.754284 3.764061 3.77283 3.6575 3.853494 3.751857 3.726327 3.711503 3.702002 3.728229 3.654609 3.677253 3.850005 3.694695 3.764653 3.731176 3.770145 3.774912 3.749349 3.739332 3.703442 3.743652 3.572942 3.631632 3.752603 3.762118 3.673472 3.755802 3.945051 3.737486 3.728501 3.728379 3.922894 3.744846 3.794837 3.709457 3.788152 3.824518 3.746478 3.736097 3.589342 3.648381 4.099575 3.952837 3.696379 3.735944 3.719466 3.66486 3.63939 3.829473 3.752181 3.740651 3.750133 3.730727 3.851713 3.884425 3.713789 3.726373 3.755508 3.733846 3.876763 3.742301 3.762012 3.710864 3.834663 3.710658 3.704014 3.649605 3.630259 3.658789 3.647365 3.661107 3.745689 3.670226 3.779622 3.678293 3.745472 3.66089 3.756629 3.862907 3.752189 3.673558 4.53054 3.794443 3.645799 3.646901 3.662545 3.739249 3.834899 3.678614 3.718759 3.711922 3.735625 3.917785 3.754131 3.733876 3.739721 3.737626 3.746491 3.927279 3.725069 3.719797 3.744483 3.647526 3.896212 3.714379 3.86662 3.745373 3.888323 3.670184 3.671443 3.677575 3.727302 3.685204 3.748342 3.683481 3.735691 3.704745 3.92611 3.888239 4.237384 3.692703 3.67755 3.745372 3.737023 3.734275 3.725925 3.869321 3.925984 3.773468 3.679302 3.78085 3.71443 3.798895 3.763494 4.022054 3.700416 3.795191 3.718088 3.867158 4.038641 3.838113 3.730285 3.931803 3.806156 3.907628 3.85475 3.768002 3.77233 3.831019 3.888605 4.035996 3.866395 3.799552 3.801934 4.056462 3.782703 3.723448 3.841513 4.064711 3.979366 4.201782 3.887402 3.914179 3.888349 3.91258 3.876817 4.062223 4.071028 3.901491 3.962219 3.784587 3.991397 3.802635 4.007907 4.835815 3.819044 3.785473 3.79644 3.973744 3.767156 3.763901 3.953482 3.822611 3.694023 3.678098 3.749899 3.778787 3.980216 3.99277 3.855381 3.981732 3.96016 3.994855 3.894226 4.047745 4.014441 4.131683 3.802307 3.969907 4.772517 4.01595 3.870484 3.840911 5.473242 5.537337 4.181425 3.834506 4.008002 4.005215 3.910067 4.11591 4.071661 3.889651 4.160093 3.81674 3.838577 4.145802 4.127524 3.962341 3.984448 7.050868 4.093461 30.07633 13.573052 3.787873 29.165982 9.054843 3.839495 16.031906 4.697906 16.138035 16.10031 11.580537 7.984099 9.083247 3.781056 4.063852 3.789672 4.252431 12.247861 9.34352 3.921327 4.112377 18.778099 3.782916 4.122712 3.98581 3.878389 12.005764 15.101859 3.91724 3.667494 4.34899 4.106169 3.856987 4.244974 6.563452 3.993063 3.746433 15.965805 14.154077 4.256197 3.999641 3.810278 3.745596 3.733327 3.763082 3.775542 3.764773 3.75828 3.787213 3.757057 3.684597 3.673039 13.370399 3.725135 3.832993 3.93631 3.843544 4.108626 3.840845 3.899736 3.676746 7.147716 3.998176 3.556899 3.745201 12.498897 3.741338 3.715214 3.708041 3.967643 3.788263 4.082281 4.183292 3.905286 4.06438 3.921451 15.824187 4.042645 4.06321 3.812006 3.783582 3.781671 3.621348 3.690406 3.703519 3.868962 3.808303 3.794436 3.802582 3.837135 3.803698 3.819472 3.790451 3.729697 3.951839 3.812108 3.805995 3.816129 3.808872 3.813648 3.97647 3.781944 3.81646 3.832627 3.741972 3.72857 3.750569 3.731426 3.721498 3.936582 3.718348 3.72497 5.903045 3.736652 3.741792 4.237368 3.736891 3.650425 3.715083 3.721912 3.755421 3.78675 3.719204 4.152144 3.756443 3.729054 3.731416 3.741307 3.799779 3.746458 3.752864 3.744962 3.72859 3.695346 3.699306 3.78195 3.781039 3.728732 3.73802 3.739328 3.732502 3.821253 3.825255 3.81733 3.732579 3.927315 3.736901 3.725981 3.914904 3.825111 3.8298 3.815079 3.825283 3.758051 3.749182 3.738317 3.777231 3.943422 3.741461 5.147066 3.762004 9.176779 3.675074 3.752689 4.038003 3.720011 4.474507 3.760357 7.593187 3.87622 3.776126 3.719277 5.454911 3.935963 3.959114 3.761656 3.764014 7.064844 3.73665 3.715292 3.698517 3.700944 5.741224 3.726222 3.717358 3.715151 3.718103 3.697412 3.716 3.805398 3.710019 3.95388 3.72669 3.732507 3.804466 3.809852 3.830214 3.830778 4.252351 3.839934 3.83607 3.84075 3.96239 3.841976 3.836216 3.767881 3.847704 4.02101 3.875101 3.887274 3.863647 4.081695 3.770242 3.758508 3.762964 5.265548 3.736993 3.914948 3.735074 3.749055 3.828829 3.744461 3.663015 3.903064 3.807929 3.827175 3.830955 3.812 3.807456 3.795728 3.782335 3.69193 3.736709 3.712197 3.797031 3.722296 3.908332 3.72263 3.721487 3.803607 3.773514 3.763475 3.738839 3.739073 3.790506 3.739108 3.754752 3.624427 3.85934 3.774745 3.65326 6.278656 3.836512 3.762117 3.819175 3.886507 3.854322 3.836862 3.721197 3.95673 3.773792 3.799102 3.845628 3.853957 3.847221 3.848761 3.8714 3.812019 3.832411 3.755429 3.869724 3.813387 3.877275 3.999723 3.854661 3.859364 6.125022 3.794733 3.7484 3.744609 3.769317 3.862824 4.041122 3.656282 3.733127 3.784496 3.775326 3.987828 3.87014 3.846208 3.776478 3.844814 3.791373 3.983524 3.789875 3.816569 3.804303 3.82767 4.010799 3.869274 3.947038 3.895143 3.941965 4.084139 3.877109 3.911705 3.874463 3.891036 4.011746 3.813488 3.867976 3.824949 3.831165 3.860099 3.857818 3.778387 6.077121 3.777621 3.776972 3.768348 3.782125 3.767989 3.761453 3.923574 3.851939 3.890445 3.713684 3.707539 3.939466 3.70087 3.704742 3.635125 4.167884 4.138321 3.738229 3.714502 3.704172 3.720275 3.716005 3.693589 3.873116 3.808286 3.747693 3.746572 3.773694 3.774526 3.760459 3.764964 3.838169 3.724106 3.729158 3.738256 3.732661 3.708484 3.705304 3.705293 3.63405 3.634291 3.722432 3.690789 3.71954 3.704012 3.836514 3.731647 3.724241 3.737973 3.768676 3.775297 3.738654 3.807193 3.741653 3.93961 3.746473 3.935752 3.789348 3.604491 4.260378 3.839388 3.833174 3.818925 3.837501 3.826489 3.78884 3.783579 3.788448 3.791202 3.785115 3.784215 3.704816 3.695704 3.96759 3.889173 3.719116 4.047475 3.805726 3.962719 3.936899 3.732909 3.944826 3.944765 3.938573 3.703038 3.715498 3.728464 3.694639 3.697965 3.68587 3.695794 3.719923 3.654872 3.673425 3.753809 3.947453 3.960908 3.949446 3.729594 3.724465 4.878313 3.858983 3.769983 3.802277 3.781186 3.720009 3.709532 3.688249 3.700348 3.70031 3.692365 3.615422 3.682829 3.811325 3.804518 3.732673 3.833178 3.735053 3.818875 4.033548 3.811118 4.019812 3.808568 4.019222 4.097975 3.952061 4.381003 3.853586 3.866621 3.953788 3.938828 3.931928 3.933556 3.93657 4.828632 3.772936 3.773309 3.672678 3.983367 3.921817 3.950151 3.953223 3.94374 3.980054 3.934622 3.996669 3.964522 3.969507 3.911532 3.874769 3.678027 6.086195 3.724613 4.023835 3.921716 3.926035 3.882629 3.698577 3.722352 4.70934 3.723913 3.718864 3.74676 3.902117 3.902874 3.93012 3.909836 4.070791 4.06797 3.89536 3.891551 3.872328 3.910181 3.93077 4.145545 4.073103 3.891868 3.674823 3.642174 3.568387 3.537398 3.92965 3.685569 3.918367 3.727617 3.728391 3.728645 3.707447 3.791156 3.780352 3.878768 3.86258 3.715404 3.720173 3.725337 3.601371 3.666406 3.77345 3.700677 3.894474 3.72964 3.708163 3.712201 3.649845 3.69735 3.766247 3.811692 3.821247 3.81106 3.788723 3.681071 3.768744 3.667955 3.691407 3.907499 3.727124 3.840309 3.872164 3.730973 3.903056 3.784906 3.705511 3.637892 3.71007 3.941506 3.767448 3.721301 3.7451 3.720081 3.796406 3.721447 3.696063 3.667641 3.674812 3.856405 3.725935 3.810665 4.173073 3.648144 3.659337 3.64689 3.667041 3.647484 3.707012 3.667128 3.664549 3.681501 3.675509 3.564348 3.833055 3.755854 3.672272 5.663244 3.672901 3.756957 3.769248 3.658188 3.587706 3.580085 3.663613 3.878994 3.671295 3.658957 3.676221 3.78448 3.799417 3.689907 3.689916 3.685985 3.787618 3.786118 3.776739 3.782924 3.710823 4.117562 3.921358 3.751567 3.764712 3.753303 3.766956 3.837832 3.723018 3.737546 3.632682 3.575392 3.638226 3.73321 3.669653 3.646264 3.921981 3.703637 3.667273 3.685705 3.748508 3.751677 3.669372 3.926291 3.815618 3.741342 3.944054 3.746325 3.753659 3.726428 5.571715 3.834674 3.936126 3.821387 3.712596 3.75166 3.92787 3.92125 3.727156 3.674078 3.715139 3.695752 3.696455 3.743695 3.727557 3.698333 3.691619 3.739959 4.102413 3.732902 3.860704 3.951128 3.845663 3.716996 3.852317 3.87733 3.729059 3.727107 3.768932 3.713875 3.700698 4.188941 3.69706 3.71487 3.568937 3.63848 3.683551 3.688181 3.799869 3.678228 3.671055 3.694792 3.671371 3.676338 3.676356 3.851106 3.843082 3.671833 3.923151 3.681581 3.740348 5.037421 3.707844 3.703095 3.760052 3.702769 4.178371 3.701721 3.686407 3.602005 3.556487 3.634396 3.660294 3.659052 3.667622 3.669066 3.678317 3.669758 3.85709 3.682713 3.898899 3.783167 3.753636 3.751735 3.742703 3.747995 3.74911 3.925552 3.660975 3.666631 3.66599 3.673893 3.990513 3.992297 3.962773 4.318687 3.988511 3.702792 3.748192 3.686714 3.817898 3.728307 3.815865 4.015711 3.835981 3.724036 3.975816 3.920984 4.02326 4.008316 4.004474 3.897583 4.024709 3.997567 3.871471 3.787944 3.999615 3.990136 3.872592 3.966266 3.832574 3.827742 3.834109 3.740836 3.800834 3.777384 4.007579 3.825804 3.749775 3.752599 3.755969 3.968794 3.673946 3.678695 3.829419 3.837786 3.75425 3.824989 3.745325 3.773761 5.684185 3.790849 3.794243 3.795791 3.856963 3.823316 7.29726 3.80094 6.469399 3.777881 3.696953 3.653908 3.722861 6.360192 4.028378 4.483272 4.047533 3.974728 3.785489 7.282117 3.751321 3.84708 4.518127 4.766592 3.884433 5.524494 7.244536 3.832209 5.512183 3.726256 3.86873 7.281143 3.776637 6.018297 3.790616 3.734739 3.944561 3.981868 3.661544 3.838421 3.903633 3.93792 3.745242 3.858593 3.73394 3.749506 3.901995 3.711858 3.909572 3.890472 3.896522 4.213547 3.968679 3.895417 4.007461 3.817399 3.815055 3.745927 3.727879 3.629774 3.696692 3.60927 3.602098 3.602311 3.716999 3.577335 3.860387 3.69502 3.675681 3.816519 3.729822 3.722986 3.746658 3.636513 3.685508 3.686041 4.240773 3.941581 3.711369 3.744407 3.748413 3.661207 3.671575 3.773643 3.718546 3.763908 3.812731 3.827638 3.718997 3.702822 3.716057 3.94905 3.716933 3.869988 3.68168 3.619048 3.621298 3.619554 3.634981 3.657186 3.841885 3.647739 3.688253 3.740094 3.666768 3.666025 3.708398 3.662188 3.681192 3.671679 3.728902 3.75401 3.797627 3.793307 3.887632 3.781884 4.045148 3.77564 3.773509 3.79693 3.815572 
tProAct=39.082509 36.569837 37.328149 36.836752 34.507561 35.876059 34.240691 34.658298 34.208409 38.714827 35.82014 34.442963 34.297963 34.880662 37.716149 41.228249 39.952192 39.521793 39.437561 40.370273 67.28571 41.671529 40.087194 39.453233 38.958235 39.1387 38.618211 38.519146 38.049438 38.171067 38.13953 38.248229 37.565501 37.379997 41.063031 37.417802 37.258069 38.337334 38.150332 37.95728 38.926026 51.573606 41.782912 46.186197 40.241161 40.878662 52.829734 40.239815 45.536179 44.08841 46.695349 58.991984 43.516562 44.100857 59.691785 46.006542 59.773085 46.699331 43.7159 56.873267 41.383412 55.271005 40.05471 39.527085 54.677367 40.274151 56.285384 40.697433 40.868304 41.488755 41.693528 40.030139 40.008305 39.56363 38.298951 37.022194 37.550516 37.471042 36.661212 38.001895 36.98198 35.888037 36.793109 35.478129 36.682584 34.495416 35.182482 34.450924 34.56676 34.512361 34.574149 35.077321 34.229915 34.54391 34.761375 35.082639 35.397091 35.910726 37.207379 37.919655 39.297119 38.629285 39.793238 39.780006 40.573246 40.271315 40.9669 40.769602 39.31191 41.338217 39.40203 39.656148 39.05474 39.247111 38.884359 38.498322 39.771421 38.964085 39.044638 38.716171 38.607747 65.830657 37.922257 39.219338 38.651862 38.95377 38.897412 39.972288 40.291774 40.694215 40.443921 41.900232 41.527618 40.601192 42.042406 39.657756 38.365536 37.774587 36.481855 36.387196 35.695574 35.276479 35.793304 36.169396 35.313495 36.335665 35.931554 37.188835 36.093396 35.463944 35.406759 35.482688 34.427825 34.176561 32.88157 33.279912 33.955857 34.608887 33.849372 33.096303 32.82149 31.603102 32.021206 31.845857 31.174108 31.705165 31.401212 30.985972 31.089983 31.747724 32.571264 32.788463 56.286559 33.678654 34.577146 34.307343 34.720348 34.621828 34.500838 34.56445 33.951255 33.964079 33.885484 40.728175 37.211515 33.489859 35.569628 33.73788 34.11827 34.427638 34.37871 33.535514 33.370995 33.323972 33.744878 34.355206 35.412601 35.258809 36.194402 35.056598 34.778446 34.308561 34.188746 34.363164 34.062615 35.129043 35.776992 35.934228 36.586742 39.773044 36.590685 35.955318 35.349027 33.528908 33.925482 34.648932 33.88009 33.483832 33.310776 33.394329 34.057145 34.464026 33.915681 34.107709 34.17541 33.838158 34.156781 33.711858 34.104484 33.578724 33.840106 33.859428 33.578859 33.508655 36.99952 33.866748 33.530098 33.519313 33.92425 34.204505 34.112338 34.032368 35.187029 36.457376 39.790613 39.962891 39.57268 39.502074 38.433913 38.280066 37.819192 38.475052 40.605278 39.82751 40.126081 41.814423 40.531895 39.423236 39.275738 42.220784 39.85427 38.590441 39.433394 41.58622 40.787418 40.092041 40.41768 39.555768 37.807671 39.263104 41.240459 41.472031 40.630318 74.072619 41.847571 41.891177 43.620234 42.427649 41.657015 41.126766 40.839431 40.829758 42.026855 42.735803 40.947547 41.377973 41.189904 37.995607 40.254982 40.39374 40.732817 40.84366 40.317065 40.751204 39.896792 40.152747 39.051052 38.439539 38.149126 39.474635 39.028414 36.854712 37.15953 38.98251 40.835342 40.008781 39.878823 39.057013 40.434949 41.614453 39.955574 38.283857 38.56597 39.484173 39.598779 38.1495 38.99232 39.334811 39.029341 38.030854 37.821473 36.619421 35.677108 36.037555 35.894276 35.412242 36.068472 36.935273 39.499555 39.759304 40.04041 40.982644 39.499143 40.682048 41.573267 38.269929 39.250019 38.571746 39.356107 39.779903 37.333891 37.400297 37.8123 38.090422 37.474581 37.542747 38.089619 36.996641 36.972765 35.334265 34.710891 34.212941 33.411854 32.869708 33.010354 32.960942 34.273846 32.805527 33.520882 34.425213 35.613507 36.470925 37.283691 37.453035 38.255761 38.402096 39.726756 40.980015 41.58027 39.893669 39.004518 38.578978 38.239783 39.780787 70.433682 41.314445 40.549992 41.007616 42.302639 41.464073 42.479732 42.232978 41.909569 44.195828 47.186884 44.01587 44.595997 43.081476 42.523979 43.544829 44.609432 46.352638 46.664741 47.133576 46.402988 44.248884 44.657529 45.970031 46.902699 46.115296 46.592554 45.84061 46.576555 47.90492 45.832409 44.497332 43.045955 42.102698 41.571973 45.973962 42.397998 42.426552 42.481674 42.2823 43.377575 44.224395 42.554342 42.910669 41.303369 40.330152 39.763195 39.987401 40.88412 42.527073 42.611021 44.177926 44.525453 43.652738 44.798331 43.296146 44.146323 44.60492 43.828538 44.232805 46.088153 46.408632 41.491788 40.313832 40.463668 41.250959 39.835264 39.402262 39.656717 38.653215 37.595895 37.962584 37.780476 37.870271 38.187898 39.943252 41.345374 41.972304 42.199838 43.549994 46.332471 46.315091 45.36905 45.228941 47.972584 48.663695 46.053563 45.79119 46.686184 45.009449 45.086424 44.760624 43.4219 42.291801 43.609014 42.728481 42.203444 42.51232 42.028549 41.660611 42.861175 42.811753 43.647661 45.851032 46.280979 43.627532 44.409895 45.14686 45.295449 50.679679 48.849944 48.061023 49.769308 49.275038 47.480119 46.147337 48.207309 48.2615 49.057231 48.371868 45.956245 47.330701 48.277508 45.833646 45.115374 46.045286 44.533887 43.779945 43.278894 42.736414 41.048028 41.023053 40.938287 40.784365 44.201723 39.727169 38.788514 38.439512 38.606907 37.502557 37.018565 36.84072 35.922139 36.998911 39.258868 39.989271 39.502602 40.192303 41.768654 41.441834 40.223825 68.237454 41.239653 42.147873 41.613224 40.821501 41.746918 42.055486 41.576318 45.080099 41.020556 40.455542 40.693313 39.315633 39.57679 38.211909 38.949451 37.336183 36.910611 37.790822 36.833047 37.036499 36.456593 35.691058 35.73067 35.605438 35.938395 36.041766 36.415355 37.524624 37.523676 38.984665 40.038031 39.340791 43.46385 42.551888 42.133722 42.234574 41.376299 40.749256 42.391023 42.050575 42.167275 42.655889 42.216216 42.779293 42.312329 43.593975 42.883916 42.61778 44.270583 44.602163 76.372409 45.177809 43.68703 42.803503 43.526201 42.536288 42.895538 44.455724 44.269061 44.877945 44.367344 44.447502 45.065391 45.567259 45.88105 45.10651 45.406289 46.800974 45.283466 44.690296 44.787897 44.630939 43.484846 44.474818 44.506042 44.82792 45.111921 45.861671 44.246475 44.465466 44.468177 43.522855 45.775039 45.465718 45.496957 46.184483 46.531002 46.368917 45.557074 43.85384 43.431831 43.712087 44.285757 43.389011 43.320483 42.069977 42.988632 43.856566 43.951036 41.6562 41.228783 71.62918 41.164214 42.631389 42.84905 43.700986 43.318735 45.301365 43.409144 42.369843 43.38736 41.768811 42.049982 42.233463 40.108446 45.222638 39.60306 45.331009 40.607712 40.593371 39.97394 39.417927 52.638481 38.831533 49.39308 38.990936 51.472741 53.789502 38.529925 40.08355 54.863588 38.782686 57.308453 38.451161 43.606753 52.976734 36.961287 51.539533 38.036238 39.134402 54.79393 40.022516 54.046983 37.87613 37.472717 37.938182 37.560566 37.900081 36.422835 37.84232 37.265785 36.46154 52.351806 37.637721 37.495408 37.842063 43.780763 41.728957 35.816707 35.890034 33.30334 32.422078 33.01346 33.041296 32.713607 33.110538 33.401517 35.086653 35.308858 36.671863 37.261413 39.261973 39.603284 39.41864 41.482543 41.894505 39.216781 40.93277 39.135076 38.349307 38.771584 39.232042 44.859053 40.834995 40.915387 41.947674 41.104508 43.765263 44.135029 44.638984 41.50966 41.68925 43.724749 41.551995 41.156512 40.942298 41.092908 41.98247 40.854848 41.833334 43.005874 41.644674 57.458484 40.582757 38.411396 39.509216 40.380951 44.37475 40.121349 38.731692 37.657996 36.725812 37.582786 37.160374 37.603078 36.580994 36.741734 35.739228 35.399984 37.440302 39.164183 39.240995 39.71927 39.639744 40.044253 40.82742 41.41125 41.759745 40.746783 39.23861 38.634661 38.623841 41.814291 37.599322 37.452219 36.98154 36.219786 35.364569 35.744715 35.453348 34.611335 34.798642 35.298191 35.290348 34.145536 34.936919 34.71713 35.11388 35.318861 37.929059 39.006874 39.824346 39.992128 39.1699 39.194466 38.336492 40.668695 39.769748 39.795921 41.499759 42.392614 39.346061 37.94084 37.381451 37.438118 38.265948 39.948937 39.678263 40.215659 40.510414 39.977443 38.355199 38.107199 37.455452 37.409569 37.21586 36.373057 37.828414 36.692437 37.315661 38.235642 38.066058 39.091449 37.201183 37.26097 38.095378 37.214328 35.479806 34.87699 35.19855 34.825876 35.074232 34.836926 34.134611 34.801324 37.244646 38.187828 38.022575 38.894508 39.338149 39.175496 38.123625 38.084364 68.593207 38.605544 39.282933 39.668786 41.052246 38.552448 39.683734 40.61392 40.334298 41.038101 40.812733 40.76719 39.958452 39.90938 39.52942 40.165608 41.827867 43.468598 42.760804 43.034672 42.378997 43.837349 44.448352 43.107013 42.568683 42.389773 42.280791 40.732271 41.625674 45.063366 41.414681 41.825995 42.201193 42.222572 42.169876 40.580646 40.205159 42.106559 42.58059 40.176041 39.708754 39.903421 40.131874 39.534452 39.181467 39.87187 40.402307 38.944231 38.72378 38.960846 39.103652 66.345912 38.91922 40.485507 42.249449 40.052833 43.300087 42.861917 43.675612 43.382987 42.305954 42.608375 43.876491 44.655837 44.174869 44.181722 43.706078 43.774603 47.243259 48.058955 48.46037 48.318622 43.70139 43.887055 44.549419 42.861567 43.495977 44.587704 41.744934 44.410151 42.123913 43.068828 39.351945 39.802577 38.065952 37.537547 38.012041 37.901033 37.972805 38.025801 36.730493 37.255102 37.548252 36.316033 35.780923 37.710832 38.021489 38.722228 38.60975 38.175008 37.812696 36.626524 37.500786 37.176656 39.966235 41.540572 35.953815 36.687295 37.308467 37.560187 37.233201 36.889901 37.803956 37.812031 36.619247 36.366086 36.712754 37.670698 38.110986 38.631439 37.815089 38.365077 37.108686 36.438191 37.074671 37.692836 38.649344 39.452148 42.022124 45.56675 42.127296 42.885677 42.688665 41.842937 43.252015 41.719143 43.329058 43.236227 42.948208 43.554511 42.855474 42.133024 43.156929 42.092875 43.008878 44.630599 45.419747 46.052888 45.268778 45.638744 45.322121 44.755168 76.348152 44.396074 44.580568 43.755009 42.923673 42.04904 41.832394 43.948887 44.404668 44.662892 42.831507 41.764387 40.96237 40.24475 41.227496 41.634081 41.565752 42.217802 41.945871 41.62444 41.187201 41.08162 40.59355 40.053312 40.005969 39.981453 39.368857 39.209059 39.274582 38.928121 38.106676 38.709167 38.675616 38.606604 39.014745 38.844374 37.245584 37.370148 36.80607 37.004816 36.537939 39.295695 41.861812 41.509618 41.062725 40.962993 40.878913 41.809298 42.224707 43.286527 44.973526 77.815991 47.214126 42.482238 41.760086 42.946963 43.060115 42.027017 43.644815 44.83147 42.614454 44.458952 42.637933 41.896526 40.775166 40.327722 40.498443 40.138184 40.441422 41.16109 41.234207 41.443349 39.587196 40.759743 40.01648 40.705046 40.216557 41.739738 37.835312 38.065026 40.078323 39.72102 38.835054 38.971193 38.565248 37.978791 38.191357 38.719292 40.051837 39.411276 40.514633 39.905656 37.977383 37.1788 37.654901 36.596736 35.948343 35.807278 36.068586 37.146108 36.684003 38.264736 71.991359 40.420729 40.980632 40.542759 39.754048 37.959852 37.206985 37.841931 37.619395 37.257099 37.840954 37.59579 39.180139 37.644205 37.511671 37.456246 36.304812 36.53145 36.60803 36.337117 36.82259 35.981734 37.466189 37.2038 37.397096 40.402046 36.591877 36.247599 35.887168 34.227522 34.474455 34.478332 34.376374 34.451699 33.556661 33.501387 33.490822 33.936937 34.519863 33.787742 33.837199 34.37878 35.43093 34.555849 34.170244 34.901172 34.650155 36.244522 37.882774 41.135667 41.407541 62.071519 37.588735 37.860579 36.736016 36.393833 35.663702 35.4427 35.101538 35.360889 36.581719 37.057342 37.442222 36.991848 37.045934 36.018683 36.538248 38.24098 39.359395 38.625748 37.186345 36.528514 37.368223 37.912103 43.119401 43.261512 40.055899 40.920696 40.785128 40.545334 39.963912 38.162005 37.174315 37.39182 37.516361 37.163737 36.990006 37.675279 37.742448 37.560795 36.828988 37.165495 36.914492 36.954409 36.573578 36.188781 34.420927 33.651501 33.186314 36.413631 33.753897 33.068576 33.763689 32.951727 33.274164 33.649707 33.127128 33.597566 33.277318 33.668633 33.014319 33.40937 33.918748 33.812802 34.15517 33.831579 34.187355 34.150067 34.112619 34.133502 33.894497 33.503785 33.228583 33.468399 36.817238 33.230602 33.360141 33.438425 33.228489 32.897137 33.762311 33.268311 33.778254 33.65783 33.397808 33.992477 33.033807 34.014443 33.409798 33.511905 32.720153 33.07314 33.659882 33.155787 33.669727 33.652461 33.558929 34.73212 36.124893 40.57171 38.066283 37.577333 65.208827 39.623863 39.346615 52.596418 39.029648 53.004254 39.896538 52.910788 40.183897 40.997534 39.178323 52.586709 39.728637 52.639477 38.64896 50.671246 53.276975 37.610839 37.874817 49.098972 35.775246 51.33708 39.339814 41.473251 51.883141 36.939266 54.728891 40.239906 39.164969 55.948435 40.394447 55.369939 45.173452 40.647827 40.625863 40.879504 40.521087 40.815299 39.787876 39.948605 39.640808 40.081923 40.382471 40.048143 40.902004 40.677773 41.207033 41.352387 42.176188 39.531758 39.49658 40.091948 40.898076 41.299605 41.005549 40.477752 41.908116 41.403092 42.314202 41.657516 42.318963 43.132249 42.998518 43.443725 44.819785 45.980559 45.902816 44.866494 42.706967 42.122023 41.909603 42.692423 43.522621 44.873439 42.798064 42.41205 42.433005 41.201909 40.977535 41.783108 41.201716 42.314751 41.705611 41.604891 41.876753 41.873902 43.815004 45.992281 44.295473 42.369526 44.743293 45.926301 46.407658 46.446515 46.570952 46.556439 44.864106 49.03376 45.390143 43.490532 42.642447 71.397246 41.826384 43.585712 44.854892 45.272083 43.461304 44.086409 42.776471 41.774936 42.646789 41.692473 41.123607 40.989881 40.617714 41.453119 41.432947 40.274996 39.995627 41.209274 40.729379 42.517029 44.674962 42.614832 41.275463 41.639558 41.674039 40.760738 41.394418 41.063191 40.202298 41.213042 40.506483 38.244867 37.985277 36.893748 37.14131 39.311907 39.71734 40.311317 40.028063 39.24025 40.358994 39.664893 38.95137 37.959531 38.246686 42.501141 37.40482 37.07829 38.002482 38.207905 62.1591 37.20774 37.466034 37.028434 35.976496 35.976312 35.505162 35.485975 39.150461 35.15727 35.098749 35.363832 34.485908 34.190054 34.44882 34.669099 34.245273 35.296596 34.508824 33.251313 37.309292 33.001017 33.125236 33.720665 34.798381 34.815789 35.702848 36.355956 36.347721 37.018181 36.493369 38.322146 37.838669 38.382484 38.609361 38.991734 38.424646 37.157422 37.037258 37.051045 36.983023 38.016055 38.883177 39.413028 39.380832 41.314701 35.912146 36.03092 35.285259 35.448132 35.193742 60.599145 35.36403 34.267326 34.164406 35.995119 34.675395 34.807509 34.703126 35.625692 36.118746 34.778305 35.052823 36.208311 35.747068 35.033159 34.958224 36.210833 35.997894 36.049435 41.595144 37.897814 38.548463 38.141866 35.63331 35.027031 35.681379 36.293208 36.564134 38.001101 37.056586 37.672272 38.096442 39.298668 39.567392 39.229406 37.911537 37.939837 38.649969 38.219599 37.790136 37.704221 39.342276 40.420228 42.587209 43.593835 40.883352 39.768484 38.146723 38.489679 39.032501 37.782693 36.824356 36.200428 36.75698 35.916398 35.50763 34.380156 35.092032 35.604154 36.002712 35.285153 33.129932 32.34234 32.362981 32.172869 31.364493 30.859702 31.203102 31.184297 31.245954 31.096268 31.289261 30.982336 31.488771 31.27661 31.810869 31.741393 31.57563 31.790302 37.640158 31.958668 31.652378 32.753741 31.39116 31.736478 33.419562 35.380198 35.783803 35.690367 34.84036 33.852445 34.9724 35.555088 35.338718 38.005323 35.448667 34.649335 34.786146 35.263309 34.828311 34.1023 62.227317 33.249255 34.611291 34.925103 35.074526 37.090008 36.738466 38.067168 39.900493 38.10957 38.368096 38.184273 39.182954 38.934882 38.048693 37.906235 37.966352 37.545643 41.691351 39.027764 38.667195 38.462532 38.311834 38.763006 37.631521 37.274818 37.217045 38.516265 38.632414 40.046704 38.192496 40.014254 39.504369 37.919473 39.07863 38.648818 39.124476 40.937572 39.192816 38.498061 38.468824 39.431591 39.304458 42.503119 38.561061 41.691745 41.750802 42.740002 42.056703 41.285568 41.196036 41.034442 41.156219 40.43246 42.542748 41.746414 41.287296 41.287897 43.343076 49.480504 44.567171 46.132701 44.568091 42.604496 43.942915 44.548305 45.381717 47.798518 49.896431 44.760041 43.693859 43.809364 42.490723 42.74294 42.660057 41.59467 43.408015 43.017751 44.032128 45.362758 44.854656 43.492416 43.072331 44.189474 44.354084 43.292181 42.572214 41.749166 41.139389 42.52271 41.617017 44.475254 45.501986 46.849759 45.433311 44.629789 43.707491 43.832661 42.875153 43.783912 43.342556 75.081838 43.175633 43.70456 45.487913 44.553779 45.181756 45.2328 43.169582 42.19812 42.186222 42.052613 46.126141 46.834438 46.604009 44.144131 44.84043 45.01213 46.012467 45.292691 43.784784 43.942717 51.568572 53.059363 46.209841 46.465256 44.074976 42.309751 70.473656 54.592448 43.626878 44.74842 45.965323 41.591228 42.753033 40.6949 42.181137 44.787005 115.46778 128.00914 174.61435 136.92287 132.3367 125.14641 152.03307 133.808 131.34558 133.79918 127.5345 119.20477 125.844 194.25998 130.24798 122.65147 124.86352 120.52957 133.47406 138.84616 110.48492 114.72926 38.797251 37.582068 45.771812 38.093464 38.104875 142.31284 116.73955 131.64527 140.53791 124.57296 66.717956 45.084467 44.30513 40.477354 39.127423 42.382385 126.47298 125.17282 99.211448 40.50542 38.694858 37.808711 38.815624 37.055558 38.296607 37.289459 38.072447 37.217632 37.904839 37.368026 39.129037 58.009986 40.729571 80.846537 36.974807 36.959177 39.293085 38.840244 42.587542 45.558806 42.644387 44.617217 74.860608 44.265235 55.968069 138.80118 45.333064 43.490216 44.593904 46.05573 47.240758 49.189684 45.243343 54.130047 43.50067 42.399881 49.382866 56.5871 41.768636 39.63844 37.995748 38.12468 38.825176 38.762451 39.055045 47.773511 41.144932 40.041588 40.497795 39.675282 39.11129 40.021203 40.385185 41.068059 40.911615 38.956072 37.462659 36.771549 36.691735 36.035473 36.497494 36.717125 37.538788 37.53988 35.970058 36.238856 36.162859 35.666573 36.114442 35.933629 36.856995 36.309091 36.376106 64.119903 36.850134 36.884367 36.648674 37.004066 37.813947 37.907042 38.511824 39.187132 38.405045 38.724742 40.111717 40.256414 40.256035 42.182946 40.895855 42.055963 42.061432 42.160444 42.520481 42.608354 41.335092 40.613041 42.197115 39.684254 39.172822 39.023245 39.400872 39.271056 39.97569 41.415896 41.426436 40.823812 39.9722 38.985348 67.396764 38.441259 38.064629 38.749928 43.219007 39.142658 39.639055 39.687138 39.891106 40.895314 40.997627 42.848852 40.351117 39.415776 42.99527 41.963015 72.355585 70.312657 37.943785 43.52565 39.129425 38.470702 37.81707 52.748135 36.376567 40.847359 53.218706 37.596362 51.65638 42.401144 45.740272 54.720714 39.138264 47.12312 36.936537 43.295349 54.478535 39.768837 54.954716 38.307398 39.000749 39.443513 38.015185 37.736684 36.784045 36.208595 35.994641 35.847164 36.024393 36.733095 36.689518 35.899041 35.141531 34.168826 38.414955 33.571592 34.300696 35.260215 35.391178 34.063696 35.406827 35.651293 35.995337 38.036713 37.482726 37.61762 38.207527 39.521244 67.634249 38.812054 39.29382 39.843559 39.916177 40.696685 41.27647 41.067903 40.500348 40.027969 38.335144 42.454695 38.011695 37.525715 36.941315 37.072064 36.718234 36.253678 36.98313 36.014371 35.883672 36.800323 36.755648 37.340721 36.52233 36.128606 38.044568 39.094037 43.54869 44.591159 46.585467 46.344598 46.877093 46.574643 47.257472 47.196303 49.03957 47.439386 50.844269 47.041217 46.053273 46.003581 43.944521 45.051996 44.71244 45.043655 45.81028 45.808925 44.070606 43.574854 44.714275 45.540474 48.373993 47.511674 46.893167 43.556517 43.07776 42.22478 42.921977 44.059423 42.723101 44.380602 45.567276 45.645485 45.536838 44.974881 45.314945 44.678041 45.572596 46.185435 45.000007 44.177796 43.371158 43.998254 43.580366 42.986311 41.868848 41.766948 41.987589 40.449494 39.980712 40.721675 40.619616 40.687169 38.854257 39.272427 44.099023 39.113652 38.962854 39.869547 39.701623 38.876097 38.513498 38.153836 37.643068 36.410692 35.891843 36.075942 35.699193 37.46828 34.863374 61.758984 34.806556 36.543235 36.585339 36.847327 36.691953 36.933062 35.763243 35.135961 35.226097 36.360151 35.78923 36.489982 36.533239 36.922088 37.396567 36.935031 36.855011 36.168304 36.709463 38.257147 38.140741 38.681141 39.574949 39.939923 39.92049 39.244235 39.507633 40.82513 39.563058 40.180019 40.149235 39.681707 40.977109 39.488818 43.291379 39.857526 40.063404 39.983162 39.202165 38.83099 38.784553 38.222447 39.303753 38.991819 41.437862 42.228277 40.959018 44.025653 43.00307 41.284725 41.01392 40.313351 39.887121 41.260977 39.734182 41.003495 41.255254 40.271436 39.631599 41.61645 37.718348 38.132509 38.130818 38.24602 39.116336 37.507697 37.423454 36.617376 36.51925 36.393486 37.452097 39.219694 38.972249 37.320224 36.638151 37.22045 37.59933 37.364913 37.253644 38.995223 42.651127 41.86821 43.100043 43.821727 45.554792 42.688524 41.328089 41.282068 41.004041 40.750539 39.541277 38.799271 38.903433 38.919584 39.125376 37.333821 38.51412 38.551939 37.789344 40.347227 70.014133 40.298057 40.118758 42.020199 38.481031 37.534236 39.575034 39.933546 39.537792 42.933265 39.845626 39.803848 39.528498 39.073508 39.451751 40.094009 40.896303 41.040248 41.127389 39.91931 39.425622 38.609071 38.364867 37.731241 37.346233 37.672364 38.494671 38.616282 38.406222 38.855428 37.879288 37.784813 37.84747 36.370211 38.359623 36.946929 37.129566 36.471237 36.154889 37.129456 37.631241 36.955235 36.314575 36.461343 37.087441 35.847489 37.241865 36.694161 37.04526 36.720834 36.544166 63.450498 36.230037 36.186578 35.060557 34.374823 34.147727 34.188972 33.789638 35.289705 34.603704 35.546998 35.597536 34.932361 35.531714 35.175378 35.711019 35.033765 35.11347 35.150618 35.505712 35.242486 34.943402 35.392747 35.870092 35.717221 35.985454 37.341793 39.851317 38.781736 38.303193 38.460967 38.576013 39.331299 39.722042 37.141071 36.079925 37.29359 37.211989 34.794231 34.900297 34.300317 35.699948 36.511728 37.222684 36.55918 35.236827 35.463728 34.727863 34.602797 34.932846 35.894932 36.96383 37.369623 37.05366 36.26256 36.481162 37.464873 37.439273 40.540639 39.833447 39.238506 40.514246 40.604164 40.042493 40.147977 39.241006 40.858008 42.21685 42.554984 42.334494 42.919124 43.401932 44.146547 41.454172 41.857891 40.848029 40.101486 39.992514 40.692006 40.910741 39.847726 39.778726 38.489863 44.301086 41.68433 42.599 42.258872 40.424378 41.566481 41.754362 42.001107 41.582709 39.651725 40.039593 40.462462 42.685888 42.702341 39.065512 39.162563 38.719903 41.615274 72.111442 38.987615 38.809053 41.391917 39.757153 39.719984 37.979142 39.161546 35.721014 36.485946 35.752488 37.982594 38.566904 39.402025 39.344458 39.529262 40.784321 39.200825 39.688175 40.750161 39.092379 38.915834 38.237444 36.741285 39.187877 39.783872 38.434277 38.237861 38.850428 39.653327 40.099547 44.096505 45.177368 44.577319 46.42879 44.190137 42.051318 41.029991 41.873344 42.187124 40.375334 39.863639 39.138065 39.284561 41.077277 39.540454 38.947961 39.706139 38.748565 39.069936 39.135684 67.236461 39.373366 40.257811 39.990098 41.58244 42.360711 41.26237 37.198238 36.873023 37.193895 37.184346 36.350199 36.506147 36.544945 36.519382 36.336002 34.081826 34.828458 33.571824 32.874114 32.24328 32.753858 33.143728 33.184336 32.351823 31.809098 33.077531 33.123977 33.521028 33.391826 37.383574 33.678488 33.882117 34.256107 34.318601 34.161638 33.805421 33.968632 34.256027 34.089608 34.412516 34.991371 34.191764 34.459047 34.211408 34.097622 33.772401 40.404523 34.189817 34.458445 33.884129 58.924822 33.581553 33.634403 34.830541 38.837756 34.096072 34.68405 34.704351 35.642374 35.634413 36.26474 36.944873 36.979145 37.519061 37.997993 37.558376 37.455952 37.260716 38.107359 37.994332 38.219934 37.63531 38.904706 40.483976 39.446416 39.3853 39.600024 39.92789 40.31158 45.121434 40.510221 39.341965 39.348673 39.493661 38.862894 39.110473 40.026674 40.557212 40.65489 40.844134 40.511849 40.242136 39.89593 40.284212 40.43492 40.510669 41.331588 42.011269 41.96564 41.416781 40.960769 39.998794 39.550201 40.651817 44.406395 40.898581 41.331126 39.957791 39.104865 39.641517 40.344859 40.752811 41.672517 41.652929 39.117666 38.69076 41.835946 41.933794 40.294978 39.128775 37.947072 37.038243 39.226456 39.200986 38.474795 38.604214 37.285531 36.132162 37.458362 34.225575 34.398398 35.144746 34.588761 34.392985 34.667846 44.169823 34.334198 45.707851 34.440137 46.99664 32.823255 31.508249 37.582002 32.391896 41.818857 31.954368 31.783569 32.145336 42.670016 34.966712 32.569681 55.167358 46.940711 32.327193 32.510993 42.175116 31.979539 45.551224 32.176045 32.171703 43.682921 31.935834 45.413505 32.318201 31.716558 32.546525 32.269788 32.366946 31.979514 32.00107 31.905369 32.226836 32.503751 32.146286 32.713648 31.615138 32.249146 32.322719 32.38678 33.815054 34.768494 36.114336 36.265099 36.886179 37.035736 37.281172 38.170812 38.479413 39.007872 39.864391 39.77736 39.408497 39.222632 39.579788 39.54872 38.73879 38.673022 36.96767 36.163055 36.684275 36.638629 36.233424 35.592301 35.356512 36.2694 34.018907 33.755243 33.583878 32.358145 32.730712 32.372157 31.751945 31.333602 31.417214 31.355744 31.415839 32.025603 32.067375 35.13472 35.365664 35.807453 35.941519 37.245488 37.344088 37.892925 38.067857 37.943053 37.679858 39.128373 42.96458 40.200915 40.743284 41.606208 43.495309 42.06206 41.190595 41.368719 41.80152 41.233214 40.695067 39.789651 41.652866 43.196215 43.606296 43.004515 42.780725 40.875896 40.440724 41.156679 42.238952 
tComAct=0.057982 0.05369 0.055479 0.054778 0.053059 0.055306 0.05424 0.053482 0.053557 0.056441 0.052353 0.051218 0.051537 0.050347 0.053188 0.052073 0.051258 0.051832 0.052255 0.052029 0.050986 0.056783 0.13009 0.055739 0.056182 0.055694 0.054274 0.054567 0.054424 0.055297 0.055796 0.056714 0.055795 0.055452 0.053612 0.053019 0.052335 0.053012 0.050954 0.049536 0.044694 0.01435 0.01339 0.013176 0.013688 0.014294 0.014587 0.01463 0.085924 0.018503 0.012564 0.041099 0.01579 0.085828 0.017866 0.052022 0.043416 0.081736 0.046394 0.019718 0.051768 0.041946 0.018106 0.05579 0.019334 0.051738 0.04047 0.018383 0.044871 0.053512 0.045414 0.056371 0.053684 0.054744 0.056573 0.054127 0.054797 0.055785 0.055922 0.055813 0.051687 0.051668 0.052822 0.051453 0.052049 0.051557 0.052115 0.050289 0.054269 0.055732 0.055633 0.056962 0.054812 0.055665 0.054761 0.053842 0.05562 0.054173 0.057248 0.054762 0.056119 0.054441 0.054088 0.053741 0.053564 0.052355 0.051513 0.0495 0.051315 0.051018 0.052135 0.050363 0.048769 0.055306 0.056468 0.056543 0.055312 0.054555 0.053525 0.054817 0.055117 0.052661 0.055814 0.055515 0.05739 0.054768 0.052247 0.05322 0.051991 0.052708 0.051146 0.053267 0.052016 0.051339 0.051594 0.049866 0.05573 0.055912 0.057403 0.056389 0.057421 0.056642 0.126956 0.056007 0.055376 0.055142 0.055248 0.05552 0.055289 0.055499 0.05496 0.051836 0.052657 0.052889 0.052692 0.050424 0.051356 0.051394 0.056124 0.054581 0.055683 0.056093 0.054799 0.054594 0.05517 0.055416 0.055171 0.054584 0.054415 0.056034 0.055898 0.058096 0.053734 0.051869 0.051891 0.051086 0.051555 0.051534 0.049564 0.048185 0.049803 0.054185 0.057386 0.054882 0.055274 0.05583 0.053983 0.056279 0.052278 0.054511 0.056386 0.054438 0.054002 0.055229 0.054646 0.054646 0.052022 0.053384 0.051725 0.050172 0.050705 0.050534 0.053604 0.051054 0.056339 0.055712 0.055541 0.055064 0.054696 0.05726 0.136752 0.057063 0.055301 0.055032 0.055332 0.054445 0.056164 0.055954 0.05515 0.054868 0.051637 0.05159 0.052186 0.049107 0.051332 0.124127 0.051989 0.048791 0.055402 0.054668 0.054928 0.054519 0.054169 0.053379 0.054846 0.05597 0.055468 0.054712 0.054099 0.054277 0.053367 0.054706 0.051636 0.050317 0.05183 0.051726 0.050863 0.049351 0.050561 0.052108 0.051844 0.049863 0.055017 0.055006 0.054625 0.056413 0.054087 0.055276 0.049525 0.053984 0.056943 0.055752 0.056538 0.054461 0.056122 0.055289 0.054414 0.051979 0.051297 0.051709 0.050912 0.052528 0.052587 0.049441 0.049719 0.048353 0.054728 0.054573 0.054347 0.054618 0.05322 0.054602 0.056149 0.055614 0.05687 0.056031 0.056233 0.054691 0.054957 0.054628 0.052632 0.053447 0.053168 0.128294 0.052782 0.123405 0.05101 0.050663 0.056453 0.055181 0.054685 0.056425 0.055703 0.053661 0.054134 0.055855 0.05679 0.054477 0.055296 0.053973 0.05582 0.055783 0.054801 0.053175 0.038335 0.051029 0.05316 0.051368 0.052675 0.050897 0.052113 0.068176 0.056368 0.056 0.056718 0.054656 0.057029 0.055525 0.054788 0.056776 0.056159 0.05487 0.056839 0.051702 0.056612 0.055224 0.064219 0.052803 0.051623 0.050414 0.052109 0.051885 0.048876 0.048498 0.055873 0.054107 0.054885 0.054247 0.054359 0.054366 0.055779 0.066475 0.056844 0.055622 0.054824 0.054658 0.056275 0.055435 0.054756 0.052963 0.052687 0.053657 0.050892 0.052248 0.051895 0.050391 0.050516 0.051097 0.049371 0.054636 0.055923 0.056037 0.053836 0.054775 0.049693 0.054364 0.055437 0.05516 0.055211 0.124683 0.054312 0.056822 0.053674 0.058161 0.058556 0.057174 0.058661 0.125159 0.056206 0.055024 0.05643 0.055818 0.054591 0.060261 0.055454 0.05521 0.055046 0.05602 0.056412 0.055168 0.05554 0.05661 0.055564 0.054984 0.05491 0.055353 0.125535 0.053546 0.052489 0.053041 0.052518 0.05168 0.051254 0.050625 0.052031 0.048959 0.054222 0.055489 0.054456 0.054638 0.055264 0.055011 0.056561 0.055822 0.053019 0.054526 0.056613 0.056023 0.053716 0.053056 0.052585 0.052274 0.052063 0.053649 0.052764 0.053048 0.051869 0.050244 0.05576 0.050965 0.057755 0.056814 0.055388 0.054713 0.056317 0.055479 0.056864 0.055708 0.055516 0.055848 0.056309 0.055226 0.054208 0.052784 0.053084 0.053201 0.052019 0.053544 0.05267 0.050875 0.052225 0.051518 0.105153 0.056631 0.055925 0.056323 0.055789 0.056097 0.058993 0.057083 0.060076 0.059799 0.061321 0.060238 0.061434 0.058019 0.057871 0.057692 0.056732 0.056999 0.057628 0.05834 0.057981 0.057156 0.056658 0.056077 0.108692 0.059624 0.061573 0.060218 0.060514 0.05495 0.055354 0.054072 0.057595 0.055415 0.055382 0.056484 0.051281 0.051683 0.051904 0.051794 0.050247 0.0607 0.126697 0.051553 0.051664 0.050416 0.048314 0.05588 0.055755 0.057469 0.053719 0.056206 0.053858 0.055355 0.05584 0.056047 0.055887 0.056555 0.055828 0.055321 0.054605 0.051446 0.051335 0.116363 0.052609 0.050538 0.050917 0.051059 0.052466 0.058041 0.057832 0.055997 0.056193 0.056869 0.128769 0.056197 0.056304 0.055083 0.05795 0.055336 0.055073 0.055508 0.056772 0.052238 0.053223 0.050959 0.052717 0.052083 0.051471 0.051865 0.050496 0.117277 0.054541 0.055414 0.057246 0.0556 0.058047 0.054637 0.055922 0.056665 0.058021 0.056006 0.054304 0.054556 0.056396 0.055322 0.051965 0.052944 0.052551 0.0532 0.052176 0.052044 0.050947 0.049825 0.119915 0.05191 0.055488 0.057931 0.054952 0.05762 0.056627 0.056385 0.055809 0.055451 0.057375 0.056198 0.055533 0.061063 0.060484 0.0543 0.053173 0.053454 0.051949 0.051596 0.051743 0.052965 0.052627 0.124665 0.05163 0.05101 0.055911 0.056007 0.055965 0.056837 0.056064 0.056889 0.057071 0.01833 0.057365 0.055605 0.055935 0.055683 0.066811 0.054798 0.053374 0.053045 0.05148 0.052566 0.053172 0.051664 0.051184 0.049883 0.050589 0.055305 0.056219 0.118082 0.054902 0.056291 0.055953 0.053853 0.054708 0.055105 0.056369 0.055313 0.054688 0.055182 0.053006 0.042544 0.016052 0.016431 0.01341 0.012929 0.015416 0.014068 0.013873 0.014015 0.012819 0.012629 0.012241 0.012533 0.031504 0.040558 0.015935 0.012228 0.01562 0.01508 0.015169 0.015508 0.015483 0.014229 0.014256 0.014599 0.015166 0.013886 0.014746 0.014596 0.016077 0.012378 0.012615 0.014684 0.014494 0.034195 0.065747 0.053202 0.05153 0.049225 0.038004 0.055466 0.0675 0.053588 0.053524 0.05345 0.055504 0.053722 0.050716 0.050367 0.048855 0.050476 0.050483 0.049683 0.054441 0.052293 0.054449 0.055031 0.055933 0.054409 0.053228 0.054853 0.054138 0.056234 0.05289 0.053472 0.054161 0.053439 0.054616 0.053921 0.051882 0.051313 0.05014 0.052681 0.050374 0.051294 0.050109 0.050903 0.049665 0.05417 0.051167 0.054197 0.05318 0.054073 0.053451 0.054141 0.054624 0.053114 0.055234 0.053759 0.117401 0.055157 0.056151 0.051612 0.052118 0.05339 0.053601 0.051825 0.05171 0.128842 0.051558 0.054792 0.055362 0.055301 0.054848 0.056278 0.055752 0.055006 0.053874 0.056789 0.055124 0.056353 0.055942 0.054872 0.049879 0.13111 0.052964 0.052956 0.051707 0.050697 0.051879 0.053687 0.051366 0.051036 0.054579 0.055909 0.055598 0.055943 0.054896 0.055563 0.058169 0.056885 0.057377 0.054814 0.056983 0.056722 0.058265 0.055751 0.05519 0.055225 0.055487 0.052792 0.052403 0.05237 0.05126 0.052677 0.052316 0.051169 0.050117 0.05493 0.055631 0.055342 0.055978 0.069112 0.055339 0.055376 0.056788 0.055598 0.053777 0.052405 0.055524 0.056659 0.055182 0.051799 0.053074 0.051597 0.051498 0.066802 0.051025 0.049903 0.051023 0.055097 0.055069 0.053557 0.055867 0.127498 0.13237 0.052404 0.056086 0.054108 0.054722 0.053203 0.053991 0.055818 0.05511 0.053997 0.051249 0.052445 0.052607 0.052176 0.051716 0.118889 0.050745 0.051693 0.04922 0.055873 0.056971 0.055984 0.056753 0.056572 0.054884 0.055837 0.055008 0.055942 0.052702 0.05575 0.053841 0.056379 0.053142 0.050888 0.051559 0.052077 0.051187 0.052074 0.050463 0.052012 0.051193 0.050725 0.05654 0.053937 0.056074 0.055852 0.055236 0.055855 0.054755 0.056216 0.056393 0.056357 0.132016 0.054861 0.05511 0.055409 0.05507 0.053123 0.051456 0.052884 0.051546 0.05152 0.052086 0.052178 0.05287 0.056919 0.049409 0.05572 0.053969 0.069364 0.056465 0.055468 0.054988 0.054102 0.054519 0.055947 0.055416 0.056894 0.053767 0.054035 0.051844 0.051011 0.050345 0.06327 0.053878 0.05207 0.051993 0.050661 0.050808 0.050518 0.055566 0.055544 0.055259 0.054147 0.05508 0.056669 0.055311 0.05429 0.12664 0.054015 0.055186 0.054458 0.056126 0.053281 0.050424 0.051317 0.12151 0.051042 0.052144 0.050855 0.052154 0.0503 0.054321 0.053816 0.054598 0.055491 0.054657 0.054968 0.056344 0.051605 0.054648 0.055486 0.054836 0.05448 0.056328 0.055608 0.052526 0.050985 0.051939 0.051455 0.050754 0.052473 0.050093 0.051785 0.049788 0.056318 0.055443 0.054802 0.054697 0.05582 0.068023 0.055584 0.055134 0.05383 0.055887 0.055033 0.054218 0.055406 0.054074 0.052464 0.05081 0.053241 0.053153 0.053014 0.051244 0.050842 0.052878 0.050152 0.101723 0.056318 0.058891 0.056276 0.056395 0.056907 0.053733 0.05739 0.056779 0.115541 0.054879 0.054926 0.055703 0.056279 0.054215 0.053314 0.051182 0.052655 0.052132 0.051011 0.052558 0.051635 0.0521 0.048607 0.054885 0.054714 0.055368 0.055745 0.054043 0.054329 0.054712 0.05487 0.055707 0.055444 0.056309 0.054828 0.052367 0.054608 0.051765 0.050932 0.052311 0.050965 0.051356 0.051741 0.051852 0.051315 0.056226 0.054822 0.056575 0.053519 0.053413 0.051817 0.055655 0.054998 0.055541 0.056935 0.05411 0.05493 0.055251 0.050446 0.0509 0.053791 0.052073 0.052198 0.050227 0.050918 0.052927 0.051046 0.050727 0.050008 0.050587 0.055609 0.057038 0.055859 0.056899 0.056476 0.055411 0.0564 0.13706 0.05566 0.056193 0.058437 0.054062 0.065195 0.051635 0.051271 0.052936 0.051767 0.052418 0.052074 0.050195 0.050814 0.05089 0.055633 0.054479 0.055009 0.054425 0.055553 0.056019 0.056026 0.054827 0.054526 0.055318 0.055184 0.056532 0.056284 0.056274 0.052711 0.051946 0.053876 0.050907 0.116722 0.050396 0.049347 0.050109 0.119446 0.055454 0.056333 0.055277 0.055959 0.054954 0.057812 0.058432 0.051697 0.055992 0.053482 0.054721 0.05734 0.057008 0.055282 0.053911 0.052045 0.053931 0.052004 0.051473 0.049531 0.05333 0.051268 0.05081 0.056892 0.055088 0.055616 0.056296 0.05493 0.054975 0.055476 0.055266 0.055979 0.056802 0.057258 0.055256 0.054855 0.051825 0.050607 0.053008 0.050538 0.051657 0.04982 0.050887 0.049823 0.050033 0.051607 0.116445 0.054967 0.055493 0.055309 0.056994 0.054803 0.05535 0.055219 0.054245 0.053716 0.057188 0.056567 0.058322 0.052374 0.053272 0.051653 0.049992 0.051218 0.05072 0.051351 0.052809 0.049748 0.051326 0.052142 0.050659 0.055292 0.055481 0.055471 0.055359 0.056398 0.054737 0.126531 0.054142 0.054292 0.055889 0.054178 0.051936 0.051941 0.051907 0.053719 0.051991 0.051287 0.052178 0.049798 0.050676 0.05096 0.054227 0.056087 0.055794 0.053786 0.057538 0.055721 0.054127 0.05543 0.055084 0.055239 0.054298 0.055199 0.054646 0.055445 0.055013 0.051717 0.050208 0.051529 0.051464 0.050543 0.049021 0.05002 0.050922 0.054288 0.05405 0.054394 0.055279 0.055064 0.055227 0.055723 0.05423 0.054399 0.054661 0.054928 0.056658 0.052691 0.054469 0.05507 0.053417 0.050329 0.05263 0.051184 0.051279 0.050204 0.051141 0.049634 0.056278 0.05545 0.056493 0.055541 0.055354 0.06802 0.055234 0.056774 0.055194 0.052577 0.055099 0.055312 0.042361 0.017282 0.016263 0.012521 0.04009 0.014736 0.040679 0.051456 0.042637 0.016544 0.016176 0.013948 0.044379 0.0423 0.016521 0.013406 0.01721 0.05151 0.040655 0.017125 0.01337 0.016543 0.013739 0.014232 0.015217 0.014847 0.014803 0.015259 0.012537 0.01339 0.013409 0.052099 0.052136 0.051039 0.04906 0.051166 0.051851 0.050766 0.048126 0.052654 0.05234 0.052976 0.053354 0.05167 0.056082 0.052029 0.0561 0.05551 0.056538 0.057901 0.05754 0.052684 0.053118 0.125371 0.053088 0.050698 0.050793 0.052525 0.052066 0.05348 0.057236 0.055885 0.056059 0.055795 0.056387 0.054543 0.055517 0.055737 0.0573 0.056067 0.055384 0.055859 0.057232 0.055056 0.056037 0.052076 0.053522 0.052173 0.050751 0.053375 0.060641 0.051796 0.052346 0.05094 0.055118 0.057096 0.055409 0.05547 0.056287 0.054676 0.054006 0.055673 0.054925 0.053787 0.054983 0.055575 0.055944 0.052231 0.115623 0.051523 0.052188 0.051212 0.049636 0.049355 0.0519 0.049454 0.050312 0.054652 0.056337 0.055258 0.057386 0.055842 0.054155 0.052657 0.055136 0.056264 0.056965 0.057141 0.12671 0.054905 0.053098 0.05236 0.050478 0.052051 0.123118 0.058475 0.052557 0.050479 0.051156 0.049933 0.056281 0.056511 0.055937 0.054912 0.055196 0.05594 0.056767 0.053676 0.054866 0.055476 0.056055 0.054231 0.054179 0.050607 0.05354 0.052282 0.052132 0.050949 0.050464 0.11813 0.051845 0.050448 0.054594 0.054747 0.055346 0.054649 0.054909 0.056006 0.055614 0.055467 0.055978 0.053953 0.053785 0.056357 0.056134 0.05327 0.051517 0.051517 0.052697 0.052022 0.053357 0.051761 0.050783 0.051299 0.055442 0.056634 0.055271 0.053728 0.054471 0.054807 0.056179 0.055469 0.055393 0.056805 0.055396 0.054678 0.05604 0.054226 0.056306 0.053253 0.052862 0.052889 0.050572 0.052008 0.125004 0.051121 0.051037 0.052785 0.055405 0.054303 0.050002 0.056018 0.054394 0.05483 0.056264 0.056094 0.055176 0.055294 0.054251 0.054924 0.05597 0.054894 0.052683 0.053567 0.050811 0.050717 0.051751 0.049224 0.051853 0.052496 0.055869 0.054997 0.055969 0.055754 0.05541 0.054244 0.054678 0.055081 0.053783 0.056195 0.054996 0.056136 0.056654 0.05666 0.053001 0.052982 0.052531 0.05194 0.050842 0.051322 0.050898 0.052879 0.048787 0.051892 0.054249 0.05565 0.054984 0.055487 0.130849 0.051512 0.056252 0.05661 0.055339 0.057355 0.056875 0.05608 0.056261 0.053646 0.05423 0.053539 0.053287 0.051177 0.05219 0.052089 0.05091 0.056107 0.055194 0.056568 0.057848 0.055473 0.05568 0.055031 0.126035 0.053671 0.054901 0.05467 0.055394 0.055029 0.053696 0.052625 0.053644 0.050934 0.052588 0.051704 0.051849 0.050282 0.051162 0.049928 0.055004 0.054783 0.054115 0.054643 0.057057 0.054363 0.05403 0.058065 0.056864 0.055492 0.053957 0.057515 0.057184 0.126612 0.05613 0.051372 0.050932 0.050149 0.052172 0.05184 0.04995 0.049104 0.051699 0.055703 0.05718 0.054424 0.05563 0.05524 0.056217 0.053153 0.055063 0.056042 0.056641 0.056316 0.056824 0.055108 0.052692 0.055281 0.052826 0.051059 0.051333 0.051258 0.049925 0.051733 0.048921 0.049118 0.055611 0.054722 0.055623 0.054837 0.053841 0.054775 0.055319 0.05457 0.055437 0.054807 0.05544 0.055196 0.054087 0.053876 0.051081 0.051559 0.051093 0.052967 0.052013 0.050135 0.051531 0.050224 0.051345 0.054475 0.054621 0.055136 0.054642 0.056142 0.055355 0.055524 0.057969 0.054764 0.054576 0.056018 0.054298 0.05484 0.056351 0.054839 0.055656 0.056544 0.056763 0.057021 0.056339 0.058423 0.053479 0.0567 0.054942 0.060612 0.060448 0.059291 0.060916 0.059861 0.060586 0.060839 0.059902 0.055641 0.055596 0.057781 0.056391 0.056174 0.054582 0.054125 0.054849 0.052209 0.052359 0.052951 0.05138 0.050943 0.115258 0.055632 0.057893 0.055213 0.054603 0.054075 0.055095 0.055754 0.057186 0.05605 0.05329 0.056073 0.054452 0.053465 0.051609 0.050524 0.053054 0.052424 0.05317 0.051642 0.051134 0.110653 0.049891 0.049631 0.04897 0.057968 0.056581 0.052965 0.053387 0.052392 0.065444 0.0519 0.057008 0.053716 0.054838 0.056143 0.057445 0.055811 0.055799 0.056489 0.053873 0.055417 0.052471 0.052575 0.054167 0.052633 0.057313 0.054694 0.057575 0.053599 0.341938 0.053448 0.052395 0.053112 6.240441 0.057654 0.050603 0.054688 0.054516 0.052921 0.055368 0.055606 0.055982 0.056028 0.055584 0.052078 0.054285 0.054142 0.065402 0.055062 0.054236 0.053589 0.05254 0.052811 0.052079 0.053886 0.050876 0.058454 0.051416 0.050374 0.052201 0.048926 0.055686 0.053922 0.056622 0.050491 0.055245 0.053599 0.055036 0.055925 0.059813 0.054264 0.050072 0.054091 0.056428 0.053374 0.06386 0.053442 0.054782 0.051141 0.052958 0.121868 0.051172 0.122789 0.056343 0.051734 0.056744 0.05609 0.055404 0.052839 0.055891 0.053691 0.05264 0.053884 0.055154 0.055647 0.05277 0.053016 0.056078 0.05332 0.050722 0.051798 0.052687 0.051337 0.051503 0.051242 0.051322 0.050064 0.056222 0.052999 0.051751 0.057223 0.057103 0.055278 0.057182 0.056312 0.056993 0.057952 0.056677 0.05604 0.055839 0.051977 0.051616 0.051443 0.050725 0.051534 0.052293 0.050975 0.050954 0.056414 0.056195 0.055344 0.117838 0.057355 0.05494 0.056181 0.053917 0.054366 0.055511 0.055066 0.051185 0.058423 0.05504 0.054857 0.052422 0.051924 0.052513 0.05273 0.050105 0.051656 0.052446 0.052735 0.051171 0.055332 0.055129 0.052244 0.055589 0.056226 0.125409 0.053694 0.055064 0.056042 0.056478 0.056057 0.054693 0.055776 0.052823 0.054922 0.053472 0.051796 0.051124 0.052432 0.050683 0.04949 0.050521 0.056276 0.056557 0.044886 0.013417 0.013458 0.013599 0.013269 0.015133 0.014595 0.014702 0.014408 0.013338 0.013455 0.013467 0.013427 0.041263 0.016757 0.013392 0.014154 0.014744 0.015123 0.015361 0.014824 0.016093 0.014991 0.014783 0.015377 0.015053 0.015158 0.01419 0.015363 0.015138 0.014513 0.053938 0.054343 0.056436 0.054535 0.05001 0.051027 0.051071 0.050568 0.038264 0.052141 0.052772 0.055018 0.055118 0.056662 0.056638 0.055733 0.055786 0.052376 0.056467 0.056082 0.054273 0.055636 0.056717 0.056851 0.056373 0.051713 0.051747 0.11978 0.052501 0.053001 0.052951 0.052521 0.049965 0.050182 0.05143 0.196863 0.055368 0.054515 0.054511 0.056423 0.053848 0.054413 0.055127 0.054836 0.054889 0.054648 0.054809 0.055002 0.053417 0.05196 0.053641 0.050718 0.051212 0.052254 0.051467 0.050404 0.052506 0.05016 0.051931 0.056822 0.054448 0.054741 0.053969 0.054351 0.05654 0.055619 0.057363 0.056075 0.051855 0.055966 0.055636 0.055571 0.053347 0.054153 0.0538 0.05124 0.049759 0.05148 0.053114 0.052287 0.05142 0.050655 0.057118 0.053228 0.055061 0.054667 0.056073 0.055271 0.05666 0.131713 0.055564 0.055836 0.057315 0.056025 0.056015 0.053224 0.0533 0.052609 0.052525 0.05109 0.050576 0.051297 0.051708 0.050718 0.05505 0.05602 0.055319 0.05617 0.056082 0.057207 0.054429 0.054807 0.054702 0.052914 0.055817 0.053911 0.053544 0.053036 0.05295 0.052596 0.053055 0.052645 0.05157 0.05219 0.050938 0.054153 0.056947 0.055609 0.117186 0.056062 0.058001 0.05742 0.056018 0.056867 0.055626 0.055461 0.054516 0.055463 0.053725 0.054284 0.12174 0.120162 0.050758 0.051883 0.05246 0.050988 0.05136 0.050209 0.051375 0.058318 0.054478 0.055341 0.05541 0.057621 0.057026 0.055102 0.057465 0.055912 0.054783 0.056149 0.055164 0.056784 0.052049 0.054082 0.053918 0.053901 0.052861 0.057664 0.051713 0.05135 0.051549 0.118217 0.056721 0.0534 0.057635 0.056012 0.05592 0.054282 0.058292 0.056538 0.055682 0.055519 0.054977 0.055797 0.052305 0.052986 0.053102 0.054035 0.052117 0.052266 0.052827 0.052617 0.051842 0.05095 0.057795 0.056046 0.0566 0.056519 0.057362 0.050884 0.056104 0.05671 0.05524 0.055909 0.056008 0.055962 0.053256 0.052523 0.124338 0.052339 0.053016 0.050152 0.05057 0.052625 0.050777 0.054247 0.050025 0.056189 0.057655 0.057758 0.055315 0.055826 0.055319 0.056159 0.055682 0.056348 0.057383 0.0561 0.054636 0.050166 0.053417 0.052623 0.052407 0.051382 0.051819 0.052608 0.051795 0.051955 0.052248 0.057992 0.056772 0.057456 0.05618 0.055159 0.054768 0.056673 0.055843 0.054187 0.057154 0.055115 0.055651 0.051313 0.051436 0.052444 0.052508 0.052325 0.05122 0.051733 0.052124 0.050693 0.051315 0.054994 0.055305 0.054924 0.053657 0.057706 0.056018 0.055698 0.057673 0.054982 0.058147 0.057131 0.055351 0.051536 0.052925 0.051294 0.052147 0.052739 0.053798 0.053714 0.051335 0.048443 0.123624 0.05711 0.056589 0.056432 0.056869 0.056051 0.055554 0.126782 0.054827 0.055962 0.056801 0.057196 0.056503 0.057737 0.054766 0.056845 0.053156 0.052852 0.052262 0.05248 0.052361 0.052387 0.053128 0.05128 0.04985 0.05414 0.056388 0.056405 0.056453 0.055993 0.056483 0.05583 0.056411 0.054964 0.058501 0.056573 0.055971 0.055598 0.055507 0.05268 0.054115 0.049544 0.052311 0.052229 0.122355 0.052573 0.050993 0.057206 0.057619 0.054573 0.055768 0.055566 0.054791 0.054449 0.055463 0.055976 0.055746 0.055919 0.053945 0.055111 0.055604 0.052698 0.053106 0.052386 0.055113 0.052439 0.051134 0.051171 0.051656 0.052541 0.051245 0.056032 0.055423 0.058031 0.055015 0.05746 0.05588 0.054904 0.056136 0.056317 0.055886 0.054883 0.056306 0.058132 0.057368 0.052046 0.053798 0.055821 0.053782 0.053108 0.053215 0.053815 0.052401 0.049477 0.057616 0.059741 0.056239 0.055691 0.055721 0.120571 0.05512 0.055808 0.056019 0.056561 0.055643 0.056281 0.058374 0.05272 0.050594 0.051641 0.053405 0.127193 0.051233 0.051275 0.053477 0.051057 0.055721 0.058765 0.056224 0.055886 0.055921 0.05464 0.055916 0.056229 0.0557 0.055541 0.055743 0.057758 0.05611 0.058687 0.054584 0.052357 0.052109 0.051559 0.051226 0.0526 0.053046 0.052573 0.054054 0.056163 0.054755 0.055619 0.054907 0.05726 0.05708 0.055485 0.056555 0.055767 0.054615 0.054472 0.052195 0.05573 0.056613 0.054644 0.052191 0.052689 0.051845 0.053318 0.05142 0.051293 0.050131 0.056709 0.056487 0.055439 0.057052 0.055562 0.056932 0.054882 0.055135 0.057884 0.054986 0.054954 0.055942 0.055751 0.052825 0.054733 0.053598 0.052475 0.051933 0.052538 0.051691 0.05188 0.053084 0.198986 0.05576 0.055424 0.055061 0.057128 0.056673 0.05749 0.05536 0.053822 0.057599 0.052745 0.065118 0.055586 0.057257 0.054104 0.056518 0.053534 0.052671 0.050883 0.052386 0.123161 0.053148 0.051433 0.057967 0.054539 0.056033 0.052992 0.054948 0.055614 0.055815 0.055185 0.055958 0.0552 0.057808 0.056809 0.057068 0.12328 0.050927 0.053496 0.054329 0.051412 0.051844 0.052172 0.051146 0.052209 0.05238 0.05231 0.054201 0.057457 0.055848 0.055339 0.055597 0.056766 0.056313 0.054726 0.055024 0.056184 0.055716 0.056486 0.054952 0.056296 0.052815 0.052536 0.052295 0.051432 0.052745 0.051546 0.052554 0.053136 0.051202 0.056088 0.056244 0.05529 0.058204 0.054852 0.055527 0.055442 0.055853 0.056263 0.055535 0.056141 0.055542 0.052618 0.053554 0.052297 0.052896 0.053364 0.051755 0.052265 0.05183 0.053838 0.052833 0.050059 0.057362 0.05614 0.054166 0.053305 0.057081 0.056557 0.056251 0.056631 0.0553 0.056441 0.043265 0.016133 0.016272 0.012526 0.012958 0.014836 0.016114 0.013172 0.01265 0.013044 0.013371 0.01592 0.014474 0.014809 0.011371 0.051356 0.12062 0.040645 0.015262 0.013275 0.012727 0.01883 0.014031 0.01401 0.015545 0.014879 0.014303 0.013954 0.014405 0.01504 0.01467 0.014057 0.013594 0.013541 0.014573 0.053462 0.028865 0.053125 0.051328 0.051191 0.056121 0.049826 0.054035 0.053313 0.054726 0.053801 0.055012 0.054149 0.053325 0.054502 0.054588 0.051054 0.05208 0.052302 0.053414 0.050453 0.053391 0.050006 0.056314 0.055823 0.056185 0.05651 0.055962 0.055853 0.057903 0.055603 0.057596 0.05405 0.053608 0.054513 0.052762 0.052358 0.052101 0.052341 0.052749 0.051326 0.05006 0.05108 0.05165 0.056018 0.054633 0.058598 0.058199 0.052622 0.0561 0.055006 0.055932 0.056381 0.056722 0.055053 0.055679 0.05519 0.055646 0.05728 0.05504 0.051788 0.051169 0.051323 0.051802 0.053054 0.050753 0.049591 0.052837 0.048672 0.05593 0.056257 0.05502 0.054946 0.056917 0.056163 0.054784 0.056134 0.055408 0.057811 0.055048 
ComActTX=16 16 16 16 16 16 16 16 16 16 16 16 16 16 16 16 16 16 16 568 568 568 568 568 568 568 568 568 568 568 568 568 568 568 568 568 568 568 568 568 568 568 568 16 16 16 16 16 16 568 568 568 568 568 1100 1100 1100 1100 1100 1100 1100 1100 1100 1100 1100 1100 1100 1100 1100 1100 1100 568 568 568 568 568 568 568 568 568 568 16 16 16 16 16 16 16 16 16 16 16 16 16 16 16 16 16 16 16 16 16 16 16 16 16 16 16 16 16 16 16 16 16 16 16 16 16 16 16 16 16 16 568 568 568 568 568 568 568 568 568 568 16 16 16 16 16 16 16 16 16 16 16 16 16 16 16 16 16 16 16 16 16 16 16 16 16 16 16 16 16 16 16 16 16 16 16 16 16 16 16 16 16 568 568 568 568 568 568 568 568 568 568 568 568 568 568 568 568 568 568 568 568 568 568 568 568 568 568 568 568 568 568 568 568 568 568 568 568 568 568 568 16 16 16 16 16 16 16 16 16 16 16 16 16 16 16 16 16 16 16 16 16 16 16 16 16 16 16 16 16 16 16 16 16 16 16 16 16 16 16 16 16 16 16 16 16 16 16 16 16 16 16 568 568 568 568 568 568 568 568 568 568 568 568 16 16 16 16 16 16 16 16 16 16 16 16 568 568 568 568 568 568 568 568 568 568 568 568 568 16 16 16 16 16 16 16 16 16 16 16 16 16 16 16 16 16 16 16 16 16 16 16 16 16 16 16 16 16 16 16 16 16 568 568 568 568 568 568 568 568 568 568 568 568 568 568 568 568 568 568 568 568 568 568 568 568 568 568 568 568 568 568 568 16 568 568 568 568 568 568 568 568 568 568 568 568 1100 1100 1100 1100 1100 2164 2164 2164 2164 2164 2164 2164 1632 1632 1632 1632 1632 1100 1100 1100 1100 1100 1100 1100 1100 1100 1100 1100 568 568 16 568 568 568 568 568 568 568 568 568 568 568 568 568 1100 1100 1100 1100 1100 1100 1100 1100 1100 1100 1100 1100 1100 1100 1100 1100 1100 1100 1100 1100 1100 1100 1100 1100 1100 1100 1100 1100 1100 1100 1100 1100 1100 1100 1100 1100 1100 568 1100 1100 1100 1100 1100 1100 1100 1100 1632 1632 1632 1632 1632 1632 1632 1632 1632 1632 1632 1632 2164 2164 2164 2164 2164 2164 2164 1632 1632 1632 1632 1100 1100 568 568 568 568 568 568 568 568 568 568 568 568 568 568 568 568 568 568 568 568 568 568 568 568 1100 1100 1100 1100 1100 1100 1100 1100 1100 1100 1100 568 568 568 568 568 568 568 568 568 568 568 568 568 568 568 568 568 568 568 568 568 568 568 568 568 568 568 568 568 568 568 568 568 568 568 568 568 568 568 568 568 568 568 568 568 568 568 568 568 568 568 568 1100 1100 1100 1100 1100 1100 1100 1100 1100 1632 1632 1100 1100 1100 1100 1100 1100 1100 1100 1100 1100 1100 1100 1100 1100 1100 1100 1100 1100 1100 1100 1100 1100 1100 568 568 568 568 568 568 16 16 16 16 16 16 16 16 16 16 16 16 16 16 16 16 16 16 16 16 16 16 16 16 16 16 16 16 16 16 16 16 16 16 16 16 16 16 16 16 16 16 16 16 16 16 16 16 16 16 16 16 16 16 16 16 16 16 16 16 16 16 16 16 16 16 16 16 16 16 16 16 16 16 16 16 16 16 16 16 16 16 16 16 16 16 16 16 16 16 16 16 16 16 16 16 16 16 568 568 568 568 568 568 568 568 568 568 568 568 568 568 568 568 568 568 568 568 568 568 568 568 568 568 568 568 568 568 568 568 568 568 568 568 568 568 568 568 568 568 568 568 568 568 568 568 568 568 568 568 568 568 568 568 568 568 568 568 568 568 568 568 568 568 568 568 568 568 568 568 568 568 568 568 568 568 568 16 568 568 568 568 568 568 568 568 568 568 568 568 568 568 568 568 568 568 568 568 568 568 568 568 568 568 568 568 568 16 16 16 16 16 16 16 16 16 16 16 16 16 16 16 16 16 16 16 16 16 16 16 16 16 16 568 568 568 568 568 568 568 568 568 568 568 568 568 568 568 568 568 568 568 16 16 16 16 16 16 16 16 16 16 16 16 16 16 16 16 16 16 16 16 16 16 16 16 16 568 568 568 568 568 568 568 568 568 568 568 16 16 16 16 16 16 16 16 16 16 16 16 16 16 16 16 16 16 16 16 16 16 16 16 16 16 16 16 16 16 16 16 16 16 16 16 16 16 16 16 16 16 16 16 16 16 16 16 16 16 16 16 16 16 16 16 16 568 568 568 568 568 568 568 568 568 568 568 568 568 568 568 568 568 568 568 568 568 568 568 568 568 568 568 568 568 16 16 16 16 16 16 16 16 16 16 16 16 16 16 16 16 16 16 16 16 16 16 16 16 16 16 16 16 16 16 16 16 16 16 16 16 16 16 16 16 16 16 16 16 16 16 16 16 1100 1100 1100 1100 1100 1100 1100 1100 1100 1100 1100 568 568 568 568 568 568 16 16 16 16 16 16 16 16 16 16 16 16 16 16 16 16 16 16 16 16 16 16 16 16 16 16 16 16 16 16 16 568 568 568 568 568 568 568 568 568 568 568 568 568 568 568 568 568 568 568 568 568 568 16 16 16 16 16 16 16 16 16 16 16 16 16 16 16 16 16 16 16 16 16 16 16 16 16 16 16 16 16 16 16 16 16 16 16 16 16 16 16 16 16 16 16 16 16 568 568 568 568 568 568 568 568 568 568 568 568 568 568 568 568 568 568 568 568 568 568 568 16 16 16 16 16 16 16 16 16 16 16 16 16 16 16 16 16 16 16 16 16 16 16 16 16 16 16 16 16 16 16 16 16 16 16 16 16 16 16 16 16 16 16 16 16 16 16 16 16 16 16 16 16 16 16 16 568 568 568 568 568 568 568 568 568 568 568 568 568 568 568 568 568 568 568 568 16 16 16 16 16 16 16 16 16 16 16 16 16 16 16 16 16 16 16 16 16 16 16 16 16 16 16 16 16 16 568 568 568 568 568 568 568 568 568 568 568 568 568 568 568 568 568 16 16 16 16 568 568 568 568 568 568 568 568 568 568 568 568 568 568 568 568 568 568 568 568 568 568 568 568 568 568 568 568 16 16 16 16 16 16 16 568 568 568 568 568 568 568 568 568 568 568 568 568 568 1100 1100 1100 1100 1100 1100 1100 1100 1100 1100 1100 1100 568 568 568 568 568 16 16 16 16 568 568 568 568 568 568 568 568 568 568 568 568 568 568 568 568 568 568 16 16 16 16 16 16 16 16 16 16 16 16 16 16 16 16 16 16 16 16 16 16 16 16 16 16 16 16 16 16 16 16 16 16 16 16 16 16 16 16 16 16 16 16 16 16 16 16 16 16 16 16 16 16 16 16 16 16 16 16 16 16 16 16 16 16 16 16 16 16 16 16 16 16 16 568 568 568 568 568 568 568 568 568 568 568 568 568 568 568 568 568 568 568 568 568 568 568 568 568 568 568 568 568 16 16 16 16 16 16 16 16 16 16 16 16 16 16 16 16 16 16 16 16 16 16 16 16 16 16 16 16 16 16 568 568 568 568 568 568 568 568 568 568 568 568 568 568 16 16 16 16 16 16 16 16 568 568 568 568 568 568 568 568 568 568 568 568 568 568 16 16 16 16 16 16 16 16 16 16 16 16 16 16 16 568 568 568 568 1100 1100 1100 1100 1100 1100 568 568 568 568 568 568 568 1100 1100 1100 1100 1100 1100 1100 1100 1100 1100 1100 1100 1100 1632 1632 1632 1632 1632 1632 1632 1632 1632 1632 1632 1632 1632 1632 1632 1632 1632 1100 1100 1100 1100 1100 1100 1100 1100 1100 1100 1100 1100 568 568 568 568 568 568 568 568 568 568 568 568 568 568 568 568 568 568 568 568 16 16 16 16 16 568 568 568 568 568 568 568 568 568 568 16 16 16 16 16 16 568 568 568 568 568 568 568 568 568 568 568 568 568 568 16 16 568 568 568 568 568 568 568 568 568 568 568 568 568 568 568 568 568 568 568 568 568 568 568 568 568 568 568 568 568 568 568 568 568 568 568 568 568 568 568 568 568 568 568 568 568 568 568 1100 1100 1100 1100 1100 1100 1100 568 568 568 568 568 568 568 568 568 568 568 568 568 568 568 568 568 568 568 16 16 16 16 16 16 16 16 16 16 16 16 16 16 16 16 16 16 16 16 16 16 16 16 16 16 16 16 16 16 16 16 16 16 16 16 16 16 16 16 16 16 16 16 16 16 16 16 16 16 16 16 16 16 16 16 16 16 16 16 16 16 16 16 16 16 16 16 16 16 16 16 16 16 16 16 16 16 16 16 16 16 16 16 16 16 16 16 16 16 16 16 16 16 16 16 16 16 16 16 16 16 16 16 16 16 16 16 16 16 16 16 16 16 16 16 16 16 16 16 16 16 16 16 16 16 16 16 16 16 16 16 16 16 16 16 16 16 16 16 16 16 16 16 16 16 16 16 16 16 16 16 16 16 16 16 16 16 16 16 16 16 16 16 16 568 568 568 568 1100 1100 1100 1100 1100 1100 1100 1100 1100 1100 568 568 568 568 568 568 568 568 568 568 568 568 568 1100 1100 1100 1100 1100 1100 1100 1100 1100 1100 1100 1100 1100 1100 568 568 568 568 568 568 568 568 568 568 568 568 568 568 568 568 568 568 568 568 568 568 568 568 568 568 568 568 16 16 16 16 16 16 16 16 16 16 16 16 16 16 16 16 16 16 16 16 16 568 568 568 568 568 568 568 568 568 568 568 568 568 568 568 568 568 568 568 568 568 568 568 568 568 568 568 568 568 568 568 568 16 16 16 16 16 16 16 16 16 16 16 16 16 16 16 16 16 16 16 16 16 16 16 16 16 16 16 16 16 16 16 16 16 16 16 16 16 16 16 16 16 16 568 568 568 568 568 568 568 568 568 568 568 568 568 568 568 568 568 568 568 568 568 568 568 568 568 568 568 568 568 568 568 568 16 16 16 16 16 16 16 16 16 16 16 16 16 16 16 16 16 16 16 16 16 16 16 16 16 16 16 16 16 16 16 16 16 16 16 16 16 16 16 16 16 16 16 16 16 16 16 16 16 16 16 16 16 16 16 16 16 16 16 568 568 568 568 568 568 568 568 568 568 568 568 568 568 568 568 568 568 1100 568 568 568 568 568 568 568 568 568 568 568 568 568 16 568 568 568 568 568 568 568 568 568 568 568 568 568 568 568 568 1100 1100 1100 1100 1100 1100 1100 1100 1100 1100 1100 1100 1100 1100 1100 1100 1100 1100 568 568 568 568 568 568 568 568 568 568 568 568 568 568 568 568 568 568 568 568 568 568 568 568 568 568 568 568 568 568 568 568 568 568 568 568 568 568 16 16 16 16 16 16 16 16 16 16 568 1100 1100 1100 1100 1100 1100 1100 1100 1100 1100 1100 568 568 568 568 568 568 568 568 16 16 16 16 16 16 16 16 16 16 16 16 16 16 16 16 16 16 16 16 16 16 16 16 16 16 16 16 16 16 16 16 16 16 16 16 16 16 16 16 16 16 16 16 16 16 16 16 16 16 568 568 568 568 568 568 568 568 568 568 568 568 568 568 568 568 568 568 568 568 568 568 568 1100 1100 1100 1100 1100 1100 568 568 568 568 568 568 568 1100 1100 1100 1100 1100 1100 1100 1100 1100 1100 1100 568 16 16 16 16 16 16 16 16 16 16 16 16 16 16 16 16 16 16 16 16 16 16 16 16 16 16 16 16 16 16 16 16 16 16 16 16 16 16 16 16 16 16 16 16 16 16 16 16 16 16 16 16 16 16 16 16 16 16 16 16 16 16 16 16 16 16 16 16 16 16 16 16 16 16 16 568 568 568 568 568 568 568 568 568 568 16 16 16 16 16 16 16 16 16 16 16 16 16 16 16 16 16 16 16 16 16 16 568 568 568 568 568 568 568 568 568 568 568 568 16 16 16 16 16 16 16 16 16 16 
ComActRX=0 0 0 0 0 0 0 0 0 0 0 0 0 0 0 0 0 0 0 0 0 0 0 0 0 0 0 0 0 0 0 0 0 0 0 0 0 0 0 0 0 0 0 0 0 0 0 0 0 0 0 0 0 0 0 0 0 0 0 0 0 0 0 0 0 0 0 0 0 0 0 0 0 0 0 0 0 0 0 0 0 0 0 0 0 0 0 0 0 0 0 0 0 0 0 0 0 0 0 0 0 0 0 0 0 0 0 0 0 0 0 0 0 0 0 0 0 0 0 0 0 0 0 0 0 0 0 0 0 0 0 0 0 0 0 0 0 0 0 0 0 0 0 0 0 0 0 0 0 0 0 0 0 0 0 0 0 0 0 0 0 0 0 0 0 0 0 0 0 0 0 0 0 0 0 0 0 0 0 0 0 0 0 0 0 0 0 0 0 0 0 0 0 0 0 0 0 0 0 0 0 0 0 0 0 0 0 0 0 0 0 0 0 0 0 0 0 0 0 0 0 0 0 0 0 0 0 0 0 0 0 0 0 0 0 0 0 0 0 0 0 0 0 0 0 0 0 0 0 0 0 0 0 0 0 0 0 0 0 0 0 0 0 0 0 0 0 0 0 0 0 0 0 0 0 0 0 0 0 0 0 0 0 0 0 0 0 0 0 0 0 0 0 0 0 0 0 0 0 0 0 0 0 0 0 0 0 0 0 0 0 0 0 0 0 0 0 0 0 0 0 0 0 0 0 0 0 0 0 0 0 0 0 0 0 0 0 0 0 0 0 0 0 0 0 0 0 0 0 0 0 0 0 0 0 0 0 0 0 0 0 0 0 0 0 0 0 0 0 0 0 0 0 0 0 0 0 0 0 0 0 0 0 0 0 0 0 0 0 0 0 0 0 0 0 0 0 0 0 0 0 0 0 0 0 0 0 0 0 0 0 0 0 0 0 0 0 0 0 0 0 0 0 0 0 0 0 0 0 0 0 0 0 0 0 0 0 0 0 0 0 0 0 0 0 0 0 0 0 0 0 0 0 0 0 0 0 0 0 0 0 0 0 0 0 0 0 0 0 0 0 0 0 0 0 0 0 0 0 0 0 0 0 0 0 0 0 0 0 0 0 0 0 0 0 0 0 0 0 0 0 0 0 0 0 0 0 0 0 0 0 0 0 0 0 0 0 0 0 0 0 0 0 0 0 0 0 0 0 0 0 0 0 0 0 0 0 0 0 0 0 0 0 0 0 0 0 0 0 0 0 0 0 0 0 0 0 0 0 0 0 0 0 0 0 0 0 0 0 0 0 0 0 0 0 0 0 0 0 0 0 0 0 0 0 0 0 0 0 0 0 0 0 0 0 0 0 0 0 0 0 0 0 0 0 0 0 0 0 0 0 0 0 0 0 0 0 0 0 0 0 0 0 0 0 0 0 0 0 0 0 0 0 0 0 0 0 0 0 0 0 0 0 0 0 0 0 0 0 0 0 0 0 0 0 0 0 0 0 0 0 0 0 0 0 0 0 0 0 0 0 0 0 0 0 0 0 0 0 0 0 0 0 0 0 0 0 0 0 0 0 0 0 0 0 0 0 0 0 0 0 0 0 0 0 0 0 0 0 0 0 0 0 0 0 0 0 0 0 0 0 0 0 0 0 0 0 0 0 0 0 0 0 0 0 0 0 0 0 0 0 0 0 0 0 0 0 0 0 0 0 0 0 0 0 0 0 0 0 0 0 0 0 0 0 0 0 0 0 0 0 0 0 0 0 0 0 0 0 0 0 0 0 0 0 0 0 0 0 0 0 0 0 0 0 0 0 0 0 0 0 0 0 0 0 0 0 0 0 0 0 0 0 0 0 0 0 0 0 0 0 0 0 0 0 0 0 0 0 0 0 0 0 0 0 0 0 0 0 0 0 0 0 0 0 0 0 0 0 0 0 0 0 0 0 0 0 0 0 0 0 0 0 0 0 0 0 0 0 0 0 0 0 0 0 0 0 0 0 0 0 0 0 0 0 0 0 0 0 0 0 0 0 0 0 0 0 0 0 0 0 0 0 0 0 0 0 0 0 0 0 0 0 0 0 0 0 0 0 0 0 0 0 0 0 0 0 0 0 0 0 0 0 0 0 0 0 0 0 0 0 0 0 0 0 0 0 0 0 0 0 0 0 0 0 0 0 0 0 0 0 0 0 0 0 0 0 0 0 0 0 0 0 0 0 0 0 0 0 0 0 0 0 0 0 0 0 0 0 0 0 0 0 0 0 0 0 0 0 0 0 0 0 0 0 0 0 0 0 0 0 0 0 0 0 0 0 0 0 0 0 0 0 0 0 0 0 0 0 0 0 0 0 0 0 0 0 0 0 0 0 0 0 0 0 0 0 0 0 0 0 0 0 0 0 0 0 0 0 0 0 0 0 0 0 0 0 0 0 0 0 0 0 0 0 0 0 0 0 0 0 0 0 0 0 0 0 0 0 0 0 0 0 0 0 0 0 0 0 0 0 0 0 0 0 0 0 0 0 0 0 0 0 0 0 0 0 0 0 0 0 0 0 0 0 0 0 0 0 0 0 0 0 0 0 0 0 0 0 0 0 0 0 0 0 0 0 0 0 0 0 0 0 0 0 0 0 0 0 0 0 0 0 0 0 0 0 0 0 0 0 0 0 0 0 0 0 0 0 0 0 0 0 0 0 0 0 0 0 0 0 0 0 0 0 0 0 0 0 0 0 0 0 0 0 0 0 0 0 0 0 0 0 0 0 0 0 0 0 0 0 0 0 0 0 0 0 0 0 0 0 0 0 0 0 0 0 0 0 0 0 0 0 0 0 0 0 0 0 0 0 0 0 0 0 0 0 0 0 0 0 0 0 0 0 0 0 0 0 0 0 0 0 0 0 0 0 0 0 0 0 0 0 0 0 0 0 0 0 0 0 0 0 0 0 0 0 0 0 0 0 0 0 0 0 0 0 0 0 0 0 0 0 0 0 0 0 0 0 0 0 0 0 0 0 0 0 0 0 0 0 0 0 0 0 0 0 0 0 0 0 0 0 0 0 0 0 0 0 0 0 0 0 0 0 0 0 0 0 0 0 0 0 0 0 0 0 0 0 0 0 0 0 0 0 0 0 0 0 0 0 0 0 0 0 0 0 0 0 0 0 0 0 0 0 0 0 0 0 0 0 0 0 0 0 0 0 0 0 0 0 0 0 0 0 0 0 0 0 0 0 0 0 0 0 0 0 0 0 0 0 0 0 0 0 0 0 0 0 0 0 0 0 0 0 0 0 0 0 0 0 0 0 0 0 0 0 0 0 0 0 0 0 0 0 0 0 0 0 0 0 0 0 0 0 0 0 0 0 0 0 0 0 0 0 0 0 0 0 0 0 0 0 0 0 0 0 0 0 0 0 0 0 0 0 0 0 0 0 0 0 0 0 0 0 0 0 0 0 0 0 0 0 0 0 0 0 0 0 0 0 0 0 0 0 0 0 0 0 0 0 0 0 0 0 0 0 0 0 0 0 0 0 0 0 0 0 0 0 0 0 0 0 0 0 0 0 0 0 0 0 0 0 0 0 0 0 0 0 0 0 0 0 0 0 0 0 0 0 0 0 0 0 0 0 0 0 0 0 0 0 0 0 0 0 0 0 0 0 0 0 0 0 0 0 0 0 0 0 0 0 0 0 0 0 0 0 0 0 0 0 0 0 0 0 0 0 0 0 0 0 0 0 0 0 0 0 0 0 0 0 0 0 0 0 0 0 0 0 0 0 0 0 0 0 0 0 0 0 0 0 0 0 0 0 0 0 0 0 0 0 0 0 0 0 0 0 0 0 0 0 0 0 0 0 0 0 0 0 0 0 0 0 0 0 0 0 0 0 0 0 0 0 0 0 0 0 0 0 0 0 0 0 0 0 0 0 0 0 0 0 0 0 0 0 0 0 0 0 0 0 0 0 0 0 0 0 0 0 0 0 0 0 0 0 0 0 0 0 0 0 0 0 0 0 0 0 0 0 0 0 0 0 0 0 0 0 0 0 0 0 0 0 0 0 0 0 0 0 0 0 0 0 0 0 0 0 0 0 0 0 0 0 0 0 0 0 0 0 0 0 0 0 0 0 0 0 0 0 0 0 0 0 0 0 0 0 0 0 0 0 0 0 0 0 0 0 0 0 0 0 0 0 0 0 0 0 0 0 0 0 0 0 0 0 0 0 0 0 0 0 0 0 0 0 0 0 0 0 0 0 0 0 0 0 0 0 0 0 0 0 0 0 0 0 0 0 0 0 0 0 0 0 0 0 0 0 0 0 0 0 0 0 0 0 0 0 0 0 0 0 0 0 0 0 0 0 0 0 0 0 0 0 0 0 0 0 0 0 0 0 0 0 0 0 0 0 0 0 0 0 0 0 0 0 0 0 0 0 0 0 0 0 0 0 0 0 0 0 0 0 0 0 0 0 0 0 0 0 0 0 0 0 0 0 0 0 0 0 0 0 0 0 0 0 0 0 0 0 0 0 0 0 0 0 0 0 0 0 0 0 0 0 0 0 0 0 0 0 0 0 0 0 0 0 0 0 0 0 0 0 0 0 0 0 0 0 0 0 0 0 0 0 0 0 0 0 0 0 0 0 0 0 0 0 0 0 0 0 0 0 0 0 0 0 0 0 0 0 0 0 0 0 0 0 0 0 0 0 0 0 0 0 0 0 0 0 0 0 0 0 0 0 0 0 0 0 0 0 0 0 0 0 0 0 0 0 0 0 0 0 0 0 0 0 0 0 0 0 0 0 0 0 0 0 0 0 0 0 0 0 0 0 0 0 0 0 0 0 0 0 0 0 0 0 0 0 0 0 0 0 0 0 0 0 0 0 0 0 0 0 0 0 0 0 0 0 0 0 0 0 0 0 0 0 0 0 0 0 0 0 0 0 0 0 0 0 0 0 0 0 0 0 0 0 0 0 0 0 0 0 0 0 0 0 0 0 0 0 0 0 0 0 0 0 0 0 0 0 0 0 0 0 0 0 0 0 0 0 0 0 0 0 0 0 0 0 0 0 0 0 0 0 0 0 0 0 0 0 0 0 0 0 0 0 0 0 0 0 0 0 0 0 0 0 0 0 0 0 0 0 0 0 0 0 0 0 0 0 0 0 0 0 0 0 0 0 0 0 0 0 0 0 0 0 0 0 0 0 0 0 0 0 0 0 0 0 0 0 0 0 0 0 0 0 0 0 0 0 0 0 0 0 0 0 0 0 0 0 0 0 0 0 0 0 0 0 0 0 0 0 0 0 0 0 0 0 0 0 0 0 0 0 0 0 0 0 0 0 0 0 0 0 0 0 0 0 0 0 0 0 0 0 0 0 0 0 0 0 0 0 0 0 0 0 0 0 0 0 0 0 0 0 0 0 0 0 0 0 0 0 0 0 0 0 0 0 0 0 0 0 0 0 0 0 0 0 0 0 0 0 0 0 0 0 0 0 0 0 0 0 0 0 0 0 0 0 0 0 0 0 0 0 0 0 0 0 0 0 0 0 0 0 0 0 0 0 0 0 0 0 0 0 0 0 0 0 0 0 0 0 0 0 0 0 0 0 0 0 0 0 0 0 0 0 0 0 0 0 0 0 0 0 0 0 0 0 0 0 0 0 0 0 0 0 0 0 0 0 0 0 0 0 0 0 0 0 0 0 0 0 0 0 0 0 0 0 0 0 0 0 0 0 0 0 0 0 0 0 0 0 0 0 0 0 0 0 0 0 0 0 0 0 0 0 0 0 0 0 0 0 
