RUN=0
name=appvideo
width=640
height=480
fps=5
realfps=25.21
freq=2.4
wifi=ra0
MaxBitrate=8192
iniTX=bytes:2368705
endTX=bytes:3753581
iniRX=bytes:2411168
endRX=bytes:3821392
frames=2563
reads=100
time=5
samples=1e+02
start_time=1340.17
end_time=1853.3
energy=36581000 36581000 36581000 36516000 36516000 36516000 36462000 36462000 36462000 36386000 36386000 36386000 36321000 36321000 36321000 36267000 36267000 36267000 36267000 36202000 36202000 36202000 36127000 36127000 36127000 36072000 36072000 36072000 36008000 36008000 36008000 36008000 35954000 35954000 35954000 35889000 35889000 35889000 35813000 35813000 35813000 35759000 35759000 35759000 35759000 35694000 35694000 35694000 35640000 35640000 35640000 35575000 35575000 35575000 35521000 35521000 35521000 35445000 35445000 35445000 35445000 35381000 35381000 35381000 35316000 35316000 35316000 35262000 35262000 35262000 35186000 35186000 35186000 35121000 35121000 35121000 35121000 35067000 35067000 35067000 35002000 35002000 35002000 34948000 34948000 34948000 34883000 34883000 34883000 34883000 34829000 34829000 34829000 34754000 34754000 34754000 34689000 34689000 34689000 34635000 
power=12020000 12020000 12020000 13015000 13015000 13015000 13339000 13339000 13339000 13761000 13761000 13761000 14020000 14020000 14020000 13944000 13944000 13944000 13944000 14053000 14053000 14053000 14290000 14290000 14290000 14280000 14280000 14280000 14204000 14204000 14204000 14204000 14182000 14182000 14182000 14128000 14128000 14128000 14107000 14107000 14107000 13998000 13998000 13998000 13998000 13836000 13836000 13836000 14182000 14182000 14182000 13804000 13804000 13804000 13836000 13836000 13836000 13912000 13912000 13912000 13912000 13836000 13836000 13836000 13890000 13890000 13890000 13782000 13782000 13782000 14366000 14366000 14366000 14128000 14128000 14128000 14128000 13988000 13988000 13988000 13890000 13890000 13890000 13663000 13663000 13663000 13707000 13707000 13707000 13707000 13836000 13836000 13836000 14107000 14107000 14107000 14258000 14258000 14258000 14020000 
voltage=10810000 10810000 10810000 10810000 10810000 10810000 10810000 10810000 10810000 10810000 10810000 10810000 10810000 10810000 10810000 10810000 10810000 10810000 10810000 10810000 10810000 10810000 10810000 10810000 10810000 10810000 10810000 10810000 10810000 10810000 10810000 10810000 10810000 10810000 10810000 10810000 10810000 10810000 10810000 10810000 10810000 10810000 10810000 10810000 10810000 10810000 10810000 10810000 10810000 10810000 10810000 10810000 10810000 10810000 10810000 10810000 10810000 10810000 10810000 10810000 10810000 10810000 10810000 10810000 10810000 10810000 10810000 10810000 10810000 10810000 10810000 10810000 10810000 10810000 10810000 10810000 10810000 10810000 10810000 10810000 10810000 10810000 10810000 10810000 10810000 10810000 10810000 10810000 10810000 10810000 10810000 10810000 10810000 10810000 10810000 10810000 10810000 10810000 10810000 10810000 
tSenAct=4.103736 3.73124 3.805077 3.795777 3.934991 3.784112 3.821185 3.688061 4.229644 3.819547 3.975035 3.97286 3.964363 4.09461 3.990592 3.90238 3.835246 3.795613 6.93989 3.887724 3.883862 3.873407 3.807217 3.802215 3.889619 3.898184 3.977808 3.813652 3.893996 4.110661 3.818701 3.874053 3.835103 3.761963 3.841841 3.84995 3.850396 3.809846 3.832186 3.967794 3.967808 3.923569 3.892401 3.887246 4.147553 3.88567 4.029081 3.927524 3.917958 4.127289 4.136991 4.016044 4.14741 3.956484 3.827721 3.832465 3.958403 3.846327 3.875362 4.880008 4.001186 3.988969 4.004858 3.915028 3.836739 3.956774 3.859309 3.8583 3.88395 5.928292 3.921542 3.858913 3.823896 4.035398 3.761921 3.840384 3.843746 3.826904 3.829185 3.838646 3.841532 3.815932 3.992445 3.871596 3.831086 3.825486 3.820021 3.808879 3.806664 3.810509 3.811441 3.800599 3.819172 3.811627 3.831087 4.031228 3.82343 3.804951 3.801295 3.737262 3.738071 3.8081 3.818555 3.819228 3.803885 3.817365 3.783464 3.803427 3.798252 4.666476 3.803236 3.801793 3.819252 3.796195 3.810038 3.813831 3.81392 3.994065 3.884524 3.883606 3.840665 4.004276 3.805582 3.737559 3.756239 3.804255 3.816648 3.881313 3.818376 4.17116 3.916489 3.848538 3.90046 3.835 4.994891 3.83358 3.885272 3.867896 3.878161 3.991701 4.09681 3.877265 3.913297 4.027333 3.805265 3.918642 3.863522 3.968867 4.015677 3.89655 3.849993 3.975566 3.893953 3.833907 3.98788 3.903138 3.888607 3.826127 3.827717 3.746385 3.930301 3.999258 3.978453 3.913968 3.984829 3.910044 3.996543 3.956379 3.90637 3.859887 3.98419 4.024629 3.982922 3.93181 4.020685 3.902019 3.896616 3.981197 4.00291 3.874883 3.845564 4.165829 3.974625 3.863153 4.16119 3.85511 3.872098 3.860364 3.88117 3.859086 3.867984 4.004672 3.967102 3.866717 3.87309 3.87632 3.889442 3.881588 4.027168 3.950631 3.965503 3.94248 3.96478 3.961615 3.928946 3.939169 4.162306 4.15109 3.884208 3.868789 3.874086 3.827714 3.875391 3.941193 4.1249 3.925425 3.905762 3.872825 3.893529 3.885198 3.900658 3.900248 3.967207 4.029394 3.935428 3.918207 4.006757 4.121039 3.965745 4.171235 3.923262 4.02685 4.026403 4.012253 3.922466 3.942081 3.992282 4.013042 3.973188 3.988787 3.983852 3.921507 3.943469 3.947132 3.959182 3.915652 3.993532 3.991314 3.981699 3.996598 3.913335 4.209958 4.008732 3.982305 3.983621 3.996404 3.996927 3.913943 5.997178 4.286872 4.044679 4.045357 4.025175 4.043815 4.001687 4.001517 3.976033 4.069606 4.054682 4.040464 4.051845 6.291362 4.028271 4.229275 4.10542 4.062804 4.097737 4.055506 4.569706 3.958953 4.071833 3.934 4.080638 5.950639 3.95884 3.959282 3.978296 3.961607 3.977967 3.995583 4.003182 4.012487 4.012237 3.997235 3.976795 4.006364 4.189848 3.944512 3.945836 4.078658 3.97686 3.944213 3.919943 3.91156 3.96844 3.930073 3.933625 3.918508 4.383827 4.011996 3.95431 3.912059 3.918544 3.872531 3.971427 3.863637 3.877176 3.912068 4.028616 3.910924 3.789718 3.833599 6.333061 3.943189 3.851575 3.892182 3.97914 3.873014 3.957256 3.890051 4.43911 3.864787 4.021844 3.851537 3.937915 4.147691 3.928596 3.866788 3.860949 3.839761 3.900946 4.226655 3.833738 3.89041 3.863364 3.925942 3.835547 3.867944 3.841809 4.028739 3.866856 3.960532 3.971499 3.959762 3.955882 3.879604 3.860494 3.885885 3.86349 3.913701 3.868189 3.933843 3.915669 4.081916 3.875377 3.951427 3.88579 3.956273 3.950608 3.953096 3.926967 3.951759 3.931827 5.917984 3.886103 3.945767 3.935529 3.978394 4.035801 3.964737 4.031028 3.933653 4.679463 3.964787 4.006665 4.106597 4.031251 4.140074 3.916624 3.931369 3.918816 3.892341 3.879671 3.906293 3.933058 3.928044 3.939793 3.942317 3.827773 3.959303 3.789916 3.812255 3.802032 3.840587 3.898086 3.939212 4.089388 3.757092 4.600663 3.858905 3.956631 3.870299 3.953272 3.851106 3.913394 4.093524 3.937163 3.867071 3.952474 3.855094 3.957039 3.875888 3.961697 3.983771 5.012799 3.911618 4.029528 3.820154 3.988137 4.07286 4.040116 3.909274 4.071262 4.066414 4.064929 3.821315 4.005153 3.997589 3.861706 4.068205 3.955494 3.87381 4.032371 3.869253 3.958726 3.867292 3.878887 3.872119 3.991437 3.911079 3.922383 4.024245 4.133403 4.0572 4.028188 4.042541 3.994383 4.003324 3.993362 3.990787 4.022151 4.018951 4.135105 4.004045 4.335023 4.024914 4.107241 4.128952 4.122406 4.100351 4.086054 3.99708 4.040785 4.025169 3.993434 5.113124 3.95726 3.920591 4.011228 4.031415 4.086833 4.059801 4.045708 4.122186 4.047053 4.061788 4.041844 3.954943 3.966855 3.94152 3.958272 3.986351 4.001089 4.078792 4.011792 4.027775 4.202006 4.031634 4.005294 3.997167 4.021196 4.040393 4.036527 4.060839 4.041624 4.032875 4.045595 4.051601 5.949623 4.06246 4.036966 4.057618 4.012376 3.954698 4.289949 4.075445 4.074015 4.205993 4.195716 4.056341 4.059681 4.060803 4.196149 4.055808 4.065185 4.06519 4.030189 4.016084 4.156837 4.212677 4.106425 4.065208 4.054891 6.083264 4.060886 4.031883 4.015288 3.997593 4.078296 4.025802 4.017074 4.02016 4.006215 4.164767 4.232409 4.043644 4.067174 4.046255 4.181933 4.062134 4.072585 4.098399 4.044723 4.033823 4.025614 4.026775 4.045023 4.013632 4.017989 4.032168 4.060959 4.049997 4.183292 4.061611 4.077941 7.954968 4.050293 8.916391 4.227474 4.051162 4.049128 4.057962 6.518076 4.073187 8.796717 4.065918 4.079126 5.469309 4.114727 4.100986 4.22201 4.09631 5.434452 4.081702 4.101463 4.226138 4.083178 8.228941 4.070749 4.069776 4.600216 4.05857 4.180413 4.041948 4.069214 4.052417 4.050689 4.12604 4.02287 4.030179 4.040107 4.001974 4.000412 3.993915 4.008516 3.990093 3.991337 4.020534 3.971421 4.173259 3.980209 3.983992 3.972617 3.985908 3.974662 3.973517 4.201507 3.977454 3.942673 3.971629 3.958628 3.951997 3.945402 3.9455 3.920357 3.933091 4.739014 3.908201 4.107006 3.91218 3.91049 4.11486 3.973175 3.951862 3.950279 3.967933 3.962359 3.985384 3.96392 3.943622 3.907472 4.179429 3.95007 3.957914 3.968991 3.961725 3.91707 3.953499 3.949644 3.966031 3.951736 3.959624 3.952852 4.130121 3.948407 3.923193 3.963419 3.920639 3.961091 3.959925 3.948187 3.92578 3.944994 3.930812 3.921795 3.943128 3.904273 4.138116 3.863867 3.937246 3.932744 3.943946 3.933098 3.925718 3.949027 3.904357 4.145609 3.914832 3.921888 3.85043 3.873158 3.93554 3.920648 3.946864 3.873425 3.857798 3.859733 3.908766 3.925579 3.91378 3.907437 3.995928 4.001457 3.994002 3.999512 3.991993 4.031095 4.0104 3.964488 3.82311 3.817064 4.028643 4.0374 4.034859 4.041852 4.063898 3.868465 3.881286 3.922588 3.949573 3.92357 3.91564 3.920788 3.905048 3.898069 3.910979 4.026143 3.942703 3.935379 4.174174 4.155631 3.945177 3.955039 3.946975 3.957241 3.936671 3.935191 3.934644 5.873938 3.883078 3.875679 3.87762 3.865944 3.878678 3.864516 3.819318 3.908295 3.891142 3.89357 4.087988 3.86797 3.907957 4.069706 3.885632 3.937857 3.940023 3.925082 3.930166 3.92332 3.977933 3.95358 4.063035 3.924675 3.936665 3.859605 3.933258 4.124395 3.973129 5.543371 4.037105 3.9776 3.998255 3.966966 3.97833 4.171435 3.994264 4.011392 3.944534 3.968021 3.972119 4.005799 4.200832 3.789199 3.892279 3.895215 3.87364 3.986978 3.884493 3.882257 3.925856 3.985865 3.865242 3.966636 5.075618 4.010558 3.961428 3.964036 4.190219 3.954964 3.949531 3.939157 3.928968 4.002186 3.98451 3.983687 3.985117 3.827765 3.833175 3.824073 3.863418 3.866024 3.855048 3.830017 3.831153 3.829596 3.825731 3.828382 3.788071 4.284312 4.118378 3.897683 3.883149 3.878036 4.058179 3.981477 3.827868 3.834546 3.883875 3.825749 3.831675 3.82665 3.826283 3.815916 3.796488 3.896958 3.880999 4.024098 3.873952 3.871739 3.864874 4.433313 4.073648 3.878381 5.334363 3.842229 3.84049 3.840982 3.958656 3.848171 3.86797 3.844066 3.945715 3.828281 3.841497 3.834927 4.342558 3.832672 3.833325 3.922766 4.184503 3.957669 3.839141 3.952506 4.029771 4.051994 3.943904 3.898154 3.904958 3.984094 3.916647 3.930431 3.898263 4.017303 3.811005 3.806847 3.972963 3.915823 4.023329 3.903364 3.904865 3.913698 3.835966 3.838497 3.804425 4.273647 4.550804 4.136184 3.949144 3.830869 3.828296 3.957559 3.830039 3.81647 3.839961 3.828579 3.824825 3.817132 3.87494 3.851086 3.851173 4.133777 3.862648 3.895331 3.831768 3.936204 3.840619 3.933795 3.918655 4.118743 3.911862 3.871785 3.825761 3.968767 4.02862 4.021335 4.009716 3.892513 3.888379 3.968006 3.949437 3.961291 3.970805 3.951849 3.927717 3.908426 3.8889 3.893613 3.863315 3.862628 3.88141 4.072997 3.889339 3.888644 3.920498 3.847322 3.923912 3.893584 3.897698 3.882536 3.848621 3.932487 5.509679 3.912944 3.919791 3.909596 3.849318 3.84618 3.853707 3.842002 3.834569 3.851515 3.902044 4.05891 3.853415 3.917778 3.903581 3.918135 3.883575 3.996958 3.890174 3.887638 4.058509 3.884536 3.886454 3.884008 3.816478 3.745202 4.028748 3.940364 4.006151 3.916375 3.915533 3.9259 3.927488 4.156053 3.911083 3.892213 3.954161 3.92051 3.838307 3.84241 3.848497 3.843475 3.845923 3.848558 3.841975 3.844371 3.928703 3.93491 4.011085 3.918117 3.922831 5.52587 3.924176 3.908707 3.967626 3.886481 3.873576 3.883165 3.927084 3.90869 3.808918 3.891014 3.834149 3.847979 3.841577 3.844651 3.849355 3.820399 3.835854 3.821779 4.021744 3.829655 3.803613 3.851618 3.833465 3.831191 3.989177 4.10338 3.888951 3.896694 3.815981 3.799542 3.802728 3.812643 3.810702 3.816037 3.844618 3.835664 3.821478 3.81595 3.812624 3.789375 3.733239 3.731567 3.822422 4.030743 3.820224 3.817887 3.808134 3.804018 3.795174 3.874075 3.84734 4.240587 3.987301 3.956665 3.9092 3.929416 3.91592 4.026534 3.816239 3.878846 3.802696 3.836981 3.947652 3.834364 3.925213 3.840134 3.832422 3.825828 4.049252 3.826917 3.823377 3.805173 3.795798 3.81853 3.822596 4.879869 3.883761 3.889239 3.919291 3.873354 3.891015 3.880169 3.885634 3.963181 3.916135 3.901975 3.744919 3.962479 3.827895 3.862657 3.839825 8.68131 3.985482 4.239758 3.8687 3.867445 3.91526 3.967055 3.868988 3.782565 8.893627 3.88997 3.897171 3.813247 3.929891 3.881147 3.889317 3.90166 3.784944 3.778673 3.752529 3.788144 3.789442 3.771519 3.763168 3.967913 3.765116 3.76662 3.817947 3.82908 3.813799 3.82332 3.820672 3.815424 3.819673 3.85626 3.850587 3.867359 3.878441 3.853595 3.882826 3.86164 3.855608 3.862979 3.865418 4.030277 3.884913 4.057078 3.87181 3.860411 3.911827 3.837329 3.917826 3.835205 3.806229 3.948415 3.976649 3.843379 3.765197 3.750133 4.497917 3.786166 3.852587 4.05168 3.819609 3.831778 3.821974 3.940874 3.993267 4.046654 3.874933 3.866588 3.893939 3.957716 3.905259 3.912092 3.891225 4.003329 4.006679 3.988358 4.647855 4.199976 4.199192 4.11023 4.037106 3.986575 4.234011 3.991092 3.990295 3.988251 4.015649 3.997893 3.991246 3.973458 7.581666 3.978354 3.967836 4.197441 3.995168 5.382464 3.968656 4.180634 4.102129 6.495404 4.01547 3.981768 4.165099 3.895379 5.331079 3.830484 3.972531 5.421995 5.537151 3.902832 3.933331 5.243232 3.911579 3.866201 3.90439 3.883957 7.769225 3.963297 3.932757 3.927121 3.875535 3.886201 3.874226 3.964444 3.963112 3.963169 4.21656 3.959304 4.33596 3.9673 5.748722 4.044212 3.938962 4.172587 4.090792 3.972286 4.111711 3.981666 3.950775 4.072241 3.984906 4.016629 3.841863 3.877754 4.061777 3.881001 3.980527 3.882249 3.863322 3.921289 3.942968 3.812566 3.916864 3.883711 4.123843 6.158128 3.958573 3.830796 3.976939 6.299664 3.87686 3.838081 3.830684 3.784943 3.987667 3.978047 4.224666 3.984642 3.977454 3.977065 4.055048 3.97874 4.005789 3.992822 3.99137 4.00164 3.995437 4.122245 4.003889 3.966823 3.983037 3.973708 3.962878 3.984025 3.965259 3.970559 3.972925 3.974184 3.977199 3.973815 3.990359 3.979693 3.968587 3.984738 4.253663 3.967406 4.050919 4.088231 3.801145 4.084837 3.834801 3.828547 3.831158 3.892734 4.024519 4.32679 4.075299 3.872687 3.799001 3.802718 4.337515 3.899775 3.891477 3.805095 3.872252 3.78959 3.903136 3.801139 3.889119 3.814533 3.92207 3.869725 4.170898 3.785309 3.986194 3.76587 3.763131 3.945925 3.792106 3.694721 3.679496 3.993863 3.781758 3.768965 3.769936 3.764636 3.759588 3.751709 3.762593 3.752157 3.681096 3.9467 3.776234 4.015723 4.041241 3.795249 3.841909 4.022729 3.797459 3.798849 3.815765 3.822325 3.815804 3.989616 3.942582 4.020815 4.357023 4.016978 3.841843 3.802808 3.786744 3.95822 3.827525 3.840267 4.025634 3.814907 3.802715 4.005571 4.148066 3.796392 3.774741 3.784491 3.793064 3.826101 3.957836 3.958669 3.939973 3.950938 3.952604 3.943024 3.740902 3.948671 4.11756 3.950138 3.957612 3.939943 4.118553 3.804214 3.803341 4.002195 3.892349 3.794697 3.799808 3.73794 3.899632 3.870712 3.86738 3.865377 3.908785 3.827579 3.853111 3.828827 3.89517 3.923272 3.878494 3.88727 3.887446 3.874301 3.827744 3.821006 3.859245 4.061029 5.493604 3.867728 3.860561 3.928889 3.865882 3.985463 3.868521 3.780953 3.887002 3.87689 3.881319 3.838237 3.851766 3.826764 3.824775 3.899219 3.884525 3.909937 3.902398 3.896399 3.820641 4.081396 4.051153 3.855623 3.839114 3.796943 3.867358 3.79809 3.812129 3.847896 3.918549 3.883866 3.841575 3.806159 3.858893 3.802031 3.828071 3.891441 3.83931 3.83205 3.824747 3.894194 3.889095 3.86091 4.053573 3.840825 3.854553 3.852141 3.854361 3.863288 3.858162 3.859688 3.870369 3.851093 3.879959 3.896858 3.88798 3.881663 3.899907 3.871212 3.885972 3.905222 3.907032 4.084566 3.920528 3.959004 4.092557 3.89412 5.926482 3.90224 3.897141 3.898695 3.894831 3.891731 3.901726 3.910575 3.90951 3.900882 4.015684 3.885531 3.863703 3.916655 3.89458 4.022098 3.902923 3.890582 3.889956 3.883824 4.198398 3.929361 3.89065 3.884698 3.820405 3.829312 3.839215 3.832527 3.860454 3.819461 4.04856 3.883993 3.82059 4.528127 3.802775 4.133885 3.940821 4.213142 3.913967 3.809 3.804135 3.802268 3.996597 3.836428 3.826713 3.796897 3.824301 3.880446 3.911283 3.85479 4.828403 3.852109 3.867973 3.882564 3.830832 4.153489 3.888342 3.795084 3.883506 3.872633 3.869683 3.870709 3.89846 3.85263 3.890931 4.058758 4.079933 3.78982 3.815729 3.835378 3.844531 3.895409 3.87239 3.861518 3.853064 5.844995 3.844473 3.840131 4.055746 3.801602 4.074637 3.965215 4.145515 3.76336 4.066721 4.073404 3.844267 4.307755 4.070292 3.843441 3.841574 4.354718 4.075601 3.89893 4.073877 3.897316 4.087429 3.940606 4.088087 3.937362 4.075076 3.932329 4.086133 4.174089 3.83881 4.061585 4.516936 4.360119 3.866959 4.031836 3.841925 3.848784 4.292387 4.118681 4.08239 3.84676 3.948329 3.843205 3.837258 4.065603 3.924636 3.820143 3.825303 4.112172 4.336119 4.097309 3.880239 3.851039 4.04123 3.847913 3.858439 4.028714 4.151646 3.937843 4.568768 3.88033 3.7925 3.87365 4.002635 3.866605 3.880783 3.855767 3.795488 3.776385 3.78201 3.778645 3.767419 3.778597 3.809515 3.91981 3.925189 3.917864 3.89392 4.095191 4.124577 3.776423 3.918368 3.916373 3.958602 4.193502 3.982742 3.738364 3.826717 3.959377 3.837063 3.791245 3.84651 3.844301 3.853058 3.940544 4.001585 3.993666 4.01114 3.93149 4.058316 3.951603 3.943784 3.922105 3.911331 3.909463 3.906995 3.90862 3.914523 3.904383 4.004118 3.980464 3.920319 3.931331 3.909342 3.763333 3.957942 3.849434 3.850437 3.803143 3.795336 3.770455 3.780972 3.904345 3.972783 3.7861 3.821733 3.784838 3.721126 3.718123 3.797344 3.797124 3.806341 3.772894 3.80654 3.889813 3.896428 3.85607 3.846199 3.83238 3.924984 3.837098 3.825441 3.816618 3.836294 3.82363 4.010791 3.936099 3.834489 3.825367 3.813663 3.826711 3.861733 4.0254 3.821226 3.893572 3.884731 3.891523 3.843664 3.833589 3.84772 3.906734 4.079693 3.873109 3.820621 3.846531 3.813768 4.003534 3.901731 3.870912 3.843073 4.098785 4.084727 3.90076 4.100228 3.868232 3.929809 4.083915 4.112855 4.109434 3.924824 4.064663 3.901879 4.055603 3.908869 4.086569 3.889757 4.093903 3.886575 3.902587 3.917862 4.094141 3.904783 3.896334 3.893317 3.900279 3.883706 3.906799 4.20045 3.885084 3.865148 3.918145 3.950386 3.847397 3.938419 3.897193 3.904638 3.82656 4.052956 3.813284 3.814427 3.89427 5.489409 3.887296 4.223487 3.901034 3.821047 3.906342 3.900333 3.834612 3.895391 3.866993 3.880051 3.818271 3.828718 3.816799 5.535289 3.873975 3.828154 3.820966 3.864035 3.81405 3.768343 4.018272 4.178765 3.845216 3.826695 3.822777 3.830285 4.088067 3.820111 3.876452 3.810966 3.804498 3.741981 3.743857 7.280764 3.817636 6.858627 3.804737 3.808281 10.00048 3.870264 3.787323 3.791543 3.853736 4.378241 4.015442 4.033188 3.793941 3.908719 3.833404 3.835562 5.016264 4.16638 3.995727 4.059673 3.862728 3.89055 3.894204 3.843064 3.800237 3.786701 3.822909 4.104005 4.079596 4.122651 3.894283 3.905642 3.890997 4.087256 3.794934 3.923679 3.921645 3.931758 3.903232 3.89048 3.85147 3.848178 3.828695 4.078293 3.816217 3.818796 3.90428 3.833895 3.839522 3.823322 3.824245 3.824848 3.914514 3.844244 3.829778 3.945748 4.046705 3.840484 3.90101 3.932404 3.921132 3.91106 4.068843 3.837551 3.853356 3.840296 4.2096 4.061604 3.815558 4.064426 4.093634 4.538886 4.078309 4.049302 4.13286 4.093415 3.973589 4.166912 3.970588 3.8341 3.867442 3.946989 3.84393 3.833197 3.831408 3.878834 4.134523 3.832771 3.999601 3.978058 3.821197 3.939031 3.893045 3.927385 3.896939 4.11989 3.911225 3.890226 3.880983 3.898905 3.927769 3.927514 3.836642 3.919743 3.93567 4.089562 3.918049 3.93752 3.898429 3.898808 3.910364 3.900602 4.163733 3.919475 3.904438 3.927495 3.918149 3.914136 4.126226 3.906637 4.306401 3.928174 4.10622 4.12796 3.905725 3.93351 3.927562 3.905424 3.933674 3.941626 3.91863 3.904045 3.919353 3.914454 3.935358 3.955813 3.953602 3.929023 3.882791 3.964364 3.911816 3.950658 3.921537 3.903675 3.878424 4.089388 4.054269 4.103964 4.086258 4.080968 4.073417 4.082794 4.055161 3.883408 4.106323 4.071552 4.079028 4.069191 4.082455 4.075287 4.07368 4.080669 4.079452 4.068541 4.247436 4.050141 4.175646 4.090443 6.66744 3.888295 4.046456 3.921449 3.899442 4.067569 4.066049 4.061158 3.911121 3.91752 4.061673 4.087104 4.084465 4.085537 4.080664 4.093205 4.043958 3.92334 3.978397 3.79008 3.994543 3.954142 4.070632 3.935621 3.958022 3.919945 3.937933 3.919657 3.909464 3.917581 3.90246 3.938227 3.906144 3.90604 3.95559 3.881563 3.886192 3.815335 3.89894 3.882463 3.889549 3.884322 4.1156 4.077652 3.881442 3.896581 3.884376 3.912834 3.887872 3.902948 3.883434 4.508798 3.868065 3.886347 3.883271 3.954194 3.880328 3.8944 3.894938 3.873022 3.851935 5.963611 3.827488 3.77629 3.819034 3.889265 4.115233 3.959605 3.889747 3.912428 3.908858 4.047618 3.938595 3.918673 4.044558 3.903631 3.888946 3.930646 3.922676 3.891826 3.957056 4.369778 4.137156 4.08806 3.911811 3.837316 5.583971 3.851684 4.097367 4.133237 4.096591 4.116719 4.109187 4.10346 3.813457 3.886933 3.88978 4.086417 3.897091 3.882888 3.871274 3.871502 3.843539 4.039065 4.024395 4.01427 4.003846 3.998859 3.988313 3.983306 3.978066 4.236437 3.987155 3.953032 3.984035 3.978651 3.86324 3.894916 3.864696 3.839095 3.855012 3.857378 3.854787 3.933396 3.864577 3.856405 3.851977 3.966345 3.864206 3.926928 3.825443 4.030785 4.121479 3.976845 3.785945 3.859247 3.792546 3.957015 3.783693 3.785794 3.772986 3.779517 3.89157 3.806702 3.800232 3.805493 3.981967 3.979731 4.056309 3.989609 3.972272 3.978573 3.961694 3.995872 3.975774 4.162291 4.41105 4.187465 3.97044 3.975731 3.971671 3.977396 3.959265 3.934199 3.967274 3.982242 3.977041 3.969829 3.975836 3.965824 4.019677 3.976349 3.976054 4.009451 4.162753 3.975714 3.973086 3.984121 4.178547 3.970526 3.993857 3.829469 3.865191 3.850693 3.898849 3.950113 3.92918 3.920275 3.978036 3.866544 4.100681 3.883636 3.892777 3.894904 3.838737 3.853 3.843442 3.858987 3.824831 4.19524 4.034369 3.852609 3.8748 4.596489 3.841663 3.845656 3.828569 3.837202 4.04225 3.837265 7.060315 3.897348 3.879304 3.943057 3.923121 3.956991 3.820239 3.807908 3.84436 4.219012 4.029557 4.036615 4.204598 4.034275 4.089178 4.053174 3.82185 4.033185 3.819248 3.818912 4.054781 3.857101 3.809173 4.014123 3.73417 5.183102 3.837057 3.815481 3.814925 3.849876 3.826786 4.017851 4.032765 3.790101 3.809175 3.997838 3.805772 3.811818 3.796422 3.864102 3.827363 4.085936 3.8187 3.829992 4.08433 4.062685 3.804548 4.06306 4.3266 4.074327 4.073661 4.096689 3.801262 4.170578 4.273076 3.808889 3.79766 4.249094 3.797249 3.790442 3.828025 3.893954 3.782244 4.07048 4.118057 4.063076 4.068984 4.053973 4.059059 3.966843 4.056533 4.044087 3.963815 3.965668 4.026286 4.41313 3.836472 3.871921 3.855477 3.867432 3.868916 3.874443 3.863975 3.865324 3.875227 3.907774 3.885022 4.050099 3.903097 3.91868 3.921861 3.843988 3.914425 3.925318 3.979839 3.882851 4.014372 4.019266 4.004347 3.863293 3.919415 4.570752 3.899848 3.910974 3.901859 4.020163 3.883159 3.882342 3.866522 4.126801 4.116589 4.333463 4.127018 4.129809 4.105395 4.111421 4.214329 4.146203 4.115993 4.131838 4.286118 4.124261 4.107996 4.299601 4.134449 4.12401 4.308316 4.094627 4.209835 4.091376 4.068936 4.07639 3.955372 3.959333 3.949923 3.95707 3.960854 3.927826 3.959485 3.966589 3.959026 3.967225 4.130944 4.109214 4.189873 4.969818 4.260284 4.067733 4.084144 4.074072 4.083879 4.278089 4.099579 4.083495 4.066495 4.117114 4.079415 3.949475 3.958045 3.967104 3.869408 3.856989 4.027617 3.878189 3.877213 4.1991 4.345961 4.048575 3.998835 4.013404 4.346139 4.038974 4.029299 4.010004 4.012247 4.033249 3.938646 3.98369 3.957313 3.963119 3.947055 3.941569 3.938056 3.953249 3.968056 3.963303 3.973934 3.956456 3.947732 3.938441 4.114424 3.951037 3.93811 3.959271 3.951845 3.945997 3.944383 4.97025 3.820918 3.862094 3.814247 4.093333 3.776148 4.234347 4.009922 4.036722 4.041489 4.020869 4.446182 3.934871 3.948492 3.944174 3.938384 4.15531 3.91707 3.957207 3.958175 3.928959 3.813791 3.966124 4.028915 4.039432 3.808717 4.613464 3.808373 4.011762 3.831495 4.160472 5.87777 3.827653 4.44259 3.876811 3.816694 5.248806 3.869086 4.082768 3.883256 4.034722 4.760657 3.879378 3.916131 3.913948 3.89761 4.16878 3.965821 3.989387 3.964611 4.019742 4.02156 3.945681 4.936614 3.970423 3.940174 4.378697 4.042216 4.215348 4.022012 4.019526 4.039753 3.817196 3.837926 3.980926 3.828076 3.915438 3.819897 3.834871 3.827766 3.818627 3.818167 3.790938 3.838421 4.042693 3.747575 4.013654 4.017738 4.034499 4.03167 4.028735 4.005954 4.007271 4.21008 3.840476 3.8041 3.826829 3.817657 3.81167 3.825408 3.821814 3.806281 3.815341 3.807897 3.812896 3.819071 3.805185 3.811056 4.007595 7.759716 4.03242 4.046509 4.153166 5.10729 4.031796 3.825738 4.52138 4.008388 3.826503 3.828494 3.850718 3.849415 3.819671 3.833001 3.963066 3.820966 3.830597 3.805625 3.904085 3.80986 3.968201 3.967828 3.957153 4.010493 4.001268 3.794901 3.809227 4.154111 5.062333 3.886595 4.017761 4.008478 4.015321 4.041919 4.033637 4.038425 4.015973 4.01883 4.039853 4.140176 4.02044 4.017487 4.005802 3.999911 4.017442 3.797688 4.013877 4.125421 4.015169 4.251162 4.022339 3.825628 4.028175 4.030751 4.02745 4.012132 4.007283 3.999986 4.229472 4.013638 4.003313 4.015767 3.990713 4.009776 4.029319 4.019126 4.383919 4.024611 4.196478 3.998842 4.013551 4.011953 4.202315 4.012275 4.050169 4.032964 4.024213 4.124325 4.019082 3.82012 4.006204 3.805248 3.999252 4.154751 3.815546 3.82578 3.809534 3.930746 3.984489 3.989185 3.738981 3.999868 4.1036 3.808306 4.137761 3.9992 3.981762 4.091282 4.013347 4.01462 4.111364 4.016411 4.019618 4.014181 4.023641 3.989926 4.007234 4.154268 4.041158 3.81402 
tProAct=36.896286 35.730695 37.3296 36.365338 36.885935 36.928124 37.288976 37.439921 36.819103 39.934283 37.97627 37.017282 37.390714 37.334941 37.081183 36.762333 37.621411 37.066522 68.122686 38.219515 37.399497 37.768158 37.553892 38.208592 38.391885 37.87347 37.460841 37.129447 37.196808 38.158508 38.02232 38.929711 38.605979 39.142589 41.071749 37.261093 38.134012 38.238907 38.013306 39.070299 37.88737 38.32753 37.317709 37.379293 37.477924 37.453036 39.582889 39.417711 37.65524 38.384325 40.773142 39.422758 38.069491 37.20854 38.395246 37.459631 37.622293 38.070848 40.773738 39.555112 35.453993 35.516375 35.213338 34.619558 35.229711 34.403197 34.05897 34.532193 33.719215 57.044558 33.242001 33.110602 32.557592 32.044275 31.983704 30.662121 30.880349 31.013391 30.641096 31.214212 31.301963 31.063026 30.805459 31.887612 35.137167 31.561344 31.587543 30.823547 30.600894 31.143478 30.533234 30.8144 30.659738 31.846658 30.67303 30.493879 31.477542 30.973226 31.213003 31.073605 30.868895 30.835339 30.911655 30.64605 30.657887 30.475568 30.387563 30.580828 33.847356 31.233573 31.165366 31.161111 31.911268 32.408842 33.652909 34.475767 34.941295 35.300234 35.608717 36.728807 36.368532 37.052439 37.159272 37.120331 38.18138 36.482831 36.702884 37.651248 37.512375 37.067205 35.231254 34.276623 33.968398 38.058285 34.975973 34.123797 32.994851 32.825277 32.105592 32.285639 31.944513 32.460808 32.274438 32.019791 32.073911 30.204379 30.749625 30.035538 30.599304 30.854442 30.793177 32.054543 32.770084 34.468971 35.320917 35.808404 36.603693 36.093418 39.889038 36.178314 35.662202 35.933395 35.807767 36.315133 36.824611 43.147237 38.682339 39.53475 38.477828 37.682069 67.703607 38.213125 37.251369 38.08598 38.514299 40.149577 40.381974 40.528508 40.389546 39.780806 39.103912 39.637041 39.35741 42.607542 40.186804 39.728016 40.65884 40.880173 40.618799 41.427303 40.486177 41.102939 41.928545 43.004601 43.459454 45.172133 44.809101 44.173367 42.273151 41.481718 41.393179 40.61713 40.037527 40.560405 42.203687 42.729661 42.038167 41.139445 42.829136 39.4214 38.329296 38.340275 37.999787 38.51015 37.58469 37.307518 37.188624 38.274434 37.193317 37.486763 37.003706 39.638946 38.802128 39.1405 39.172517 38.075829 39.418149 40.252 39.240003 40.240624 40.500248 41.661981 41.213033 45.059332 41.776507 41.211362 41.192711 41.905642 42.703226 40.798486 41.810741 40.952343 40.968383 41.099923 40.639569 40.470784 40.802788 41.227508 40.794921 39.749703 39.600627 40.316091 39.987041 39.442633 39.212434 38.909739 39.508287 37.70507 36.460595 36.53514 36.033786 37.1204 36.212266 37.493709 37.15593 39.462791 38.723871 37.302549 38.28894 37.738337 37.123905 65.381142 37.094318 38.182544 36.564049 36.256034 36.760942 36.896156 35.496787 34.143498 34.834474 35.067789 34.199308 34.098539 33.729319 33.673831 34.368193 33.932602 35.027683 35.382914 34.33977 35.168175 34.863221 34.519443 33.279105 32.73475 33.085922 32.522147 34.464838 33.334714 34.468887 33.954348 34.042584 34.59492 34.884908 34.119691 33.419331 32.614894 33.429569 34.782194 34.795256 35.718914 37.600696 38.919473 38.11906 37.738965 38.420875 38.218464 38.352147 38.393194 38.281104 39.082205 65.042872 35.829093 37.424206 36.802588 36.616702 36.885234 35.469315 36.479897 37.578106 36.076 36.949059 36.671666 37.884595 38.225973 38.137532 37.851381 37.208724 36.501068 37.939336 38.953054 37.760459 37.296592 36.996812 35.594946 37.293651 37.130517 37.61029 38.216794 39.119144 38.13378 37.285192 37.99898 39.287335 38.765263 37.809562 37.316461 40.155223 36.622856 37.426565 37.048034 37.113369 36.851631 36.761695 37.116968 35.718328 35.617948 35.22725 34.351552 34.101792 33.375553 33.921312 58.158129 32.684043 31.402755 32.431505 30.351994 29.70074 30.12 29.876707 30.563386 30.511363 32.248257 30.64784 30.976247 31.582665 31.572858 32.012872 32.008821 33.401269 34.569027 35.414823 36.536476 36.150623 36.067994 34.574273 34.486963 34.061491 37.242133 37.729585 39.180683 40.028694 40.678081 41.130956 41.475864 41.438888 41.790169 45.627191 42.426897 41.609574 42.261089 41.309152 41.577271 39.71746 38.189584 38.226868 38.223978 38.816389 38.672437 38.212705 38.580266 38.725163 39.672667 67.34206 38.822324 38.6222 38.765616 39.026633 38.498561 38.97438 41.071727 40.532832 44.70515 41.683053 42.541024 41.624197 41.548636 40.866495 40.939086 41.644738 42.0299 41.119854 42.561027 42.193279 42.191517 41.830347 41.921804 41.696279 41.489277 40.703903 41.213892 42.121398 42.160649 43.857339 41.730118 39.928142 39.687616 43.71913 38.851594 39.842262 39.744493 39.468144 40.707351 40.051728 41.250806 40.155322 37.882146 38.170459 37.647567 39.04118 38.587024 38.213298 39.436227 38.938194 68.110358 39.876395 39.062188 38.423072 42.897472 41.584009 43.275532 42.583557 47.562955 42.514137 42.247587 41.979541 41.516997 41.316075 42.034779 42.268853 41.305698 41.636886 40.808566 41.358535 41.532811 40.383547 39.553241 40.265788 40.32668 38.971062 46.328662 40.1746 40.451334 40.95969 40.143255 40.092406 40.229043 40.007064 39.861986 39.771076 39.663269 41.454868 41.324666 40.68107 41.433627 42.224633 42.092911 43.508045 41.942554 41.657212 41.946454 42.623567 42.687396 41.916783 41.68222 40.997317 40.511711 39.505601 39.779602 38.694307 38.25349 38.095523 38.735599 39.287377 39.290237 38.514068 39.266945 38.916199 39.911165 39.286226 40.201596 41.111108 42.275574 42.327426 43.29192 42.020903 40.55865 40.036101 38.862765 40.440769 41.511423 40.741964 39.790107 39.442676 40.641208 40.562296 38.815587 39.694532 37.752941 38.259405 39.245196 37.754454 38.651151 39.291541 44.795312 40.802459 40.18059 44.601273 39.31813 40.816955 39.921154 45.061291 38.753022 38.581557 36.726233 38.188916 39.198095 54.264934 38.811147 39.100862 36.772689 37.079622 54.589333 38.631562 36.986024 36.985032 38.281159 51.608133 35.910904 36.816792 37.059711 38.055618 52.889654 37.855067 38.527743 37.688982 36.616094 36.508706 35.279835 35.61345 35.336198 35.124741 35.44999 35.949718 35.579298 37.175974 36.808461 39.912013 35.299561 35.05884 34.787613 35.551857 35.091966 34.728464 33.976766 34.846651 33.590838 34.083957 33.00321 32.790513 33.404594 32.393654 33.555581 32.99704 32.412068 57.946728 33.678668 34.35404 34.650334 34.888292 35.239021 34.234309 38.187922 35.183993 36.026936 37.551359 38.580623 38.644883 39.119891 38.451904 38.206666 38.427948 37.662743 37.079215 36.378423 35.628124 35.670982 35.392294 35.38411 36.197863 36.11895 34.06929 33.255809 33.067404 33.720652 33.567528 34.677742 36.531917 33.543899 33.691832 32.389834 32.06214 31.183941 31.498504 31.841831 32.204197 32.317091 33.94315 33.692402 33.294784 33.756253 34.941299 35.429328 36.334527 36.922406 38.253518 68.949199 39.243641 39.919325 40.609765 38.922513 39.440938 42.926506 39.870521 40.630475 40.500961 39.663833 38.943866 39.470717 40.215727 39.649026 40.312268 38.579819 39.642237 39.326657 37.894872 37.747338 39.117819 39.531228 39.693392 37.996225 38.48879 38.674703 38.76403 38.648914 38.1235 37.270645 39.689841 36.223781 36.434779 36.06012 36.279435 36.429628 36.283472 37.475792 38.490513 38.954919 38.85682 39.147565 38.381405 39.737493 38.472215 38.128871 37.773627 38.530693 38.151838 36.995446 63.362332 36.385459 36.317582 36.255041 38.264734 41.41303 39.494416 38.454265 40.12072 36.975772 36.9336 37.098477 37.05709 35.659392 36.470409 36.78365 37.965029 38.125621 37.997959 40.705362 41.929171 41.341524 41.360237 39.631295 39.665025 38.292349 38.868393 39.839599 39.896822 40.093733 42.105339 39.320204 39.702659 38.262542 38.288053 39.689887 40.864291 40.358074 39.317888 39.191937 39.964089 41.16178 40.869387 40.302012 39.085936 38.39767 37.755428 36.633942 36.530378 36.172264 36.015191 62.774355 35.044308 34.534325 34.946773 36.2972 34.439251 36.123593 36.801832 36.08284 36.98374 35.796824 36.693262 36.967877 36.855485 36.876793 37.414579 36.615501 36.243216 33.947695 33.942123 32.041016 32.9493 31.815781 31.94234 31.770704 31.930336 32.815975 32.805913 33.269641 32.349439 32.85855 33.21696 32.883193 33.647715 33.117183 33.599999 34.164906 34.034008 33.386365 32.910735 33.568884 34.521072 34.45946 34.99275 35.290966 35.410789 35.74068 40.100387 35.989484 36.678019 35.949071 35.574857 35.886105 36.430608 36.69833 36.323043 35.892093 36.816207 37.736199 39.516487 39.00761 39.122284 38.336193 38.355778 38.637169 38.092926 36.917588 38.961188 38.467014 38.16311 37.428974 37.016856 35.625549 35.758784 36.201204 36.867138 36.822573 36.591359 36.608375 38.432925 36.635216 36.189529 36.298959 36.879366 37.281886 38.532287 36.928295 36.844669 37.107486 38.542564 40.136808 38.854997 38.962065 39.607605 38.193984 37.215021 36.346267 37.336835 38.266776 38.777006 39.291124 66.423853 37.107804 38.433687 40.350171 39.388144 40.075341 39.689663 39.920546 40.564432 41.968773 40.896781 40.399364 39.715498 39.545042 39.474498 38.931878 39.917725 39.478442 38.322868 39.392218 40.839446 41.030811 41.792956 42.664912 41.552203 39.684735 45.477873 37.897055 40.794577 38.153117 37.50642 37.392042 38.076906 38.947911 36.694321 37.480024 36.856704 37.710272 37.000578 36.973322 39.000603 40.247506 40.202634 39.452438 39.685282 38.200494 37.88691 36.399572 38.950984 35.378606 35.563634 60.377506 36.134654 37.719486 33.904894 32.81405 33.246928 32.700582 33.836081 33.693947 33.653663 31.211045 30.960355 31.70254 31.350023 31.413966 31.33334 31.015468 30.28967 30.409053 30.609348 31.075406 31.161291 31.814938 31.655321 32.202901 31.95809 32.272097 35.850785 32.7301 33.993264 34.297892 34.195558 33.994492 33.928019 37.14907 35.479131 33.999089 33.375741 32.804002 33.891265 34.480625 35.22287 34.576252 34.106394 35.552579 36.404209 36.385996 35.445993 35.802019 36.019161 36.302925 64.722603 37.77122 34.093838 33.800485 33.515924 32.500281 32.637154 33.344817 33.83518 34.803132 33.912233 34.072773 34.074168 33.779917 33.227088 33.455317 32.608235 32.788924 32.032037 32.590792 32.032553 32.798757 31.509306 31.740087 31.862983 31.898087 35.488548 32.135138 32.418347 32.555608 33.092474 32.282902 32.569413 32.326443 33.444281 32.842227 32.765148 31.8796 31.86862 31.416138 32.030052 32.842246 33.829273 34.231517 35.109571 34.767299 33.397656 33.372595 33.878089 34.437953 34.256094 38.127039 34.518454 34.060672 33.438216 34.654497 34.669306 33.399344 33.332009 33.387655 33.532619 32.447897 32.377905 32.405151 32.741323 33.104847 32.826908 33.08844 32.562933 32.661232 32.327854 32.749135 32.697821 33.092221 33.069646 34.123003 33.400339 32.262543 31.703936 31.462623 31.65095 31.642406 31.696847 31.45601 32.139053 31.567204 31.867839 31.644484 31.664351 31.457584 31.812711 31.867062 31.617307 31.760514 31.192712 31.435291 31.509093 31.85671 31.921342 31.821836 33.531281 53.835526 31.673918 32.017949 31.596263 31.350789 31.50217 31.017703 31.258898 32.719834 31.390132 31.281579 31.200284 31.51128 31.303754 31.419157 31.875321 31.747761 31.849665 33.30704 32.867126 32.601536 32.79227 32.71403 32.515551 36.733885 32.526049 31.638205 32.64105 32.100063 32.241206 32.518724 32.089903 32.269262 32.552507 33.270055 32.037621 32.073161 32.260194 32.406944 32.409094 32.383818 32.225418 33.209636 33.769297 34.592284 36.035253 37.373027 37.230293 37.695231 42.363034 38.960889 37.67275 36.686824 36.848903 37.169947 36.789724 38.931806 38.41234 38.329565 37.908105 39.356705 37.239487 38.248571 38.52467 37.750111 37.525857 36.921196 35.941017 36.216996 36.501845 35.812396 35.537181 35.068255 34.1789 37.463119 34.011337 34.673232 33.405443 33.485817 32.742318 46.593222 32.490442 43.474157 33.504933 41.750875 33.378807 33.889289 39.860266 33.62031 33.500849 33.882548 36.06015 35.357651 45.565667 44.987672 35.250021 39.276924 37.099695 49.358878 43.863898 36.316212 62.159251 62.967386 50.745823 34.600873 34.913935 50.712095 35.284591 50.546052 34.473429 33.451802 33.723795 32.790937 32.926478 33.803461 33.741461 32.978596 32.363625 32.669347 32.923109 32.595933 33.655926 32.456366 32.626398 33.365564 33.877648 32.964039 33.004306 32.338777 33.092538 33.874796 35.824031 35.398015 37.060776 36.328356 34.778057 34.682101 35.558404 35.430668 36.166254 36.168216 35.318878 34.521147 33.87244 34.813861 34.668624 34.294547 33.203185 34.024425 34.302315 33.119783 32.365754 31.867106 56.150521 32.599288 32.539499 31.637869 31.381044 31.336198 31.587184 30.769239 31.07479 30.837351 31.531699 30.86638 30.339543 29.916211 30.529266 30.557363 30.798438 30.608452 30.307158 30.541425 30.794372 31.070301 30.921984 30.561366 30.316428 30.095252 30.491122 30.412403 30.390482 30.515134 30.280201 30.586763 30.467735 30.188814 30.212454 30.041668 31.838543 30.272268 30.498064 30.157404 30.09505 30.504154 30.555452 30.371407 30.374943 30.740173 30.326295 32.033998 34.102374 34.655706 35.656413 60.914648 34.307837 34.114144 33.622973 33.865875 34.658161 35.228922 34.970695 34.65684 34.997404 34.693845 35.687988 34.585453 35.062228 34.685032 33.609862 33.051046 32.03478 32.208546 32.261302 34.280943 31.880197 31.77278 32.003599 31.642798 31.537631 32.224077 31.741846 31.888493 32.721407 32.136929 32.712419 31.593534 32.759583 32.767829 32.382177 33.866467 32.431051 33.583635 33.294227 34.080753 35.078479 35.989611 36.476971 36.136802 40.952106 36.409038 34.581989 34.894352 35.527786 35.775485 62.219681 34.706087 34.011024 34.244112 33.681657 32.599184 32.770004 32.978403 33.079037 33.129127 33.157915 34.269116 32.264313 33.092535 32.938802 32.631935 32.432895 31.902272 31.869352 36.16649 32.290022 32.556142 32.08546 32.410261 32.866016 32.426695 32.915621 32.660785 32.83426 32.78715 32.470883 32.520877 32.64334 33.528211 33.129178 33.58067 34.520148 33.451641 32.924839 32.928684 32.167707 33.311199 34.367022 34.07171 39.532399 34.572589 33.607478 34.032681 33.252089 34.205715 33.051997 56.124672 33.211074 33.587842 32.499238 32.105182 30.874977 30.879513 31.180113 31.382223 31.260561 30.621483 36.535984 31.329637 37.461383 31.160934 31.204503 31.172484 30.498923 35.429491 30.955921 31.25019 31.729791 31.350255 32.185909 33.985184 35.648934 36.580946 35.810881 35.966737 34.608541 35.658409 34.848382 36.707857 35.61791 35.032585 35.692006 36.160384 34.82021 34.61898 34.484456 35.361997 36.016259 34.715427 38.014626 33.238866 33.056037 33.524154 32.240972 31.667473 31.978877 31.935995 31.9555 32.103634 31.982763 32.175931 31.730165 31.094402 31.185123 32.035468 33.138574 32.662475 32.426798 33.737378 32.371399 32.4794 33.740931 32.408126 32.636816 34.441282 31.93591 31.748876 32.075709 31.829298 31.693614 31.512871 31.14418 31.276791 31.039106 30.900145 30.4128 31.226236 31.187314 31.101926 30.908043 30.683289 31.616567 30.770836 31.372387 31.580899 31.735526 32.498878 33.760513 33.87003 38.112046 33.199335 33.092193 32.150531 32.486929 32.761499 34.061957 33.834148 57.511204 34.203706 33.243366 33.193623 34.111956 32.996146 32.837775 33.804633 33.50389 33.808587 35.197283 34.38837 35.714674 34.849049 34.087159 34.12546 33.151048 33.109971 32.89265 33.292835 34.399956 34.125027 34.066197 34.024696 33.70485 32.705392 32.649554 33.094957 33.412781 33.45241 31.470197 31.030575 31.748801 32.261549 32.748303 32.491978 32.349495 33.412574 32.161183 32.121751 31.930683 31.724671 31.572411 32.47981 31.746578 31.611681 31.838284 32.235349 32.063614 32.046221 32.046209 31.936075 31.945399 31.898713 31.697999 32.226704 32.281828 32.409688 31.920884 32.181871 32.126181 31.887709 31.068865 32.241866 31.641507 31.39049 31.358162 31.463142 31.842259 31.226427 31.98748 31.049275 31.697009 31.176544 31.455239 31.384967 31.595592 37.620527 31.67728 31.436641 31.628151 31.471435 31.184209 31.657146 31.000635 31.272521 31.596604 31.406384 31.679827 32.44105 31.959218 32.45943 34.25677 33.267539 33.723294 34.482427 34.189913 33.918771 34.396679 34.176521 33.129989 58.074609 34.210006 33.692751 34.670606 34.344601 34.440978 34.016526 34.861597 34.185202 33.95627 33.212661 33.343775 33.52554 32.44327 32.810226 31.036942 34.764451 32.710508 33.075183 33.177857 34.362747 34.195972 34.905101 35.003471 35.141132 35.739306 36.403669 36.571536 35.952199 37.272283 36.16391 36.375848 37.015536 37.45275 38.245637 38.861602 40.787107 40.748791 40.43412 39.876811 40.143217 40.95133 37.639934 35.897751 34.672601 34.98022 35.049533 34.234427 34.195085 33.270089 33.585825 32.256708 32.0553 32.759232 32.524638 32.896109 32.890467 32.478938 31.668578 31.464859 31.677032 36.03406 31.855643 32.117571 31.693741 33.027155 35.388648 31.771723 31.791199 31.589238 32.17488 32.300839 31.657413 31.58646 31.51693 32.05881 31.350531 31.533265 31.731082 31.896142 31.812618 31.804522 31.55896 31.496985 31.322532 31.465176 31.464798 31.373323 31.670039 31.430519 31.010435 34.787548 30.822163 32.265805 31.600414 31.535132 31.455298 31.288039 31.591614 31.423752 31.584761 54.699674 31.297216 31.273415 31.536384 31.096833 31.273211 31.115497 32.387487 31.450022 31.404252 31.511681 31.705925 31.517809 31.667828 31.875193 35.273432 32.736345 31.512706 31.769641 31.774175 31.724803 31.357383 32.450354 31.93086 31.868413 32.098396 32.679686 32.201373 32.380064 32.368376 32.232274 32.281044 32.374104 32.043568 31.984085 31.937281 32.239153 32.340823 32.000765 32.693127 35.171248 31.877715 32.939514 32.010976 32.017128 32.259313 31.939116 32.374163 31.815983 31.869569 32.067567 56.485121 32.69355 32.273019 32.195226 32.304789 32.546029 32.259231 32.497005 32.477513 32.126929 32.185348 31.973126 31.783968 32.089597 32.475559 32.153501 32.763727 32.947135 32.212692 32.185738 44.889161 32.402507 45.772344 32.522245 44.448233 33.814561 43.854667 32.438144 41.326646 31.776803 42.012765 47.620022 32.236934 32.431061 39.329921 32.610187 42.415323 38.322865 32.251778 38.929291 32.421042 47.981357 33.062896 32.43112 42.224429 31.928015 47.706071 33.705034 33.202667 34.359361 34.878538 61.238314 36.358431 36.145798 35.119669 35.327754 34.758983 34.860447 34.642056 34.351665 34.283251 35.108147 33.723802 33.427077 33.964061 33.879582 33.902627 34.349014 35.082638 33.771697 33.841354 33.919724 33.514445 33.784841 39.268792 34.6696 35.235969 35.113779 34.762328 35.280708 35.483786 35.117488 35.384433 35.333039 35.174635 34.509139 33.996679 33.897164 34.319283 34.583153 34.496416 35.651402 34.471839 35.499982 34.006388 34.760213 34.471705 34.377306 33.543597 33.633134 34.158005 32.877207 57.152146 33.477142 32.758794 32.053725 31.199365 31.50016 31.912895 31.765313 31.577505 31.709862 32.201601 32.285218 33.750876 32.255099 32.398857 32.976223 33.719825 34.934854 34.207331 33.980055 33.651465 34.233698 34.213889 34.34015 33.621371 33.958514 34.136922 33.709297 33.714023 33.92507 33.44851 34.065924 33.387033 33.822863 34.203204 33.532304 34.021856 35.032515 34.116577 33.676559 33.144568 32.738015 32.903723 33.759872 32.91924 33.114361 33.256716 33.232543 33.220595 33.181663 32.92904 33.488667 33.341531 33.348525 33.20983 33.388507 32.381992 33.32808 33.131239 33.245199 33.594831 33.253254 36.570818 33.016776 33.237211 33.279612 33.477486 33.205789 34.297515 33.178009 32.894286 32.817753 33.913887 32.853654 32.916391 32.913888 33.154682 33.159633 33.890656 33.210028 32.905207 32.588836 32.676174 32.505595 33.00593 32.286827 32.161166 35.425094 31.745098 32.169686 31.831459 31.890807 32.38238 32.122134 33.220901 32.118827 32.245911 32.542965 32.034196 32.576276 33.456963 61.036282 35.595121 35.41242 34.928097 34.440459 34.913863 34.814571 33.629593 33.729877 33.682581 34.196432 37.426805 33.721787 33.885279 33.80234 33.80252 34.132143 33.944732 34.387115 35.217378 34.603987 34.370246 33.980488 33.717292 34.04235 34.752791 33.609353 33.614953 32.94116 32.913727 32.4404 32.578338 32.18419 31.836511 31.549154 31.840865 35.037237 31.794747 31.717093 31.676952 31.638827 31.79804 31.512225 31.937323 31.84414 32.924507 31.757911 31.875512 32.116111 31.403182 31.609027 55.619518 31.681816 32.430882 33.36274 34.21621 35.267684 37.097404 38.564911 38.303428 43.738153 40.597045 40.476465 41.733555 41.908016 41.250076 40.495001 40.558175 41.0584 39.913896 41.254843 42.475595 41.468973 40.43429 38.928985 38.451239 39.513522 39.203584 38.730967 37.922868 38.307349 37.142084 36.830118 37.540165 35.965499 39.258594 37.665805 35.996802 35.942678 34.410063 34.798056 34.052462 35.021977 34.572547 33.70107 33.565145 32.289544 32.543922 31.724503 31.984489 31.793993 31.501032 31.380317 30.748464 31.124542 30.415103 30.577859 30.760816 30.211792 30.22303 34.693562 31.071037 31.599348 30.957568 31.200352 30.834879 30.867393 31.00476 30.703008 35.817945 31.748586 32.847049 34.002524 33.62444 34.898285 34.324801 32.918714 32.804423 32.872365 34.128641 34.247595 33.301508 33.213232 33.850046 34.203438 38.861754 34.279625 33.289194 32.84511 33.133934 32.28408 31.742052 30.999443 30.886992 31.143699 30.852407 30.881914 31.608758 30.51586 30.661532 30.895183 30.621973 52.620594 31.148696 31.402148 31.233734 31.449682 31.406636 31.474017 31.707079 34.621973 31.912771 31.567039 31.260799 31.241421 31.281753 31.084474 31.634653 31.472842 31.080201 31.41039 31.656077 32.088872 31.580524 31.143646 31.751793 31.669894 31.617092 31.697884 31.521198 31.669051 31.698781 32.559405 31.854316 31.802685 35.724644 31.81412 31.314135 31.781325 32.470157 32.716989 32.317183 32.713943 32.978357 32.731653 32.469921 32.353726 32.531129 33.118467 38.73093 32.408558 32.536829 33.834529 55.98622 32.682369 32.786222 32.572596 33.033255 32.720159 34.021239 34.571901 35.726103 34.887729 36.064445 37.322492 36.401108 35.849401 36.199649 35.829798 36.483922 36.073856 35.655653 34.933321 36.353763 34.954904 35.513525 34.967119 35.356974 35.436491 35.122043 34.387254 34.800892 34.958337 34.537278 34.564113 36.088829 34.330311 33.973953 34.580905 34.41225 34.405605 35.23158 34.569052 35.337815 35.667901 35.57266 35.176232 35.290153 37.087299 35.665709 35.474902 34.602227 34.46624 34.536593 33.761201 33.71501 33.72425 33.583364 33.601001 33.703373 32.945464 33.265678 32.759947 33.246927 33.142623 34.143514 34.58521 35.372208 35.81479 37.592203 37.566245 37.225616 38.388352 40.090477 39.208608 39.675925 39.015118 40.143114 40.740283 40.769717 41.560741 41.653512 42.154505 42.735659 41.709448 41.204368 42.507366 41.365125 41.058343 40.104886 40.783656 41.195619 40.956328 40.609665 40.630836 39.659651 39.573352 39.783926 39.22981 40.351823 39.879773 39.543179 40.27861 40.13044 67.419525 38.305756 37.915456 37.717637 38.03399 37.705521 41.212726 37.843844 37.100326 37.365352 36.766119 36.541693 36.235365 35.393769 34.932636 35.496811 35.287438 35.469301 35.687933 35.55336 34.909197 36.313053 34.749869 33.923105 32.544633 31.352057 31.138723 33.080578 32.540055 32.645307 32.127804 31.344139 32.147229 30.606908 31.269813 31.489217 31.586623 31.180474 30.895601 30.762621 31.071812 30.835932 31.148558 30.782181 31.549466 31.809583 31.429707 33.128889 31.854454 31.955898 32.032244 55.661755 31.446486 32.050885 32.135675 31.860181 35.989546 31.671119 31.277325 31.534746 31.573799 31.684646 31.748247 35.296105 31.635466 31.355084 31.469524 32.323819 32.387801 32.380023 32.278257 32.381968 33.160885 32.443995 32.614805 32.595434 32.268953 32.341906 32.407688 32.605434 32.102645 36.105965 33.2243 32.582805 31.959395 32.274452 32.122909 32.029342 32.23115 32.085363 31.929535 31.801351 32.225951 32.034184 32.11514 32.082542 33.030672 33.867426 36.18661 34.928815 35.119121 34.878446 35.330926 34.760059 33.973936 34.34016 38.771486 35.289423 33.990671 34.271142 33.67992 33.940654 34.11347 41.331907 33.194151 40.714413 32.993106 33.21444 33.036478 33.164498 32.346525 33.215082 33.884915 35.660565 36.335499 35.539823 40.809925 51.452875 36.554326 41.750307 51.501832 40.713105 40.867409 35.475706 41.740435 50.21216 35.345467 51.370963 35.645504 36.014701 51.990208 36.097414 46.003502 42.576598 41.807299 40.297817 36.965844 35.416957 35.444393 35.20619 35.982537 35.540981 34.863094 34.682634 34.565146 33.894371 36.625444 33.455864 34.533785 33.347093 32.369265 32.132744 31.041503 32.534116 32.169356 32.038889 32.172362 32.128478 32.765389 32.495531 32.577012 32.725619 33.44258 33.800902 33.384119 35.075368 34.253757 33.676348 33.353065 34.95401 34.510641 39.042218 35.107609 34.878753 34.543696 34.069718 34.159589 34.303859 34.143346 34.791563 34.336019 34.657653 35.676244 36.129607 36.614622 36.575095 35.387696 35.745878 35.938941 35.112074 34.505186 35.812627 59.776199 35.85464 35.905706 35.498812 35.834909 35.437116 35.12624 35.168102 34.379694 34.398464 34.592426 33.810084 33.557994 33.371375 33.556113 34.158851 34.12394 33.710345 34.010904 34.328652 34.86463 35.535756 35.134001 35.78823 36.907595 36.092841 40.027858 35.465659 35.368546 36.558799 35.547534 34.991178 35.39559 36.310991 35.536732 34.676066 35.213873 35.354481 35.994981 35.957583 35.37202 34.657648 34.355232 34.126559 34.056253 34.13554 33.947314 35.004245 34.943789 36.996746 37.418974 37.628731 36.650021 35.97943 35.144988 35.404424 35.911422 34.676544 34.086418 35.109426 34.188456 34.860471 34.517133 33.934028 34.14411 33.111339 33.680544 32.518939 32.242698 32.097071 32.474441 32.339945 32.933105 32.718644 33.94119 33.068144 33.408602 33.187127 33.322615 33.324853 32.980557 33.225906 32.790156 33.195741 33.172827 32.911494 33.112513 32.907968 32.930096 32.798719 32.939547 32.139215 32.58306 32.478059 32.979333 32.901713 32.686359 32.914938 33.299973 33.081683 34.611336 57.779822 32.680055 31.979092 34.840193 32.092411 38.189964 32.133896 31.921791 33.7117 31.483632 
tComAct=0.057973 0.056401 0.054189 0.054121 0.05383 0.052872 0.052962 0.065238 0.064492 0.054909 0.056011 0.053529 0.059579 0.057292 0.054086 0.055433 0.056269 0.054531 0.054882 0.059306 0.060082 0.062223 0.061004 0.058358 0.059776 0.058837 0.059275 0.058461 0.057935 0.056891 0.055444 0.055731 0.052981 0.052962 0.054966 0.054362 0.053061 0.052017 0.059393 0.059671 0.060637 0.059129 0.059766 0.059511 0.061566 0.058201 0.060395 0.060503 0.05963 0.058239 0.055933 0.058774 0.058618 0.05625 0.055744 0.055106 0.055648 0.055439 0.055987 0.053441 0.059693 0.059325 0.060296 0.053314 0.057567 0.056486 0.056552 0.056769 0.060053 0.126192 0.058586 0.058557 0.057548 0.054939 0.127604 0.054461 0.054352 0.053728 0.05523 0.053404 0.061261 0.059305 0.057799 0.057711 0.058906 0.057947 0.058592 0.057831 0.057382 0.057896 0.060321 0.056411 0.0573 0.058187 0.060475 0.059253 0.054541 0.053014 0.054502 0.052809 0.055524 0.052674 0.051534 0.058075 0.060481 0.059589 0.057587 0.057059 0.059353 0.059034 0.070163 0.056369 0.058702 0.058659 0.058414 0.066627 0.05669 0.057255 0.055108 0.055279 0.128152 0.054359 0.054083 0.052491 0.053051 0.051626 0.058323 0.057108 0.057349 0.058217 0.058182 0.055574 0.057619 0.058613 0.060192 0.058483 0.056359 0.057658 0.056528 0.058492 0.056787 0.053983 0.05416 0.052743 0.055757 0.056518 0.052874 0.060508 0.057502 0.05673 0.058411 0.055939 0.059328 0.056327 0.05649 0.058318 0.057454 0.055975 0.059686 0.130824 0.059816 0.057426 0.057216 0.056405 0.053912 0.058411 0.055216 0.053358 0.053956 0.054124 0.121505 0.062676 0.059639 0.059545 0.059902 0.057096 0.059269 0.059418 0.060086 0.059444 0.05862 0.066807 0.05905 0.057342 0.058331 0.055342 0.054887 0.054288 0.054738 0.054111 0.055004 0.054991 0.05397 0.053116 0.058425 0.058717 0.060224 0.06256 0.059734 0.059203 0.058195 0.060872 0.061684 0.060657 0.058373 0.057768 0.059968 0.057173 0.05757 0.055849 0.055285 0.054758 0.056383 0.053258 0.055532 0.053962 0.058162 0.057418 0.062164 0.059744 0.059938 0.05799 0.061185 0.060327 0.060072 0.057905 0.058871 0.057511 0.057993 0.057858 0.054483 0.054978 0.055949 0.055326 0.056685 0.055601 0.054946 0.056528 0.055663 0.060388 0.061176 0.061193 0.060949 0.060158 0.061156 0.05979 0.06196 0.059681 0.12911 0.060504 0.060718 0.058474 0.057855 0.056782 0.056601 0.054964 0.128095 0.054881 0.130428 0.056962 0.059362 0.058095 0.058431 0.059516 0.059893 0.057712 0.058177 0.057772 0.057733 0.057564 0.057929 0.122508 0.058773 0.056936 0.055366 0.05314 0.064142 0.052901 0.053143 0.054598 0.053713 0.051173 0.060274 0.059694 0.058894 0.056891 0.059792 0.058556 0.133727 0.057629 0.058259 0.057616 0.057752 0.056884 0.059516 0.057347 0.059026 0.055463 0.05495 0.055775 0.053037 0.052176 0.055457 0.052674 0.202449 0.058613 0.059133 0.056723 0.058254 0.059701 0.06084 0.057758 0.060317 0.069065 0.058831 0.059137 0.059058 0.057593 0.059405 0.056842 0.054805 0.05547 0.053878 0.054696 0.053691 0.054767 0.054182 0.057938 0.059308 0.058376 0.059988 0.062185 0.06072 0.058937 0.060955 0.060383 0.058606 0.060244 0.061153 0.060066 0.061713 0.065161 0.062825 0.062649 0.056787 0.055143 0.056889 0.056403 0.057086 0.053814 0.058941 0.059206 0.059646 0.058004 0.060075 0.058952 0.061237 0.059148 0.058473 0.059417 0.059327 0.060369 0.061036 0.058726 0.054398 0.057335 0.054635 0.056908 0.056742 0.053866 0.054904 0.059604 0.058916 0.119356 0.058423 0.061101 0.05789 0.060835 0.060698 0.060797 0.059013 0.058681 0.059185 0.608169 0.060247 0.057518 0.0555 0.056381 0.055471 0.055009 0.056314 0.054135 0.054832 0.051967 0.109629 0.054822 0.059066 0.058214 0.059188 0.12855 0.060277 0.059926 0.059888 0.059471 0.062137 0.068222 0.060789 0.05998 0.061467 0.058501 0.057363 0.058408 0.05664 0.056423 0.056831 0.055536 0.05318 0.05997 0.059787 0.058129 0.058846 0.059918 0.06078 0.05728 0.122065 0.058242 0.058831 0.059586 0.056917 0.060447 0.06105 0.055567 0.055301 0.055001 0.057054 0.057247 0.055807 0.056184 0.066757 0.056242 0.057237 0.070509 0.0603 0.056781 0.060333 0.060755 0.058994 0.059107 0.060113 0.059543 0.059346 0.058817 0.060142 0.058061 0.05611 0.0571 0.065733 0.055898 0.055673 0.055121 0.052766 0.053323 0.059124 0.060421 0.069956 0.059228 0.057965 0.059574 0.06003 0.055931 0.05751 0.060541 0.058998 0.060785 0.05735 0.124765 0.054718 0.055575 0.055963 0.054317 0.056074 0.054662 0.055639 0.056272 0.055198 0.061511 0.058207 0.060777 0.059206 0.058499 0.060122 0.059681 0.059329 0.061195 0.058766 0.060376 0.059545 0.056222 0.055239 0.05542 0.056351 0.057415 0.056274 0.056892 0.054625 0.056461 0.053237 0.058872 0.06189 0.059492 0.058715 0.059352 0.059602 0.061337 0.059117 0.059019 0.059634 0.060305 0.056532 0.05519 0.057451 0.058254 0.055332 0.055918 0.13672 0.056358 0.055201 0.055281 0.053196 0.058106 0.06066 0.060991 0.059251 0.059445 0.05993 0.056376 0.059348 0.060311 0.058052 0.058879 0.05938 0.061053 0.055457 0.056217 0.056587 0.055104 0.05653 0.05676 0.054085 0.055086 0.055572 0.130621 0.05883 0.05932 0.057977 0.059754 0.061848 0.060296 0.058126 0.062311 0.059983 0.059667 0.059831 0.061556 0.045923 0.015178 0.01393 0.014356 0.013893 0.016147 0.01586 0.016518 0.015059 0.014142 0.012945 0.015079 0.048259 0.01733 0.013404 0.016247 0.014966 0.015927 0.015059 0.016801 0.014655 0.015143 0.015626 0.016299 0.015327 0.016201 0.015696 0.011775 0.013477 0.013758 0.042403 0.053913 0.056964 0.055392 0.026429 0.055951 0.055243 0.057738 0.041908 0.067674 0.058561 0.058165 0.058593 0.057945 0.056948 0.060979 0.055897 0.056121 0.055187 0.054336 0.056137 0.05559 0.055178 0.061967 0.056969 0.060274 0.058466 0.129518 0.058948 0.05586 0.058175 0.057779 0.123938 0.057133 0.057977 0.055911 0.056884 0.055657 0.056996 0.057158 0.056874 0.054398 0.054211 0.05741 0.055922 0.056002 0.06001 0.059905 0.057442 0.062219 0.060333 0.061244 0.058776 0.061011 0.058092 0.060349 0.054467 0.05944 0.054373 0.05572 0.054224 0.05472 0.054599 0.054088 0.053482 0.056321 0.055103 0.062244 0.058099 0.060282 0.057978 0.107736 0.057736 0.058169 0.057368 0.061521 0.059506 0.058731 0.060465 0.12926 0.057216 0.059432 0.056593 0.122686 0.055844 0.056815 0.054002 0.053798 0.054432 0.057252 0.055721 0.060675 0.06128 0.059662 0.060582 0.059452 0.059666 0.060441 0.0599 0.059714 0.05998 0.058685 0.055775 0.058944 0.057177 0.058141 0.055446 0.056322 0.057593 0.057058 0.059734 0.055858 0.053295 0.060822 0.058394 0.060578 0.054721 0.059408 0.058857 0.05929 0.058853 0.131702 0.057385 0.057148 0.054802 0.062335 0.058645 0.055943 0.053922 0.055853 0.054585 0.055711 0.05595 0.053222 0.052362 0.060859 0.059771 0.060931 0.058047 0.061002 0.060815 0.061031 0.058587 0.06727 0.058042 0.058271 0.055102 0.06201 0.058973 0.056553 0.056376 0.055922 0.056474 0.056672 0.05413 0.055112 0.056798 0.05406 0.058777 0.058909 0.058269 0.055982 0.060409 0.060501 0.061298 0.060348 0.059727 0.062486 0.059602 0.060418 0.057693 0.055486 0.056387 0.055293 0.055116 0.056262 0.056285 0.056088 0.05573 0.05461 0.05952 0.059773 0.067335 0.059322 0.059043 0.126683 0.056488 0.061471 0.058933 0.060187 0.058526 0.055368 0.057658 0.060944 0.056289 0.05469 0.056741 0.057502 0.05633 0.056515 0.054551 0.054924 0.057376 0.060495 0.057067 0.059377 0.065932 0.061507 0.058995 0.060874 0.058437 0.058429 0.058927 0.061729 0.060389 0.060613 0.057006 0.057183 0.057519 0.058433 0.055728 0.054866 0.053075 0.130342 0.061581 0.06112 0.057435 0.058443 0.060336 0.061011 0.061188 0.130105 0.055574 0.061751 0.057611 0.059513 0.058439 0.060097 0.054662 0.05697 0.055357 0.055816 0.05584 0.055333 0.053521 0.053848 0.058732 0.060552 0.058292 0.068937 0.059528 0.058628 0.057813 0.059463 0.058465 0.06019 0.058426 0.060267 0.057959 0.060354 0.057243 0.058031 0.056513 0.056284 0.484423 0.058229 0.056528 0.055123 0.059948 0.05922 0.059173 0.070667 0.069 0.059991 0.058702 0.059281 0.061019 0.060187 0.058686 0.057622 0.059233 0.060869 0.056292 0.056279 0.056588 0.058364 0.054872 0.054738 0.056124 0.067035 0.054679 0.060356 0.058954 0.05882 0.058859 0.059886 0.062009 0.060974 0.059801 0.060655 0.057776 0.060257 0.059609 0.060455 0.057768 0.058048 0.056491 0.055927 0.055729 0.054827 0.056665 0.054886 0.055689 0.06132 0.060888 0.063 0.059518 0.060939 0.059517 0.058115 0.059298 0.059167 0.062467 0.06206 0.053116 0.06206 0.05788 0.058149 0.056747 0.05458 0.055293 0.056431 0.056077 0.055412 0.05167 0.060578 0.060869 0.119076 0.057614 0.060176 0.061192 0.060213 0.059368 0.059395 0.059536 0.0608 0.059148 0.060586 0.059624 0.053719 0.054523 0.0561 0.054651 0.054751 0.055325 0.060154 0.06004 0.061115 0.059495 0.059448 0.058848 0.129549 0.060255 0.059659 0.058445 0.069135 0.061337 0.060266 0.056008 0.059402 0.060772 0.056056 0.056506 0.055898 0.055631 0.056549 0.054365 0.054679 0.059647 0.057218 0.05861 0.057436 0.059164 0.060069 0.05804 0.060317 0.06146 0.060042 0.11702 0.059604 0.060185 0.058281 0.056981 0.055091 0.054476 0.05654 0.056513 0.057422 0.057417 0.053648 0.060423 0.059047 0.060025 0.061504 0.058741 0.060167 0.06072 0.058857 0.060295 0.058619 0.060817 0.058144 0.057712 0.057669 0.057039 0.057203 0.057026 0.056589 0.056394 0.055256 0.056036 0.055048 0.05886 0.06029 0.132553 0.060553 0.061246 0.060221 0.060494 0.058581 0.058428 0.059561 0.060113 0.058807 0.058637 0.05857 0.058045 0.055993 0.055333 0.056434 0.056383 0.044952 0.054768 0.054465 0.05336 0.059576 0.059841 0.059307 0.061482 0.059442 0.059409 0.058685 0.06 0.059538 0.060493 0.060979 0.057972 0.058142 0.059187 0.055427 0.055507 0.05468 0.056394 0.805963 0.055918 0.057579 0.054451 0.058229 0.058404 0.058997 0.060767 0.058428 0.05922 0.060671 0.059332 0.060573 0.059096 0.060137 0.060393 0.059078 0.059328 0.058645 0.058242 0.055813 0.05657 0.055671 0.055682 0.055424 0.054936 0.121781 0.061083 0.059188 0.135343 0.135659 0.058604 0.060649 0.059776 0.0594 0.060795 0.060733 0.060269 0.059783 0.05928 0.058778 0.057978 0.056174 0.057961 0.057943 0.056584 0.056555 0.05516 0.052652 0.060325 0.058082 0.061151 0.059559 0.057121 0.060012 0.058842 0.0589 0.058717 0.058077 0.058683 0.0602 0.061903 0.059108 0.059265 0.055758 0.056563 0.05715 0.057553 0.054306 0.053256 0.055659 0.054459 0.059839 0.058531 0.058625 0.061068 0.060114 0.06076 0.058575 0.06008 0.059456 0.05951 0.05798 0.059454 0.059907 0.058409 0.056361 0.05984 0.056204 0.057153 0.055967 0.056484 0.0561 0.054037 0.061291 0.058962 0.060519 0.061036 0.062054 0.058746 0.059863 0.059887 0.060503 0.059261 0.058869 0.060208 0.046749 0.017275 0.016628 0.014765 0.0138 0.016064 0.015937 0.015423 0.015448 0.015185 0.014265 0.043529 0.018092 0.014401 0.017719 0.01601 0.083093 0.016022 0.015609 0.015549 0.017165 0.015492 0.01668 0.015328 0.015064 0.013746 0.014417 0.015496 0.020117 0.014847 0.018474 0.015182 0.015785 0.019801 0.015511 0.019041 0.014758 0.015699 0.015278 0.016012 0.015059 0.014919 0.015607 0.015483 0.059452 0.05743 0.055147 0.054971 0.054311 0.029437 0.058144 0.05338 0.054852 0.0559 0.055963 0.061525 0.067871 0.05872 0.06138 0.06111 0.059901 0.06017 0.058248 0.059503 0.05864 0.061062 0.058548 0.059796 0.059082 0.063315 0.05931 0.056618 0.057067 0.054567 0.057385 0.055821 0.055378 0.061763 0.060844 0.132981 0.060777 0.059462 0.060428 0.057828 0.131652 0.06122 0.0589 0.132484 0.058062 0.057042 0.059409 0.058827 0.057623 0.056606 0.054541 0.055801 0.055002 0.054 0.052758 0.059251 0.06066 0.060067 0.058555 0.058408 0.060494 0.059656 0.058536 0.06055 0.060933 0.057795 0.061394 0.062223 0.060221 0.059888 0.05796 0.057487 0.054849 0.054478 0.055681 0.057026 0.055875 0.054971 0.060703 0.059202 0.053357 0.060226 0.056202 0.061649 0.060665 0.059677 0.060147 0.068423 0.060961 0.058675 0.061618 0.05835 0.059287 0.057293 0.056443 0.05553 0.052893 0.056055 0.124442 0.053185 0.059283 0.061323 0.060097 0.060533 0.060589 0.060221 0.061575 0.061754 0.061508 0.058727 0.061006 0.060745 0.061193 0.054466 0.059598 0.05916 0.055228 0.056351 0.055569 0.055943 0.056072 0.055511 0.053831 0.060762 0.059745 0.059781 0.060348 0.060446 0.060628 0.057608 0.058726 0.120446 0.13435 0.06083 0.129925 0.055878 0.057383 0.054698 0.055102 0.055126 0.05738 0.052428 0.055256 0.057677 0.054573 0.059533 0.12799 0.131583 0.060495 0.060572 0.129373 0.060548 0.059818 0.059785 0.059617 0.059707 0.059681 0.057487 0.127389 0.054433 0.05709 0.056942 0.055526 0.054649 0.057103 0.055021 0.055618 0.054269 0.060335 0.060571 0.059867 0.058789 0.058969 0.060718 0.060573 0.070279 0.06131 0.060332 0.059374 0.060531 0.05994 0.057877 0.120319 0.054601 0.055218 0.1247 0.054983 0.053391 0.054259 0.058568 0.060886 0.059066 0.05716 0.057819 0.061042 0.058145 0.130919 0.058282 0.058406 0.059448 0.058167 0.055653 0.057986 0.055142 0.055552 0.055597 0.056909 0.055024 0.053328 0.054593 0.05553 0.056964 0.057291 0.058425 0.058826 0.058057 0.060683 0.058581 0.058462 0.069194 0.059166 0.059565 0.057281 0.058358 0.057475 0.070852 0.059753 0.054241 0.056495 0.055218 0.129997 0.054055 0.053485 0.052012 0.057013 0.0573 0.055043 0.057292 0.058207 0.058063 0.05811 0.058585 0.060107 0.059579 0.059014 0.059002 0.056846 0.055818 0.054708 0.053943 0.058401 0.056352 0.055691 0.054724 0.054192 0.05252 0.059995 0.059807 0.058703 0.059704 0.060731 0.060455 0.057464 0.059478 0.059043 0.058958 0.058911 0.055709 0.055179 0.054958 0.058618 0.054969 0.057905 0.054991 0.054181 0.053059 0.053975 0.053726 0.062511 0.06036 0.062236 0.058589 0.060225 0.052716 0.059393 0.058774 0.060437 0.058777 0.059419 0.059622 0.055156 0.058395 0.058084 0.057876 0.057801 0.056702 0.058023 0.056911 0.056198 0.055354 0.10729 0.061551 0.058401 0.058778 0.05934 0.059447 0.06042 0.058954 0.059633 0.059028 0.058374 0.057389 0.057377 0.058716 0.057798 0.057458 0.055644 0.056173 0.056288 0.055137 0.058358 0.05631 0.052765 0.058995 0.059236 0.060062 0.057764 0.060313 0.060297 0.058486 0.058964 0.059561 0.060581 0.060194 0.059473 0.058329 0.056278 0.05523 0.056954 0.055601 0.053918 0.054872 0.054739 0.054489 0.052169 0.058446 0.058042 0.061308 0.059116 0.059086 0.058035 0.060257 0.058386 0.056273 0.058625 0.057093 0.058898 0.058963 0.056134 0.05483 0.056863 0.056538 0.055452 0.055332 0.055848 0.05326 0.053372 0.058698 0.058822 0.059659 0.057856 0.060332 0.058423 0.05835 0.059139 0.058804 0.060169 0.058229 0.059511 0.057134 0.058205 0.06014 0.057456 0.057888 0.11676 0.054463 0.056104 0.054209 0.055383 0.059128 0.05742 0.058125 0.068796 0.057735 0.058189 0.058439 0.058191 0.057534 0.05859 0.059819 0.058357 0.056984 0.058324 0.061522 0.058933 0.055026 0.057424 0.055471 0.055742 0.057476 0.055218 0.05631 0.060742 0.05857 0.058255 0.059896 0.059041 0.058703 0.058718 0.132797 0.056652 0.059505 0.059897 0.058008 0.06015 0.058515 0.058565 0.056164 0.056633 0.053838 0.053226 0.056557 0.055622 0.052722 0.060744 0.059971 0.059052 0.058362 0.057723 0.060003 0.059213 0.059688 0.058538 0.061321 0.058864 0.058399 0.055632 0.059048 0.059749 0.056533 0.057531 0.057013 0.053337 0.055073 0.055047 0.052794 0.058044 0.057578 0.059984 0.058202 0.059566 0.059255 0.057977 0.058229 0.058899 0.058115 0.059621 0.058956 0.058685 0.05462 0.055068 0.056894 0.055601 0.055584 0.054618 0.056087 0.057658 0.121497 0.059096 0.059576 0.059879 0.059355 0.132753 0.060427 0.057435 0.124548 0.060721 0.058827 0.058323 0.05778 0.056949 0.059689 0.053594 0.058009 0.055414 0.056594 0.05455 0.0553 0.056684 0.054722 0.05315 0.058668 0.060407 0.060981 0.058318 0.059919 0.059705 0.056596 0.060688 0.05918 0.059319 0.059754 0.058611 0.057597 0.059978 0.057462 0.056096 0.056293 0.056135 0.054962 0.055139 0.056142 0.057301 0.058777 0.058673 0.058641 0.060628 0.058214 0.060221 0.059975 0.05945 0.059352 0.061005 0.059436 0.056777 0.055846 0.120214 0.056766 0.056175 0.055755 0.055676 0.054262 0.055389 0.055214 0.054493 0.059586 0.060057 0.05974 0.058853 0.058779 0.059768 0.059412 0.054543 0.056675 0.061067 0.133986 0.045418 0.017873 0.016859 0.014612 0.049995 0.057198 0.044304 0.017412 0.015397 0.014507 0.076952 0.015567 0.015269 0.047641 0.016929 0.057039 0.045858 0.016717 0.014533 0.045069 0.015513 0.017706 0.014211 0.047276 0.013678 0.055509 0.043839 0.01789 0.014367 0.057414 0.056767 0.122196 0.05541 0.0562 0.05979 0.059236 0.058573 0.05849 0.060788 0.060294 0.057788 0.056122 0.058183 0.058859 0.059305 0.059714 0.059019 0.057029 0.055604 0.057003 0.058321 0.057396 0.059492 0.054598 0.058563 0.055985 0.057778 0.058418 0.060802 0.060686 0.060218 0.059107 0.059171 0.060089 0.059903 0.060164 0.135009 0.060503 0.056623 0.060625 0.059688 0.055496 0.054015 0.056144 0.055138 0.056851 0.055235 0.054108 0.058954 0.0588 0.058765 0.059594 0.117794 0.057891 0.058804 0.059387 0.05764 0.058013 0.058409 0.057654 0.056474 0.057548 0.059088 0.056801 0.621746 0.057756 0.053131 0.055797 0.053904 0.054428 0.061215 0.059046 0.058174 0.057706 0.05758 0.059208 0.06039 0.058958 0.058103 0.059617 0.059698 0.059566 0.059487 0.05802 0.060109 0.056084 0.056086 0.055224 0.055588 0.057417 0.056672 0.055196 0.059282 0.058495 0.059312 0.059663 0.060231 0.06013 0.058682 0.05857 0.058764 0.059607 0.059637 0.05869 0.058129 0.058054 0.056438 0.059124 0.058941 0.056274 0.057129 0.057119 0.053633 0.055589 0.055895 0.055502 0.059888 0.061592 0.057761 0.059034 0.059657 0.060541 0.059656 0.058414 0.059844 0.059933 0.061655 0.059988 0.055111 0.056383 0.057168 0.057101 0.056052 0.056939 0.05684 0.055165 0.056508 0.054248 0.060964 0.060434 0.060341 0.059676 0.060377 0.05837 0.058088 0.060904 0.059233 0.062176 0.060605 0.058424 0.059593 0.055491 0.055896 0.121958 0.056665 0.126335 0.054817 0.056067 0.054783 0.054073 0.057174 0.058064 0.058545 0.059422 0.059176 0.06078 0.060217 0.058142 0.058404 0.059719 0.058849 0.05952 0.059936 0.059263 0.059514 0.059073 0.056854 0.058257 0.056416 0.05555 0.055472 0.055677 0.058533 0.06062 0.05957 0.059968 0.060065 0.062767 0.059556 0.059173 0.062031 0.060359 0.06004 0.127891 0.055013 0.057781 0.058978 0.054812 0.056899 0.057603 0.063925 0.054953 0.0551 0.053104 0.122231 0.060508 0.060889 0.059431 0.057988 0.059607 0.058625 0.057227 0.060119 0.060082 0.059933 0.059066 0.057063 0.05978 0.059273 0.054499 0.053345 0.056607 0.054792 0.057298 0.05531 0.132986 0.056833 0.055676 0.057332 0.059942 0.059557 0.057185 0.058615 0.056628 0.058065 0.05984 0.05934 0.058523 0.05937 0.060541 0.057952 0.060557 0.055921 0.055249 0.054223 0.056989 0.056453 0.054976 0.053983 0.059642 0.057281 0.059704 0.057574 0.057536 0.058125 0.058406 0.056273 0.060803 0.056002 0.058822 0.060557 0.056836 0.05472 0.057964 0.05379 0.054222 0.052956 0.053504 0.05133 0.053395 0.057091 0.056984 0.056 0.060037 0.058959 0.056875 0.05881 0.059604 0.057427 0.056812 0.130345 0.056976 0.055161 0.055127 0.05316 0.061762 0.055833 0.055502 0.055753 0.057594 0.055441 0.056055 0.054062 0.053234 0.05955 0.058822 0.057231 0.058097 0.05796 0.0595 0.058226 0.061527 0.060412 0.058793 0.058797 0.124658 0.055645 0.057162 0.056836 0.0573 0.126075 0.126339 0.054393 0.055158 0.055208 0.054099 0.057448 0.056402 0.057998 0.056766 0.057511 0.056598 0.057802 0.057376 0.057977 0.059596 0.061615 0.058234 0.058364 0.05524 0.059775 0.05516 0.053871 0.054757 0.05589 0.056127 0.054695 0.054592 0.05628 0.059104 0.057905 0.057108 0.059148 0.05792 0.056555 0.058041 0.056842 0.058597 0.057629 0.057412 0.055848 0.05919 0.055881 0.057522 0.056431 0.056901 0.053498 0.05655 0.127559 0.053835 0.052792 0.059398 0.05727 0.136448 0.060184 0.058441 0.057088 0.057898 0.061903 0.059467 0.058659 0.0587 0.057198 0.057031 0.060202 0.056028 0.057811 0.058144 0.055821 0.056428 0.053352 0.054855 0.124946 0.060346 0.132175 0.057998 0.059495 0.058809 0.059918 0.059204 0.060169 0.059962 0.056926 0.059563 0.058201 0.059069 0.056571 0.059285 0.056306 0.056588 0.055385 0.05607 0.056616 0.056481 0.063801 0.053084 0.07081 0.059604 0.057547 0.058136 0.058419 0.059103 0.05734 0.060351 0.060696 0.057599 0.06028 0.129811 0.058769 0.057288 0.054259 0.055049 0.054205 0.057734 0.055434 0.054249 0.055432 0.056832 0.055775 0.06078 0.05823 0.057004 0.057415 0.058374 0.059429 0.061935 0.059158 0.04199 0.061484 0.057542 0.058887 0.056219 0.056443 0.057153 0.057823 0.055843 0.055569 0.055997 0.057148 0.055859 0.056767 0.052371 0.058502 0.062321 0.058345 0.058414 0.057216 0.133582 0.059821 0.058481 0.057629 0.057831 0.060472 0.059786 0.056168 0.055557 0.054749 0.054839 0.05577 0.056073 0.054177 0.055282 0.053265 0.059004 0.057562 0.058281 0.058991 0.057598 0.058892 0.061445 0.059421 0.057971 0.059026 0.05795 0.054427 0.054693 0.054059 0.053351 0.055737 0.055619 0.055347 0.056595 0.05448 0.052143 0.058369 0.057833 0.058028 0.05923 0.058695 0.057001 0.057756 0.055693 0.056484 0.056888 0.05904 0.060019 0.060207 0.05663 0.119208 0.05651 0.054829 0.05528 0.052162 0.054361 0.054508 0.064316 0.051865 0.056946 0.061525 0.057489 0.055932 0.061109 0.060069 0.060476 0.059134 0.058954 0.05997 0.059817 0.057195 0.058573 0.06074 0.055971 0.054173 0.056296 0.055788 0.055317 0.05372 0.054207 0.056183 0.055871 0.056672 0.05936 0.058739 0.057893 0.058155 0.058119 0.059013 0.057522 0.058174 0.058229 0.058735 0.058839 0.057926 0.053198 0.054418 0.057385 0.056537 0.055928 0.055106 0.056426 0.055687 0.059272 0.058464 0.060571 0.05927 0.060292 0.058575 0.058328 0.057674 0.048052 0.014911 0.013448 2.294133 0.014736 0.016058 0.054936 0.05563 0.052953 0.054079 0.046339 0.016675 0.017083 0.014177 0.018545 0.016256 0.01599 0.045479 0.017065 0.046695 0.122094 0.017062 0.014249 0.045025 0.017243 0.044435 0.048242 0.019896 0.01468 0.044014 0.045046 0.016977 0.046129 0.056618 0.054932 0.06119 0.054694 0.054505 0.028199 0.05887 0.059594 0.058502 0.058145 0.058019 0.058 0.058486 0.058648 0.058123 0.060351 0.057587 0.05801 0.056655 0.054689 0.056609 0.055296 0.056817 0.056154 0.055539 0.054702 0.052104 0.05764 0.056307 0.055584 0.057577 0.060055 0.057569 0.05742 0.056546 0.058401 0.059763 0.055937 0.05525 0.055913 0.056241 0.056929 0.056604 0.053762 0.05236 0.05031 0.053425 0.055148 0.053409 0.05267 0.058387 0.056921 0.054509 0.056634 0.056718 0.057317 0.058316 0.123436 0.056489 0.059213 0.058241 0.054511 0.057985 0.05613 0.055196 0.055607 0.055718 0.055626 0.056541 0.055022 0.050969 0.060122 0.058169 0.058383 0.134391 0.057961 0.059013 0.055997 0.057457 0.058645 0.05946 0.058855 0.05876 0.059925 0.059306 0.055696 0.054191 0.058147 0.056979 0.0552 0.05155 0.05606 0.054685 0.052683 0.057178 0.058114 0.059982 0.054851 0.069749 0.057948 0.058383 0.057627 0.05801 0.05749 0.058556 0.060076 0.059231 0.056747 0.054806 0.055986 0.054876 0.05631 0.057418 0.054648 0.055786 0.059423 0.059172 0.058389 0.0579 0.059086 0.058782 0.058136 0.059113 0.05622 0.059776 0.057211 0.066351 0.054813 0.058665 0.054309 0.054561 0.056878 0.058034 0.05721 0.054038 0.056142 0.05754 0.0594 0.061245 0.058449 0.059987 0.056789 0.055901 0.059994 0.058639 0.057367 0.057674 0.071701 0.058445 0.055343 0.059321 0.057833 0.055585 0.054773 0.05391 0.053851 0.05541 0.056733 0.122824 0.052304 0.057977 0.058208 0.059449 0.053922 0.059811 0.056754 0.057444 0.061395 
ComActTX=16 16 16 16 16 16 16 16 16 16 16 16 16 16 16 16 16 16 568 568 568 568 568 568 568 568 568 568 568 568 568 568 568 568 568 568 568 568 568 568 568 568 568 568 568 568 1100 1100 1100 1100 1100 1100 1100 1100 1100 1100 1100 568 568 568 568 568 568 16 16 16 16 16 16 16 16 16 16 16 16 16 16 16 16 16 16 16 16 16 16 16 16 16 16 16 16 16 16 16 16 16 16 16 16 16 16 16 16 16 16 16 16 16 16 16 16 16 16 16 16 16 16 16 16 16 16 16 16 16 16 16 16 16 16 16 16 16 16 16 16 16 16 16 16 16 16 16 16 16 16 16 16 16 16 16 16 16 16 16 16 16 16 16 16 16 16 16 16 16 16 16 16 16 16 16 16 16 16 568 568 568 568 568 568 568 568 568 568 568 568 568 568 568 568 568 568 568 568 568 568 568 568 568 16 16 16 568 568 568 568 568 568 568 568 568 568 568 568 568 568 568 568 568 568 568 568 568 568 568 568 16 16 16 16 16 16 568 568 568 568 568 568 568 1100 1100 1100 1100 1100 1100 1100 1100 1100 1100 1100 1100 1100 1100 1100 1100 1100 1100 1100 568 16 16 16 16 16 16 16 16 16 16 16 16 16 16 16 16 16 16 16 16 16 16 16 16 16 16 16 16 16 16 16 16 16 16 16 16 16 16 16 16 16 16 16 16 16 16 16 16 16 16 16 16 16 16 16 568 568 568 568 568 568 568 568 568 568 568 568 568 568 568 568 568 1100 1100 1100 1100 1100 1100 1100 1100 1100 1100 1632 1632 1632 1632 1100 568 568 568 568 568 568 568 568 568 1100 1100 1100 1100 568 568 568 568 568 568 568 568 16 16 16 16 16 16 16 16 16 16 16 16 16 16 16 16 16 16 16 16 16 16 16 16 16 16 16 16 16 16 16 16 16 1100 1100 1100 1100 1100 1100 1100 1100 1100 1100 1100 1100 1100 1100 1100 568 568 568 568 568 568 568 568 568 568 568 568 568 568 568 568 568 568 568 568 568 568 568 568 568 568 568 568 568 568 568 568 568 568 568 568 568 568 568 568 568 568 568 568 568 16 16 16 16 16 16 16 16 16 16 16 16 16 16 16 16 16 16 16 16 568 568 568 568 568 568 568 568 568 568 568 568 568 568 568 568 568 16 16 16 16 16 16 16 16 16 16 16 16 16 16 16 16 16 16 16 16 16 16 16 16 16 16 16 16 16 16 16 16 16 16 16 16 16 16 16 16 16 16 16 16 16 16 16 16 16 16 16 16 16 16 16 16 16 16 16 16 16 16 16 16 16 16 16 16 16 16 16 16 16 16 16 16 16 16 16 16 16 16 16 16 16 16 16 16 16 16 16 16 16 16 16 16 16 16 16 568 568 568 568 568 568 568 568 568 568 568 568 568 568 568 568 568 568 568 568 568 568 568 568 16 16 16 16 16 16 16 16 16 16 16 16 16 16 16 16 16 16 16 16 16 16 16 16 16 16 16 16 16 16 16 16 16 16 16 16 16 16 16 16 16 16 16 16 16 16 16 16 16 16 16 16 16 16 16 16 16 16 16 16 16 16 16 16 568 568 568 568 568 568 568 568 568 568 568 568 568 568 568 568 568 568 568 568 568 568 16 16 16 16 16 16 16 16 16 16 16 16 16 16 16 16 16 16 16 16 16 16 16 16 16 16 16 16 16 16 16 16 16 16 16 16 16 16 16 16 16 16 16 16 16 16 16 16 16 16 16 16 16 16 16 16 16 16 16 16 16 16 16 16 16 16 16 16 16 16 16 16 16 16 16 16 16 16 16 16 16 16 16 16 16 16 16 16 16 16 16 16 16 16 16 16 16 16 16 16 16 16 16 16 16 16 16 16 16 16 16 16 16 16 16 16 16 16 16 16 16 16 16 16 16 16 16 16 16 16 16 16 16 16 16 16 16 16 16 16 16 16 16 16 16 16 16 16 16 16 568 568 568 568 568 568 568 568 568 568 16 16 16 16 16 16 16 16 16 16 16 16 568 568 568 568 568 568 568 568 568 568 568 568 568 568 568 568 568 568 568 568 568 568 568 1100 1100 1100 1100 1100 1100 1100 568 568 568 568 568 568 568 568 568 568 568 568 568 568 568 568 568 568 568 568 568 568 568 568 568 568 568 568 568 568 568 568 568 568 16 16 16 16 16 16 16 16 16 16 16 16 16 16 16 16 16 16 16 16 16 16 16 16 16 16 16 16 16 16 16 16 16 16 16 16 16 16 16 16 16 16 16 16 16 16 16 16 16 16 16 16 16 16 16 16 16 16 16 16 16 16 16 16 16 16 16 16 16 16 16 16 16 16 16 16 16 16 16 16 16 16 16 16 16 16 16 16 16 16 16 16 16 16 16 16 16 16 16 16 16 568 568 568 568 568 568 568 568 568 568 568 568 568 568 568 16 16 16 16 16 16 16 16 16 16 16 16 16 16 16 16 16 16 16 16 16 16 16 16 16 16 16 16 16 16 16 16 16 16 16 16 16 16 16 16 16 16 16 16 568 568 568 568 568 568 568 568 568 568 568 568 568 568 568 568 568 568 568 568 568 568 568 568 568 568 568 568 568 568 568 568 568 16 16 16 16 16 568 568 568 568 568 568 568 1100 1100 1100 1100 1100 1100 1100 1100 1100 1100 568 568 568 568 568 568 568 568 568 568 568 16 16 16 16 16 16 16 16 16 16 16 16 16 16 16 16 16 16 16 16 16 16 568 568 568 568 568 568 568 568 568 568 16 16 16 16 16 16 16 16 16 16 16 16 16 16 16 16 16 16 16 16 16 16 16 16 16 16 16 16 16 16 16 16 568 568 568 568 568 568 568 568 568 568 568 568 16 16 16 16 16 16 16 16 16 16 16 16 16 16 16 16 16 16 16 16 16 16 16 16 16 16 16 16 16 16 16 16 16 16 16 16 16 16 16 16 16 568 568 568 568 568 568 568 568 1100 1100 1100 1100 1100 1100 1100 1100 1100 1100 1100 1100 1100 1100 1100 1100 1100 1100 1100 1100 1100 1100 1100 1100 1100 568 568 568 568 568 568 568 568 568 568 568 568 568 568 568 568 568 568 568 568 568 568 568 568 568 568 568 568 568 568 568 568 568 568 568 568 568 568 568 568 568 568 568 568 568 568 16 16 16 16 16 16 16 16 568 568 568 568 568 568 568 568 568 568 568 568 568 16 16 16 16 16 16 16 16 16 16 16 16 16 16 16 16 16 16 16 16 16 16 16 16 16 16 16 16 16 16 16 16 16 16 16 16 16 1100 1100 1100 1100 1100 1100 1100 1100 1100 1100 568 568 568 568 568 568 568 568 568 568 568 568 568 568 568 568 568 568 568 16 16 16 16 16 16 16 16 16 16 16 16 16 16 16 16 16 16 16 16 16 16 16 16 16 16 16 16 16 16 16 16 16 16 16 16 16 16 16 16 16 16 16 16 16 16 16 16 16 16 568 568 568 568 568 568 568 568 568 568 1100 1100 1100 1100 1100 1100 1100 1100 1100 1100 568 568 568 568 568 568 568 568 568 568 568 568 568 568 568 568 568 568 568 568 568 568 568 568 568 568 568 568 568 568 568 568 568 568 568 568 568 568 568 568 568 568 568 568 568 568 568 568 568 568 568 568 568 568 568 568 568 568 568 568 568 568 568 568 568 568 568 568 568 568 568 568 568 568 568 568 568 568 568 568 568 568 568 568 568 568 568 568 568 568 568 568 568 568 568 568 568 568 568 568 568 568 568 568 568 568 568 568 568 568 568 568 568 568 568 568 568 568 568 568 568 568 568 568 568 568 568 568 568 16 16 16 16 16 16 16 16 16 16 16 16 16 16 16 16 16 16 16 16 16 16 16 16 16 16 16 16 16 16 16 16 16 16 16 568 568 568 568 568 568 568 568 568 568 568 568 568 568 568 568 568 568 568 568 568 568 568 568 568 568 568 568 568 568 568 568 568 568 568 568 568 568 568 568 568 568 568 568 568 568 568 568 568 568 568 568 568 568 568 568 568 568 568 568 568 568 568 568 568 568 568 568 568 568 568 568 568 568 568 568 568 568 568 568 568 568 568 568 568 568 568 568 568 568 568 568 568 568 568 568 568 568 568 568 568 568 568 568 568 568 568 568 568 568 568 568 568 16 16 16 16 16 16 16 568 568 568 568 568 568 568 568 568 568 568 568 568 1100 1100 1100 1100 1100 1100 1100 1100 1100 1100 1100 1100 568 568 568 568 568 568 568 568 568 568 568 568 568 568 568 16 16 16 16 16 16 16 16 16 16 16 16 16 16 16 16 16 568 568 568 568 568 568 568 568 568 568 568 568 568 568 568 568 568 568 568 568 568 568 568 568 568 568 568 568 568 568 568 568 568 568 568 568 568 568 568 568 568 568 568 568 568 568 568 568 568 568 568 568 568 568 568 568 568 568 568 568 568 568 568 568 568 568 568 568 568 568 568 568 568 568 568 568 568 568 568 568 568 568 568 568 568 568 568 568 568 568 568 568 568 568 568 568 568 568 568 568 568 568 568 568 568 568 568 568 568 1100 1100 1100 1100 1100 1100 1100 1100 1100 1100 568 568 568 568 568 568 568 568 568 568 568 568 568 568 568 568 568 568 568 568 568 568 568 568 568 568 568 568 568 568 568 568 568 568 568 568 568 568 16 16 16 16 16 568 568 568 568 568 568 568 568 568 568 16 16 16 16 16 16 16 16 16 16 16 16 16 16 16 16 16 16 16 16 16 16 16 16 16 16 16 16 16 16 16 16 16 16 16 16 16 16 16 16 16 16 16 16 16 16 568 568 568 568 568 568 568 568 568 568 568 568 16 16 16 16 16 16 16 16 16 16 16 16 16 16 16 16 16 16 16 16 16 16 16 16 16 16 16 16 16 16 16 16 16 16 16 16 16 16 16 16 16 16 16 16 568 568 568 568 568 568 568 568 568 568 568 568 568 568 568 568 568 568 568 568 568 568 568 568 568 568 568 568 1100 1100 1100 1100 1100 1100 1100 1100 1100 1100 1100 1100 1100 568 568 568 568 568 568 568 568 1100 1100 1100 1100 1100 1100 1100 1100 1100 1100 1100 1100 1100 1100 1100 1100 1100 1100 1100 1100 1100 1100 568 568 568 568 568 568 568 568 568 568 568 568 568 568 568 568 568 568 568 568 568 568 568 568 16 16 16 16 16 16 568 568 568 568 568 568 568 568 568 568 568 568 568 568 16 16 16 16 16 16 16 16 16 16 16 16 16 16 16 16 16 16 16 16 16 16 16 16 16 16 16 16 16 16 16 16 16 16 16 16 16 16 16 16 16 16 16 16 16 16 16 16 16 16 16 16 16 16 16 16 16 16 16 16 16 16 16 16 16 16 16 568 568 568 568 568 568 568 568 568 568 568 568 568 568 568 568 568 568 568 568 568 568 568 568 568 568 568 568 568 568 568 568 568 568 568 568 568 568 568 568 568 568 568 568 568 568 568 568 568 568 568 568 568 568 568 568 568 568 568 568 568 568 568 568 568 568 568 568 568 1100 1100 1100 1100 1100 1100 1100 1100 1100 1100 1100 1100 1100 1100 1100 1100 1100 1100 1100 1100 1100 1100 1100 1100 568 568 568 568 568 568 568 568 568 568 568 568 568 568 568 568 568 568 568 568 568 568 568 568 568 568 568 568 568 568 568 568 568 568 568 568 568 568 568 568 568 568 568 568 568 568 568 568 568 568 568 568 568 568 568 568 568 568 568 568 568 568 568 568 568 568 568 568 568 568 568 568 568 568 568 568 568 568 568 568 568 568 568 568 568 568 568 568 568 568 568 568 568 568 568 568 568 568 568 568 568 568 568 568 568 568 568 568 568 568 568 568 568 568 568 568 568 568 568 568 568 568 568 568 568 568 568 568 568 568 568 568 568 568 568 568 568 568 568 568 568 568 568 568 568 568 568 568 568 568 568 568 568 
ComActRX=0 0 0 0 0 0 0 0 0 0 0 0 0 0 0 0 0 0 0 0 0 0 0 0 0 0 0 0 0 0 0 0 0 0 0 0 0 0 0 0 0 0 0 0 0 0 0 0 0 0 0 0 0 0 0 0 0 0 0 0 0 0 0 0 0 0 0 0 0 0 0 0 0 0 0 0 0 0 0 0 0 0 0 0 0 0 0 0 0 0 0 0 0 0 0 0 0 0 0 0 0 0 0 0 0 0 0 0 0 0 0 0 0 0 0 0 0 0 0 0 0 0 0 0 0 0 0 0 0 0 0 0 0 0 0 0 0 0 0 0 0 0 0 0 0 0 0 0 0 0 0 0 0 0 0 0 0 0 0 0 0 0 0 0 0 0 0 0 0 0 0 0 0 0 0 0 0 0 0 0 0 0 0 0 0 0 0 0 0 0 0 0 0 0 0 0 0 0 0 0 0 0 0 0 0 0 0 0 0 0 0 0 0 0 0 0 0 0 0 0 0 0 0 0 0 0 0 0 0 0 0 0 0 0 0 0 0 0 0 0 0 0 0 0 0 0 0 0 0 0 0 0 0 0 0 0 0 0 0 0 0 0 0 0 0 0 0 0 0 0 0 0 0 0 0 0 0 0 0 0 0 0 0 0 0 0 0 0 0 0 0 0 0 0 0 0 0 0 0 0 0 0 0 0 0 0 0 0 0 0 0 0 0 0 0 0 0 0 0 0 0 0 0 0 0 0 0 0 0 0 0 0 0 0 0 0 0 0 0 0 0 0 0 0 0 0 0 0 0 0 0 0 0 0 0 0 0 0 0 0 0 0 0 0 0 0 0 0 0 0 0 0 0 0 0 0 0 0 0 0 0 0 0 0 0 0 0 0 0 0 0 0 0 0 0 0 0 0 0 0 0 0 0 0 0 0 0 0 0 0 0 0 0 0 0 0 0 0 0 0 0 0 0 0 0 0 0 0 0 0 0 0 0 0 0 0 0 0 0 0 0 0 0 0 0 0 0 0 0 0 0 0 0 0 0 0 0 0 0 0 0 0 0 0 0 0 0 0 0 0 0 0 0 0 0 0 0 0 0 0 0 0 0 0 0 0 0 0 0 0 0 0 0 0 0 0 0 0 0 0 0 0 0 0 0 0 0 0 0 0 0 0 0 0 0 0 0 0 0 0 0 0 0 0 0 0 0 0 0 0 0 0 0 0 0 0 0 0 0 0 0 0 0 0 0 0 0 0 0 0 0 0 0 0 0 0 0 0 0 0 0 0 0 0 0 0 0 0 0 0 0 0 0 0 0 0 0 0 0 0 0 0 0 0 0 0 0 0 0 0 0 0 0 0 0 0 0 0 0 0 0 0 0 0 0 0 0 0 0 0 0 0 0 0 0 0 0 0 0 0 0 0 0 0 0 0 0 0 0 0 0 0 0 0 0 0 0 0 0 0 0 0 0 0 0 0 0 0 0 0 0 0 0 0 0 0 0 0 0 0 0 0 0 0 0 0 0 0 0 0 0 0 0 0 0 0 0 0 0 0 0 0 0 0 0 0 0 0 0 0 0 0 0 0 0 0 0 0 0 0 0 0 0 0 0 0 0 0 0 0 0 0 0 0 0 0 0 0 0 0 0 0 0 0 0 0 0 0 0 0 0 0 0 0 0 0 0 0 0 0 0 0 0 0 0 0 0 0 0 0 0 0 0 0 0 0 0 0 0 0 0 0 0 0 0 0 0 0 0 0 0 0 0 0 0 0 0 0 0 0 0 0 0 0 0 0 0 0 0 0 0 0 0 0 0 0 0 0 0 0 0 0 0 0 0 0 0 0 0 0 0 0 0 0 0 0 0 0 0 0 0 0 0 0 0 0 0 0 0 0 0 0 0 0 0 0 0 0 0 0 0 0 0 0 0 0 0 0 0 0 0 0 0 0 0 0 0 0 0 0 0 0 0 0 0 0 0 0 0 0 0 0 0 0 0 0 0 0 0 0 0 0 0 0 0 0 0 0 0 0 0 0 0 0 0 0 0 0 0 0 0 0 0 0 0 0 0 0 0 0 0 0 0 0 0 0 0 0 0 0 0 0 0 0 0 0 0 0 0 0 0 0 0 0 0 0 0 0 0 0 0 0 0 0 0 0 0 0 0 0 0 0 0 0 0 0 0 0 0 0 0 0 0 0 0 0 0 0 0 0 0 0 0 0 0 0 0 0 0 0 0 0 0 0 0 0 0 0 0 0 0 0 0 0 0 0 0 0 0 0 0 0 0 0 0 0 0 0 0 0 0 0 0 0 0 0 0 0 0 0 0 0 0 0 0 0 0 0 0 0 0 0 0 0 0 0 0 0 0 0 0 0 0 0 0 0 0 0 0 0 0 0 0 0 0 0 0 0 0 0 0 0 0 0 0 0 0 0 0 0 0 0 0 0 0 0 0 0 0 0 0 0 0 0 0 0 0 0 0 0 0 0 0 0 0 0 0 0 0 0 0 0 0 0 0 0 0 0 0 0 0 0 0 0 0 0 0 0 0 0 0 0 0 0 0 0 0 0 0 0 0 0 0 0 0 0 0 0 0 0 0 0 0 0 0 0 0 0 0 0 0 0 0 0 0 0 0 0 0 0 0 0 0 0 0 0 0 0 0 0 0 0 0 0 0 0 0 0 0 0 0 0 0 0 0 0 0 0 0 0 0 0 0 0 0 0 0 0 0 0 0 0 0 0 0 0 0 0 0 0 0 0 0 0 0 0 0 0 0 0 0 0 0 0 0 0 0 0 0 0 0 0 0 0 0 0 0 0 0 0 0 0 0 0 0 0 0 0 0 0 0 0 0 0 0 0 0 0 0 0 0 0 0 0 0 0 0 0 0 0 0 0 0 0 0 0 0 0 0 0 0 0 0 0 0 0 0 0 0 0 0 0 0 0 0 0 0 0 0 0 0 0 0 0 0 0 0 0 0 0 0 0 0 0 0 0 0 0 0 0 0 0 0 0 0 0 0 0 0 0 0 0 0 0 0 0 0 0 0 0 0 0 0 0 0 0 0 0 0 0 0 0 0 0 0 0 0 0 0 0 0 0 0 0 0 0 0 0 0 0 0 0 0 0 0 0 0 0 0 0 0 0 0 0 0 0 0 0 0 0 0 0 0 0 0 0 0 0 0 0 0 0 0 0 0 0 0 0 0 0 0 0 0 0 0 0 0 0 0 0 0 0 0 0 0 0 0 0 0 0 0 0 0 0 0 0 0 0 0 0 0 0 0 0 0 0 0 0 0 0 0 0 0 0 0 0 0 0 0 0 0 0 0 0 0 0 0 0 0 0 0 0 0 0 0 0 0 0 0 0 0 0 0 0 0 0 0 0 0 0 0 0 0 0 0 0 0 0 0 0 0 0 0 0 0 0 0 0 0 0 0 0 0 0 0 0 0 0 0 0 0 0 0 0 0 0 0 0 0 0 0 0 0 0 0 0 0 0 0 0 0 0 0 0 0 0 0 0 0 0 0 0 0 0 0 0 0 0 0 0 0 0 0 0 0 0 0 0 0 0 0 0 0 0 0 0 0 0 0 0 0 0 0 0 0 0 0 0 0 0 0 0 0 0 0 0 0 0 0 0 0 0 0 0 0 0 0 0 0 0 0 0 0 0 0 0 0 0 0 0 0 0 0 0 0 0 0 0 0 0 0 0 0 0 0 0 0 0 0 0 0 0 0 0 0 0 0 0 0 0 0 0 0 0 0 0 0 0 0 0 0 0 0 0 0 0 0 0 0 0 0 0 0 0 0 0 0 0 0 0 0 0 0 0 0 0 0 0 0 0 0 0 0 0 0 0 0 0 0 0 0 0 0 0 0 0 0 0 0 0 0 0 0 0 0 0 0 0 0 0 0 0 0 0 0 0 0 0 0 0 0 0 0 0 0 0 0 0 0 0 0 0 0 0 0 0 0 0 0 0 0 0 0 0 0 0 0 0 0 0 0 0 0 0 0 0 0 0 0 0 0 0 0 0 0 0 0 0 0 0 0 0 0 0 0 0 0 0 0 0 0 0 0 0 0 0 0 0 0 0 0 0 0 0 0 0 0 0 0 0 0 0 0 0 0 0 0 0 0 0 0 0 0 0 0 0 0 0 0 0 0 0 0 0 0 0 0 0 0 0 0 0 0 0 0 0 0 0 0 0 0 0 0 0 0 0 0 0 0 0 0 0 0 0 0 0 0 0 0 0 0 0 0 0 0 0 0 0 0 0 0 0 0 0 0 0 0 0 0 0 0 0 0 0 0 0 0 0 0 0 0 0 0 0 0 0 0 0 0 0 0 0 0 0 0 0 0 0 0 0 0 0 0 0 0 0 0 0 0 0 0 0 0 0 0 0 0 0 0 0 0 0 0 0 0 0 0 0 0 0 0 0 0 0 0 0 0 0 0 0 0 0 0 0 0 0 0 0 0 0 0 0 0 0 0 0 0 0 0 0 0 0 0 0 0 0 0 0 0 0 0 0 0 0 0 0 0 0 0 0 0 0 0 0 0 0 0 0 0 0 0 0 0 0 0 0 0 0 0 0 0 0 0 0 0 0 0 0 0 0 0 0 0 0 0 0 0 0 0 0 0 0 0 0 0 0 0 0 0 0 0 0 0 0 0 0 0 0 0 0 0 0 0 0 0 0 0 0 0 0 0 0 0 0 0 0 0 0 0 0 0 0 0 0 0 0 0 0 0 0 0 0 0 0 0 0 0 0 0 0 0 0 0 0 0 0 0 0 0 0 0 0 0 0 0 0 0 0 0 0 0 0 0 0 0 0 0 0 0 0 0 0 0 0 0 0 0 0 0 0 0 0 0 0 0 0 0 0 0 0 0 0 0 0 0 0 0 0 0 0 0 0 0 0 0 0 0 0 0 0 0 0 0 0 0 0 0 0 0 0 0 0 0 0 0 0 0 0 0 0 0 0 0 0 0 0 0 0 0 0 0 0 0 0 0 0 0 0 0 0 0 0 0 0 0 0 0 0 0 0 0 0 0 0 0 0 0 0 0 0 0 0 0 0 0 0 0 0 0 0 0 0 0 0 0 0 0 0 0 0 0 0 0 0 0 0 0 0 0 0 0 0 0 0 0 0 0 0 0 0 0 0 0 0 0 0 0 0 0 0 0 0 0 0 0 0 0 0 0 0 0 0 0 0 0 0 0 0 0 0 0 0 0 0 0 0 0 0 0 0 0 0 0 0 0 0 0 0 0 0 0 0 0 0 0 0 0 0 0 0 0 0 0 0 0 0 0 0 0 0 0 0 0 0 0 0 0 0 0 0 0 0 0 0 0 0 0 0 0 0 0 0 0 0 0 0 0 0 0 0 0 0 0 0 0 0 0 0 0 0 0 0 0 0 0 0 0 0 0 0 0 0 0 0 0 0 0 0 0 0 0 0 0 0 0 0 0 0 0 0 0 0 0 0 0 0 0 0 0 0 0 0 0 0 0 0 0 0 0 0 0 0 0 0 0 0 0 0 0 0 0 0 0 0 0 0 0 0 0 0 0 0 0 0 0 0 0 0 0 0 0 0 0 0 0 0 0 0 0 0 0 0 0 0 0 0 0 0 0 0 0 0 0 0 0 0 0 0 0 0 0 0 0 0 0 0 0 0 0 0 0 0 0 0 0 0 0 0 0 0 0 0 0 0 0 0 0 0 0 0 0 0 0 0 0 0 0 0 0 0 0 0 0 0 0 0 0 0 0 0 0 0 0 0 0 0 0 0 0 0 0 0 0 0 0 0 0 0 0 0 0 0 0 
