RUN=0
name=appvideo
width=640
height=480
fps=5
realfps=23.33
freq=2.4
wifi=ra0
MaxBitrate=8192
iniTX=bytes:3819397
endTX=bytes:5250557
iniRX=bytes:1939329
endRX=bytes:3019357
frames=2560
reads=100
time=5
samples=1e+02
start_time=788.222
end_time=1300.81
energy=32159000 32159000 32159000 32084000 32084000 32084000 32008000 32008000 32008000 31943000 31943000 31943000 31943000 31878000 31878000 31878000 31803000 31803000 31803000 31738000 31738000 31738000 31662000 31662000 31662000 31662000 31608000 31608000 31608000 31532000 31532000 31532000 31457000 31457000 31457000 31392000 31392000 31392000 31392000 31316000 31316000 31316000 31262000 31262000 31262000 31186000 31186000 31186000 31111000 31111000 31111000 31111000 31046000 31046000 31046000 30970000 30970000 30970000 30894000 30894000 30894000 30840000 30840000 30840000 30765000 30765000 30765000 30765000 30700000 30700000 30700000 30624000 30624000 30624000 30559000 30559000 30559000 30559000 30495000 30495000 30495000 30419000 30419000 30419000 30343000 30343000 30343000 30289000 30289000 30289000 30289000 30213000 30213000 30213000 30149000 30149000 30149000 30073000 30073000 30073000 
power=13134000 13134000 13134000 14388000 14388000 14388000 14885000 14885000 14885000 14928000 14928000 14928000 14928000 15144000 15144000 15144000 15328000 15328000 15328000 15328000 15328000 15328000 15274000 15274000 15274000 15274000 15198000 15198000 15198000 15069000 15069000 15069000 15523000 15523000 15523000 15533000 15533000 15533000 15533000 15274000 15274000 15274000 15220000 15220000 15220000 15134000 15134000 15134000 15079000 15079000 15079000 15079000 15490000 15490000 15490000 15306000 15306000 15306000 15285000 15285000 15285000 15242000 15242000 15242000 15112000 15112000 15112000 15112000 15004000 15004000 15004000 14928000 14928000 14928000 15220000 15220000 15220000 15220000 15025000 15025000 15025000 15058000 15058000 15058000 15209000 15209000 15209000 15112000 15112000 15112000 15112000 15112000 15112000 15112000 15112000 15112000 15112000 15393000 15393000 15393000 
voltage=10810000 10810000 10810000 10810000 10810000 10810000 10810000 10810000 10810000 10810000 10810000 10810000 10810000 10810000 10810000 10810000 10810000 10810000 10810000 10810000 10810000 10810000 10810000 10810000 10810000 10810000 10810000 10810000 10810000 10810000 10810000 10810000 10810000 10810000 10810000 10810000 10810000 10810000 10810000 10810000 10810000 10810000 10810000 10810000 10810000 10810000 10810000 10810000 10810000 10810000 10810000 10810000 10810000 10810000 10810000 10810000 10810000 10810000 10810000 10810000 10810000 10810000 10810000 10810000 10810000 10810000 10810000 10810000 10810000 10810000 10810000 10810000 10810000 10810000 10810000 10810000 10810000 10810000 10810000 10810000 10810000 10810000 10810000 10810000 10810000 10810000 10810000 10810000 10810000 10810000 10810000 10810000 10810000 10810000 10810000 10810000 10810000 10810000 10810000 10810000 
tSenAct=3.976269 3.559797 3.658857 3.992391 3.921677 3.952021 9.878754 3.936596 5.726809 3.886479 3.873069 3.94791 3.842917 3.933078 3.925865 4.003517 3.840345 3.923288 3.89655 3.911377 3.906011 4.773386 3.905194 3.891334 3.801176 4.148618 3.822965 4.061528 3.914056 7.47579 3.915084 3.957103 3.835783 9.559551 3.999946 3.832565 3.82394 4.060816 3.887514 3.906865 3.964078 3.89281 4.000086 4.76724 4.940969 3.844754 3.83581 5.474414 3.891333 3.903946 4.118805 4.024545 3.943145 3.893673 7.316076 3.832934 3.810595 4.984319 3.937337 4.53975 3.930816 4.071288 3.881054 3.907462 3.868333 3.955694 3.884383 4.050152 3.856946 3.919991 4.053029 3.976249 3.838098 3.844744 3.803551 4.107065 3.968433 3.862853 3.867988 3.827156 3.876814 3.909943 3.89443 3.801022 3.807057 3.813838 3.96005 3.851082 3.982528 3.895331 3.845509 3.944963 4.232852 3.964093 3.96211 3.915332 3.914458 3.923535 3.960737 3.947239 4.150797 3.918959 3.812787 3.805943 3.819744 3.841759 3.811305 4.025324 3.880532 3.917229 3.992135 3.847792 3.840067 4.095573 3.844767 4.033645 4.111227 3.833582 3.913402 5.490538 3.924906 3.855833 3.938945 3.857485 3.954227 3.955565 3.957995 3.976341 3.959118 3.903189 3.861309 3.879214 3.882144 3.955569 3.979846 4.101286 3.968261 4.003106 3.860574 4.188789 4.167213 3.862212 3.829676 3.943614 3.927761 3.934988 4.033811 4.017833 4.031446 3.988321 4.197922 4.008763 4.027628 3.99352 3.884892 3.895428 4.002104 3.986623 3.901199 3.969355 3.918433 3.902524 3.903157 3.810768 3.90012 4.315843 3.894175 3.996468 3.995692 3.95788 5.974666 3.95916 3.969619 3.963323 3.961892 5.482129 3.969721 3.962645 3.911691 3.920327 3.924827 3.938028 4.198336 3.931411 3.926605 3.922342 3.976161 3.915353 3.941495 3.986789 3.904253 3.91664 3.894046 3.913759 3.895182 3.866182 3.905973 3.898506 3.88563 3.800251 4.164206 3.935697 3.895135 3.903437 4.078063 3.877156 3.903324 3.978489 3.913931 3.900392 3.984907 3.941393 3.939777 3.967779 3.969205 4.006989 3.964958 3.964172 4.081729 3.987301 4.091131 4.117972 3.958775 4.180513 3.881234 4.183093 3.93767 3.886102 3.874087 3.886402 3.882974 3.935587 3.922251 3.887068 3.920103 3.94845 3.969821 3.946463 3.956064 3.940541 3.883197 3.962725 3.933754 3.898745 3.930301 4.100791 4.082011 4.051272 4.009153 4.067381 4.085326 4.102792 4.091118 4.088612 4.07945 3.893021 4.17837 4.051649 5.863255 4.12329 3.897895 3.896648 4.09752 3.890493 3.873147 3.885646 3.891551 3.893259 3.897897 3.884755 3.801977 6.476892 3.873991 4.043027 3.871013 4.241063 4.046448 3.864258 4.032317 3.862196 3.863847 3.867419 3.853819 6.335662 4.014988 4.004655 4.002429 4.012914 4.005678 4.030138 4.028137 4.179974 4.04205 4.009717 4.348203 3.855031 3.854967 3.870411 3.857431 3.847007 4.056352 3.998598 3.881115 3.98168 3.869759 3.861584 3.795613 3.948052 3.949925 3.951932 4.174105 3.931431 3.91574 3.880515 3.860019 3.872548 4.036935 3.84652 3.853228 3.835814 3.811009 3.854984 3.835168 3.767908 3.960418 4.160603 3.954127 3.956911 3.945382 4.057377 3.975251 3.948403 3.873891 3.889856 4.428566 3.876248 3.931657 3.928705 4.119181 4.199889 3.996616 3.876494 3.905336 3.929302 3.99804 5.545053 3.919209 9.826435 3.94703 4.26093 4.048695 3.844607 3.926494 4.006633 4.09135 5.272901 3.944671 3.969974 3.978773 4.160146 3.905537 4.093514 3.904338 3.909623 5.05719 3.911219 3.924626 3.926814 3.933497 8.567043 3.906377 3.919203 4.771425 5.091233 4.053127 7.132274 3.927382 4.181083 3.935604 3.931337 3.996153 4.003682 3.980563 3.984167 3.958245 4.002603 3.888681 3.962966 3.999435 3.992581 3.980846 3.956295 3.968047 4.161882 3.944412 3.880689 3.928416 3.860265 3.83546 3.836324 4.208006 3.980475 3.995642 3.979154 3.998378 3.914633 3.923426 3.932501 4.018013 4.00606 3.980939 3.984879 3.909826 3.915198 3.902656 3.997284 3.982611 3.908092 4.075728 3.871516 4.09616 4.106711 3.944895 3.933736 3.956092 4.160881 3.954767 3.948574 4.239169 4.059586 4.390408 3.975122 3.905853 4.030649 3.986058 4.015501 3.956745 4.008617 3.995286 4.275193 3.865819 3.957906 3.946358 3.953804 3.932712 4.037686 3.937923 3.920227 3.925184 4.092271 4.178145 4.166159 3.869564 3.87822 3.834831 3.874731 3.873271 3.877972 4.875639 3.870286 3.863585 3.961632 3.939696 3.993756 3.971975 3.951913 3.85588 3.95126 4.029121 3.875412 3.869753 3.88642 3.84387 4.05784 3.888539 4.087406 3.951651 3.9465 4.079748 3.944502 3.860128 3.941356 3.945622 3.978955 4.02873 3.951793 4.029402 3.965385 3.88887 3.892574 3.874815 3.877008 3.783481 3.881581 3.891353 4.073802 3.894627 3.889363 3.890441 3.988978 4.228443 3.98188 3.981795 4.142729 3.877737 3.931603 4.015352 3.872797 4.397074 3.914031 3.909933 3.907549 3.916701 3.911586 3.902913 4.161554 3.955064 3.948344 4.134803 3.949812 4.052406 3.905699 3.895391 3.905042 3.895211 3.927686 3.914069 3.837178 3.899294 3.916842 3.91425 3.912771 3.915992 4.933034 3.928289 3.932694 3.938222 4.033392 3.937268 3.92744 4.020999 3.850791 3.886104 3.925821 3.891873 3.814426 3.895807 3.90344 4.122839 4.148096 4.072185 3.912668 3.898898 3.900604 3.889703 3.880685 3.879155 3.897077 3.907857 3.920377 3.951461 3.93023 3.9244 3.925155 3.964008 3.913259 3.89873 4.1435 3.917091 3.90104 3.905844 3.895246 3.884139 3.980734 3.891499 4.125459 3.960589 3.942126 3.915702 3.922062 3.927314 3.93306 3.931556 3.929059 3.925205 3.938794 3.922195 3.931172 3.945522 3.939215 4.400246 3.945407 3.930152 3.893173 3.954425 3.852014 3.899711 3.917816 3.891526 3.898671 4.112761 3.906918 3.936257 3.964381 3.907552 4.086952 3.908536 4.221581 3.961859 3.933837 4.011153 4.002467 4.045816 3.937296 3.9526 3.970136 3.872172 4.03713 3.946178 3.894032 3.941202 3.961123 4.032444 3.955316 3.886897 6.447641 3.940602 3.92216 3.900313 4.085627 3.969957 3.85285 4.035462 3.903602 3.884883 3.804702 3.887624 3.832511 3.821235 3.817147 3.831121 3.834481 3.965221 3.91423 3.910777 3.826084 3.823039 3.831614 3.828221 3.818136 4.065039 3.849033 4.027909 4.194966 3.863115 3.863229 3.871363 3.885324 4.076405 3.947444 3.856602 3.863759 3.861689 3.853518 3.873733 3.981825 3.975131 3.920049 3.937461 3.90176 3.814758 10.155849 3.908491 3.907844 4.115482 4.200747 4.133215 3.927044 3.936128 3.925429 3.92898 3.919809 3.932122 3.931505 3.910923 3.952319 4.748465 3.936292 3.924829 3.916816 3.930271 3.919725 3.91663 3.945394 3.921368 3.929143 3.856005 4.051541 3.847024 3.848108 4.166957 3.804055 3.844446 3.856492 3.828186 4.072451 3.850512 3.846343 5.263434 3.855688 3.838986 3.850489 3.849427 3.838005 3.843499 3.851946 3.835991 3.835741 3.938849 4.0173 3.855643 3.83846 3.752271 3.955879 3.835124 4.163536 4.882865 3.828338 3.818355 3.81991 3.827362 3.821956 3.822301 3.832539 3.833608 3.832167 3.829022 3.834983 3.804716 3.930877 3.858326 3.900663 3.779616 3.948883 3.953145 3.937763 3.938939 3.883573 3.889553 3.933647 4.147517 3.944072 3.943295 3.946376 3.945757 3.975706 3.929071 3.960027 4.006072 4.002202 3.919585 4.000665 4.197178 4.097555 3.968894 3.91659 3.906781 3.901787 3.964239 4.02939 3.939912 3.909733 8.107717 3.932821 3.879765 4.26538 3.888109 5.163357 5.275354 4.030904 4.085989 3.989273 4.013097 4.793962 3.953303 4.083669 4.219228 3.944364 4.188616 3.954917 3.935856 3.937948 4.020349 3.957488 4.043503 3.943012 4.155472 3.894982 3.885047 3.917229 4.077638 3.873416 3.834212 3.884148 3.872575 3.881031 4.069362 3.981841 3.928527 4.107825 3.976941 4.214368 3.930068 3.953863 3.956777 3.959998 4.013699 3.961945 3.938068 3.910635 3.854293 3.894814 3.996138 3.929808 3.928484 3.934283 3.917988 3.905081 3.91729 4.061429 3.973038 4.160771 3.965501 3.969687 3.985773 3.86671 3.95781 3.980987 3.978981 3.93113 3.942118 4.158757 3.908131 3.97729 3.907351 3.964536 3.939785 3.970961 3.974828 3.957672 4.262058 4.130625 4.008308 3.967343 4.153596 4.078303 4.019105 5.538008 4.030402 4.187345 4.054152 4.063856 3.96813 4.049867 4.049465 4.086585 4.051392 4.060768 4.175121 4.036556 4.107705 4.047976 4.035158 4.007318 3.988031 4.337294 4.211743 3.954891 3.968275 5.52718 3.889486 3.911841 5.394347 3.90067 3.866847 3.977433 4.110496 3.896314 3.995767 3.901539 3.905823 3.934606 3.944806 3.959124 4.050421 3.993436 3.963181 3.95193 3.950152 3.945585 4.146179 3.93418 3.859202 3.861544 3.840648 3.863057 3.854909 3.798869 3.857965 3.835111 3.832097 3.764618 3.844343 3.858264 3.848341 3.849067 3.825584 3.845788 3.838137 3.835473 3.841403 4.034384 3.839381 3.833813 3.826591 4.325546 3.850301 3.856199 3.765372 3.857012 4.048226 3.872618 4.365697 3.878842 3.8522 3.871108 3.901329 3.980166 3.855167 3.86885 3.871967 3.881789 3.871982 3.98785 3.884382 3.866487 3.872021 3.777496 3.858854 3.861902 4.061599 3.859612 3.854784 3.852301 3.831725 3.831315 3.829121 3.830779 4.40208 3.836851 4.018495 3.844736 3.836015 3.835197 3.747442 3.834207 3.981746 3.839157 3.831309 3.823353 3.829614 3.824177 3.826488 3.839495 3.828677 4.029681 3.828976 3.809401 3.843328 3.859233 4.331301 3.915393 3.931404 4.656768 3.915634 4.184457 3.861 3.854683 3.858477 3.83151 3.959104 3.90251 3.894591 3.824125 3.829421 3.89291 3.898606 3.800123 3.83706 3.820889 4.045657 3.83009 3.861424 3.871847 3.845992 4.010899 3.849877 3.900003 3.85355 3.842101 3.87616 3.822279 3.792949 3.788537 3.822384 3.825017 3.810331 3.741893 3.816338 3.839119 3.820495 3.822123 3.818052 3.815795 3.814251 4.03083 3.815662 3.799009 3.800599 3.767003 3.822299 3.873678 3.915679 4.10928 3.864578 3.786933 3.770962 4.162717 3.872431 3.896998 3.785816 3.886896 3.883905 3.880854 3.900806 3.892501 3.872791 3.882012 4.020834 3.87356 4.098115 3.805832 3.782056 3.786971 3.837032 4.016696 3.820869 3.902777 3.88693 4.051307 3.903569 3.890807 3.815542 3.871496 3.875078 3.880527 3.737192 3.886854 3.830085 3.880983 3.805153 3.802017 4.322826 3.867808 3.979707 4.019468 3.823989 3.86599 4.276882 3.815937 3.898151 6.054003 3.816902 3.832003 3.91499 3.807982 3.816336 3.827622 3.789006 3.873937 3.844385 3.850636 3.864719 3.954104 3.999075 3.865333 3.857712 3.851851 3.998522 3.925049 4.262442 3.905759 4.009232 4.009383 3.875429 4.240594 3.792066 5.880023 3.841607 3.841895 3.851685 3.855666 3.847276 3.841996 3.853992 4.054592 3.912855 4.166275 4.163697 3.918659 3.950782 3.881739 4.148029 3.883119 4.010565 4.203543 4.191325 3.88278 3.894329 3.88067 3.87896 3.889607 5.707104 3.945002 3.887137 3.877832 3.926807 3.971773 3.983075 4.097509 3.90513 3.823432 3.903472 4.197983 3.900674 4.098415 3.979186 3.898481 3.907644 3.906212 4.09315 3.8633 3.852206 3.866732 3.898932 3.887046 3.85527 3.90818 3.872517 3.809321 3.932865 3.962798 3.973312 3.945828 3.998598 4.010624 4.034635 4.093202 3.962792 4.052343 4.071631 4.040353 3.997692 4.053314 4.079369 4.286183 4.003609 4.013855 4.006029 4.101023 4.00691 4.021895 5.771395 4.102036 4.107659 4.078905 4.047068 3.975358 4.245818 4.071875 4.041854 4.045512 3.899108 3.994244 3.983942 4.036286 3.995588 3.971984 3.972568 4.046353 4.336379 4.133135 3.985832 4.398838 3.944331 3.847507 3.925181 3.922461 3.917144 3.823971 3.983208 3.949785 4.170132 4.154426 4.225074 4.121668 3.970683 3.990746 3.964571 4.018941 4.061226 3.966982 3.956115 3.954985 3.935432 4.317287 3.940156 4.054022 3.935702 3.958938 4.082184 3.954668 3.944435 5.717453 4.197944 3.993166 3.932458 3.940032 4.055881 3.978675 3.929117 3.947431 3.890723 3.917148 3.910785 3.896743 3.929882 3.913961 3.901041 3.821568 4.144594 3.879773 4.054433 3.872867 3.953071 3.97599 3.90488 4.095128 3.897238 3.867397 3.846974 3.896259 3.886016 3.902132 4.080936 3.989465 4.281721 4.242116 4.229735 3.948903 3.955568 4.132042 3.957832 3.986932 4.125137 4.166469 3.890216 3.903296 3.868774 3.932311 3.927004 3.91283 3.920195 3.924638 3.907633 4.03594 5.629549 3.908902 4.071719 3.913705 3.908783 6.664081 3.892088 3.885701 3.892977 3.879396 3.903041 3.894107 4.071429 3.89779 4.094314 6.590056 4.055249 3.871679 3.946412 3.942314 3.972163 3.95296 3.961885 3.94621 3.959219 3.952668 3.959532 3.941464 3.94241 3.941248 3.887321 3.896233 3.88103 3.897295 3.880183 3.875317 3.878893 3.873914 4.236131 4.095103 3.874885 3.882959 3.885554 3.905502 3.88643 3.928947 3.898348 3.820872 4.233606 3.907241 3.967335 3.948727 3.890756 3.912071 3.895306 4.074611 3.905338 3.882922 3.895621 3.908504 4.076306 3.898333 3.862275 3.977967 4.182669 4.001829 3.968577 3.857683 3.865837 3.86642 3.845919 5.445456 3.842942 3.840885 3.848985 3.867527 3.844052 3.846802 3.833572 3.968764 3.993585 3.969656 4.00071 3.884983 3.966523 3.971781 3.975364 3.982183 3.980559 4.1827 3.940938 3.975661 3.942569 3.960537 3.957956 3.992301 6.100486 3.994633 3.996986 3.995822 3.988821 4.029262 3.882072 3.885688 3.890732 3.999869 3.991118 3.912274 3.906046 3.917187 3.901387 4.028506 3.904226 3.916057 4.127021 3.857145 3.898226 3.886948 3.889414 3.804718 3.892609 3.905204 3.891187 3.905607 3.893579 3.905412 3.886779 4.064458 3.873201 3.869476 3.900653 3.867452 3.865398 3.842162 3.927887 3.963769 3.909564 3.968814 3.882703 3.991584 3.994436 3.901284 3.846073 3.848393 3.809314 4.018275 3.817575 3.826687 3.905869 4.002045 4.130099 3.861845 3.902608 3.977639 3.907548 3.941826 3.904002 3.913232 3.906854 4.213261 4.06232 3.946163 3.916573 3.894688 4.104411 3.974551 3.922315 3.940711 3.969723 3.912108 3.91615 3.931513 4.109665 4.363225 3.938948 3.889823 3.897829 3.948206 3.936555 3.900418 3.93055 3.932426 3.943534 3.906656 4.064931 3.90168 3.953388 3.970624 4.030288 4.23754 3.821199 3.975608 4.173769 4.154384 4.202615 3.971529 3.997906 3.938424 3.946654 3.940265 3.995713 3.930333 3.917706 3.925362 3.895734 3.947118 3.988085 4.043874 4.161175 4.303106 4.155572 4.198203 4.129654 3.929556 4.326077 4.13049 4.175362 3.941502 3.926839 3.959651 3.947924 3.948847 3.924831 3.924434 3.911413 3.938744 3.814725 3.934529 3.953699 3.975577 3.957175 3.969282 3.957649 3.975984 3.946882 3.949238 3.945129 3.96413 3.959416 4.298672 3.951791 3.941523 3.874499 3.822778 3.890884 3.893729 3.963778 3.965997 3.904091 3.895486 4.153174 4.286727 4.246694 4.245257 4.140896 4.133572 4.318802 3.996902 3.971361 3.961569 4.183959 3.816426 3.869436 4.0612 4.113118 3.939262 3.93907 3.896663 3.886009 3.94615 3.950482 3.921186 3.952545 3.964774 3.981247 3.950233 3.95838 3.930572 3.958316 3.899731 3.908383 3.932274 3.919084 4.06909 4.054128 3.965418 4.012224 3.917087 4.046831 4.08404 3.93176 3.976827 3.963159 4.131362 3.958609 3.930868 3.953375 4.04526 4.110901 3.969925 3.978501 5.203788 4.010962 3.892891 3.97509 3.899286 4.229082 3.978738 3.995549 3.946128 3.886999 3.897025 3.999738 3.904331 4.210404 4.337252 3.976026 3.976733 3.914744 3.920396 3.911392 5.255615 3.858484 3.911396 3.919305 3.910842 3.909357 3.861777 3.900311 3.914709 3.982219 3.974717 4.039826 4.007041 4.000487 4.040159 4.035945 4.009921 4.007139 4.188872 3.976429 3.992524 4.104435 3.968715 3.95977 4.042534 5.016634 4.017855 3.97628 3.925236 3.922208 4.174764 3.930515 3.876111 3.852535 3.885331 3.972956 3.988799 3.919441 4.00866 3.959264 3.874624 3.882075 3.807506 4.211262 3.874928 3.866564 3.920337 3.872172 4.095987 3.970438 4.093236 3.916881 3.969695 4.027833 3.969849 3.964627 3.941761 3.957979 3.870681 3.905251 3.923431 3.938424 3.96723 3.939637 3.89987 3.905509 3.884725 3.954653 4.2059 3.918319 3.935065 3.94094 3.933578 4.053178 3.938789 4.111361 3.932187 4.005103 4.079416 3.94863 3.936025 5.291465 3.934108 3.949939 4.01136 3.865683 4.092063 3.970848 3.959121 3.883646 3.852149 3.928329 4.018204 4.345574 3.974698 3.958573 3.860739 4.055382 3.862072 3.869611 3.865626 3.959292 4.002737 3.956832 3.843725 3.949225 3.836179 3.959983 4.050134 3.929642 3.877555 3.911191 3.895337 3.863599 3.865972 3.870108 3.879285 3.947559 4.076486 3.858012 4.046584 3.878284 3.938367 3.944442 4.14142 4.007417 3.856599 3.891138 3.875758 3.902565 3.915217 3.853663 3.866228 3.95087 3.99473 3.80997 3.806273 3.990866 3.992555 4.060219 4.170943 3.918545 3.955536 4.186971 3.888839 4.029406 4.021957 4.111783 3.905131 5.808114 3.872657 4.04997 4.038534 4.033604 3.882709 3.887177 3.895686 3.989421 3.952561 3.96352 4.007042 3.993862 3.850818 4.002753 3.876173 3.788479 3.876621 3.940878 4.22007 3.93716 3.887511 3.957498 3.898838 3.89338 5.854626 4.006769 3.993236 3.946981 4.334639 3.833738 3.938352 3.968712 5.417417 3.882516 3.840219 3.926771 3.857231 4.194331 3.887942 3.91538 3.865452 3.844937 3.862225 4.048849 3.863093 4.071872 4.218323 3.886511 3.946689 3.877702 4.230476 3.879884 4.04328 3.879443 3.899894 4.015592 3.890466 3.892081 3.878828 3.924394 3.948562 3.872669 3.925361 3.920694 3.934724 3.917425 3.93738 4.003243 4.207606 4.079427 4.139361 4.007507 4.002353 3.979235 4.002756 4.119497 3.969795 3.947006 4.016901 3.993952 8.956152 4.127432 4.281782 4.993344 4.164875 4.092421 4.137235 4.090499 4.08754 4.085016 4.091223 3.981227 4.070938 4.300371 4.098455 4.096455 4.095204 4.095505 4.084987 4.102675 4.10492 4.086528 4.095287 4.075163 4.257024 4.080065 3.988755 4.072642 4.075787 3.970211 3.87066 3.972697 3.976261 3.988861 3.981718 4.170344 3.987094 3.982002 4.198757 3.985854 4.101396 4.100944 3.994332 3.974107 3.907585 3.899696 6.81449 3.944121 7.076327 4.16325 3.930262 3.93062 4.31367 3.96144 4.264313 7.650933 3.999457 4.107773 5.484087 3.983245 3.988751 3.905419 4.02509 7.85451 3.934709 3.974973 3.893624 4.010862 3.902969 4.172377 3.901372 3.896764 3.898098 3.90058 3.897962 3.996584 4.015211 3.991748 4.00409 3.8781 3.923555 3.944041 3.928392 3.922109 3.935608 3.874128 3.905375 4.058037 4.105694 3.966805 3.970123 3.892544 3.932687 3.898406 3.91087 3.926016 3.916764 3.916515 3.91384 3.904568 3.91948 3.895682 3.92211 3.897272 3.917936 4.388411 3.928867 3.929157 3.918623 3.91376 3.912616 3.915995 3.897024 4.129185 4.101479 3.889393 3.90846 3.89147 3.900999 3.856408 3.89532 3.892518 3.881343 3.809984 3.881172 3.872835 3.871828 3.869655 3.884362 3.87415 3.866734 3.872658 3.883706 3.88417 3.877163 3.862845 3.989343 3.870062 4.019439 3.863656 3.879977 3.879399 3.887731 3.874381 3.884106 3.877656 4.026217 3.864322 3.858369 3.868478 3.87784 3.862825 3.879649 3.870446 3.847711 3.88682 3.878702 3.86825 3.849842 3.790607 3.957625 3.925413 3.925384 4.138438 3.944896 3.933144 7.770749 3.970609 3.949303 5.027159 3.944888 3.912466 3.964974 3.957125 3.94875 3.938342 3.9528 3.908883 3.914481 3.915459 3.952088 4.16076 4.012768 3.99822 3.961915 3.945952 3.985486 3.943781 4.336989 3.981879 3.871376 3.91349 3.822854 4.083422 5.176949 3.979208 4.00302 4.014289 3.85216 3.862592 3.883425 3.869135 3.862598 4.026025 3.867115 3.904464 3.963962 3.915244 3.888093 4.356471 3.979008 3.930864 3.973539 4.170774 3.957602 4.115732 4.096496 4.103378 3.980065 3.988627 4.572977 3.983338 3.973083 3.996176 4.229897 3.938498 4.158133 3.976714 3.940819 3.950354 3.931787 3.945141 3.995295 3.958854 3.960206 4.132937 3.909896 5.164822 4.127059 3.920458 3.913161 4.271143 3.823034 3.909341 3.906676 3.915985 3.911112 3.976499 4.227231 4.029483 3.997417 3.985322 3.960009 3.964096 3.983094 3.951604 3.961123 3.945165 3.970409 3.951561 3.919166 3.898581 4.221737 4.37648 4.211275 3.946438 3.923495 3.919937 4.033744 4.209003 4.221396 4.073271 4.019437 4.019072 3.913073 3.898642 3.981292 4.096383 3.89478 4.298278 4.10922 4.015346 4.006013 3.8883 3.988384 3.913468 4.008543 3.967643 4.223729 3.897762 3.965377 3.904802 4.146563 4.230107 4.059103 3.969778 3.998258 3.983305 4.470785 3.966582 4.067594 4.015556 3.957675 4.021236 4.096961 4.078655 4.074989 3.975987 4.085551 3.962307 4.066899 3.98523 4.139408 4.169645 4.0585 4.017322 4.24251 3.850804 3.956108 3.864207 3.969931 3.865523 3.955691 3.860604 4.369936 3.864564 3.934034 3.979158 4.07846 3.997084 4.13681 4.010727 4.070837 3.851313 4.00203 3.895663 3.837642 3.826187 4.016815 3.821245 3.832821 4.29647 3.935833 3.934375 3.816719 3.973764 3.812013 3.804296 3.79405 3.736129 3.815434 3.815437 3.943798 3.944864 3.927317 3.867496 3.976876 3.902107 3.935407 3.868949 4.338539 4.243322 4.004283 4.179475 4.053627 3.945812 3.867294 3.774216 3.875392 4.879899 3.944211 3.964314 3.853236 3.932944 3.931514 3.914833 3.89259 3.861819 3.88664 3.874535 3.883399 3.876903 3.863226 3.875504 3.88764 4.216708 3.909365 3.893185 3.892567 3.892636 3.995213 3.975579 3.984658 3.916301 3.872849 3.876315 3.875325 3.880462 3.858477 3.843112 3.990799 3.996744 3.963344 3.89928 4.340708 4.331908 4.1469 4.137933 5.296929 4.145372 4.218833 4.183904 4.135744 4.151709 4.114336 4.120556 4.011745 4.008516 4.012348 4.188852 3.957806 3.942786 3.935315 3.936505 3.923541 3.940335 3.91348 4.09914 3.937341 3.922063 3.920002 3.904964 3.915513 3.907745 3.902514 4.082152 3.915493 4.117764 4.115666 4.092125 3.947336 4.075516 3.921642 3.911219 4.836747 4.18071 4.00871 4.011899 3.999446 3.827188 4.148886 3.810547 3.799614 4.035272 3.932092 3.939121 3.941906 3.93158 3.935109 3.945967 4.335454 3.954355 3.95717 3.938636 3.91291 3.891773 3.889287 3.871121 3.877834 3.785577 4.067469 3.957587 4.312874 4.084218 4.09015 3.997563 4.307358 3.959065 3.934285 3.919192 3.964861 3.818036 3.97306 3.902348 3.969356 4.191997 4.036553 4.056408 3.931869 3.934263 3.967771 4.471131 3.988154 4.145796 4.041428 4.061823 4.071901 4.189977 3.934229 4.200469 4.335632 4.384623 4.237717 4.19052 4.198791 4.073964 4.208752 4.277548 4.06823 5.166512 4.204514 4.036671 4.035352 4.030999 3.970038 3.937678 3.945198 4.210613 3.979178 3.983723 3.981165 3.986547 3.965084 3.99709 3.982039 3.990966 4.001128 3.879508 3.87933 3.881012 3.868909 3.880325 3.877676 3.89296 3.874857 4.111027 3.97732 4.004535 3.9892 4.212754 3.976813 3.987421 3.863758 3.870704 3.918993 3.937397 4.023744 3.962443 4.062039 4.034195 4.04219 3.89659 3.873317 3.861789 3.873161 3.855004 3.893032 3.85825 3.91693 3.917803 4.04728 3.809153 3.981596 3.880829 3.872526 3.820515 3.833223 3.999828 3.989936 4.006589 3.987628 3.992267 3.980177 3.981636 3.816641 3.981273 3.922841 3.909632 3.946219 3.899573 3.957834 3.846646 4.010364 4.006491 4.037634 4.051149 3.837564 3.843781 3.837924 3.831093 3.81632 3.814328 3.820673 3.877514 3.792213 3.955341 4.048797 3.951328 3.856607 3.946551 3.865946 3.865051 3.959199 3.952276 3.934419 3.952884 4.077243 3.955567 3.95827 3.864328 5.885534 4.072538 3.872992 3.948485 3.95713 3.966531 3.896291 3.877811 3.901216 5.433414 3.909176 3.968525 3.975479 4.006609 4.046509 4.048478 4.062195 4.050113 4.03067 4.184339 4.019848 4.01588 3.84005 4.314354 3.941784 4.129601 3.939872 4.073019 3.957328 3.945493 3.929839 3.9262 3.963936 4.067029 4.061824 3.94467 3.931352 4.149995 4.473186 3.998297 4.394742 3.976756 4.110263 5.150886 3.907504 4.000793 3.907226 3.954637 5.05178 3.877053 4.244487 3.919209 7.462452 3.909334 3.884469 3.999806 3.919024 3.902297 3.833324 3.844336 4.10319 3.907612 3.871288 3.916911 3.910203 3.878558 3.873754 3.929474 3.947203 3.920166 3.961639 3.922336 4.055843 3.926937 4.007362 4.16517 3.923993 3.925352 3.883983 3.874129 3.861036 3.881416 3.869857 3.87246 4.368814 3.869181 4.05861 3.852537 3.849174 3.811665 3.847301 3.876455 3.872333 3.814533 3.885794 3.868919 3.867233 3.867185 3.740104 3.879033 4.086504 3.841763 3.824619 3.880109 3.731553 3.741763 3.87981 3.796408 4.035654 3.846698 3.791504 3.785172 3.873427 
tProAct=37.607679 36.410783 36.535273 37.968371 41.787579 40.9381 40.864882 39.941619 40.465435 38.353477 37.464571 38.81963 38.514135 37.358987 36.789488 36.54025 36.591019 36.614105 58.725988 35.668906 35.631229 35.1242 35.259562 36.131417 37.57146 37.676102 39.253913 38.197137 38.263644 43.155983 37.55064 45.00071 38.720702 45.010956 39.381627 39.452454 40.395562 39.836104 38.492362 51.326727 37.154882 48.50874 36.603549 50.209357 50.90399 40.162519 36.72459 39.143128 35.437866 50.879486 37.702228 34.922568 43.014779 34.667307 46.51737 39.014844 34.917031 43.237858 37.008092 51.465526 43.283253 38.006703 38.752489 39.099707 40.011796 40.299571 40.543338 39.945814 39.873756 39.557073 39.467721 39.525368 40.545021 40.028916 40.356631 40.40483 40.885104 41.061123 41.737114 42.449215 42.596008 42.076234 42.813207 45.882384 41.828433 41.415015 41.191873 41.70469 42.311801 48.324178 41.978734 43.976486 43.49072 44.382774 44.894962 44.357978 44.962948 43.925651 44.446307 44.382544 41.795812 42.15988 42.908027 40.172674 40.59275 40.320335 41.085161 41.016219 45.864524 41.219688 42.464164 42.373943 41.464602 41.989442 42.632932 43.004863 43.295123 43.177783 43.705509 72.877549 43.049076 41.462595 41.792424 41.867465 41.726177 41.798426 41.156977 40.89257 42.330989 42.857522 40.914432 40.123913 40.591801 44.761069 41.68809 41.192652 42.350715 43.441074 40.571949 40.623792 42.41618 42.582691 42.319546 41.613645 40.588588 40.580214 40.558635 39.416123 40.020591 39.325091 39.186718 39.23857 39.479028 38.938511 39.196631 37.613874 37.404302 36.685687 41.519751 37.789475 37.215241 38.339134 37.86306 39.086057 36.960596 38.057021 37.904429 36.936356 35.969527 36.702884 60.355871 37.891814 44.380792 37.744558 36.440591 37.226217 37.071368 36.781146 36.342591 34.557697 35.195062 34.8873 33.961611 38.617855 36.210638 35.130611 35.376349 35.203579 34.574292 34.182512 33.815408 32.356919 32.175424 32.454533 32.354382 32.737957 32.483243 33.162882 33.851689 34.159663 34.106953 35.968404 35.615487 36.231435 37.199388 38.986815 39.029612 38.856954 41.28687 37.289054 37.660165 36.954114 38.36685 39.106429 40.220585 40.153576 40.675096 39.942862 40.731512 42.150985 41.928842 42.098892 39.822596 40.332934 39.344384 40.883285 40.934006 40.516192 41.52 41.122849 41.139326 42.21368 41.854739 45.477893 39.477945 37.601489 37.642194 37.909233 37.998146 38.682212 38.719189 35.860077 35.218864 35.798002 36.257564 35.940531 35.936193 35.510021 35.165066 34.755709 36.00031 37.230182 37.530563 37.943358 38.328073 38.457699 38.200063 38.747431 39.864675 38.712252 37.601608 36.432264 36.428331 35.811795 35.287311 35.406638 35.181066 34.52094 33.73159 34.030322 33.299577 54.197188 33.452825 33.667576 34.228215 33.625116 47.935449 33.616549 33.658737 34.282556 35.323752 35.912782 36.830945 37.621353 37.134913 37.42823 37.262198 37.794077 37.807873 38.18256 39.040967 39.112892 38.317214 36.185635 35.893991 35.539189 35.730478 36.578352 37.273157 37.831004 38.803086 38.130282 36.007534 36.03546 36.404082 35.569983 35.87196 34.681153 37.237576 35.856716 35.83026 36.530466 36.580097 37.032354 36.109096 35.948175 35.797622 34.818954 34.700489 34.778919 34.589983 34.809951 34.049339 33.062359 32.301457 33.023412 33.812784 35.257826 36.521248 36.615619 37.2448 36.141973 36.301694 36.637442 36.527397 36.615716 36.73136 36.27601 36.602348 36.353769 36.600972 38.037766 38.33829 38.688987 38.908344 42.256127 38.266293 39.424877 38.423544 38.60998 39.120389 40.475991 47.067669 43.485152 43.60128 42.019047 41.974575 53.718774 44.893608 41.002914 56.41837 40.66916 54.665336 39.307266 40.352536 55.248829 41.3006 56.211745 41.308899 42.488145 54.443823 37.996505 62.28223 59.176289 38.804001 44.643415 51.411875 38.048378 39.816093 39.619401 38.379056 39.096793 37.611088 41.361029 38.36397 39.08664 39.064403 38.610597 39.409671 38.741924 39.283105 42.92835 41.700486 43.673557 43.20998 43.248257 43.518127 43.275122 44.786164 43.194259 43.716909 42.566053 42.85038 43.977068 47.018976 46.232541 47.12116 41.952871 45.579579 41.36462 42.811052 41.085822 42.443581 42.952193 41.225945 42.313721 41.641032 39.526354 38.960831 38.650906 38.585636 38.582837 39.124974 55.727448 38.25063 37.816566 37.829145 36.901067 36.376229 35.657791 36.235109 37.510411 37.436461 41.172205 37.695374 37.944606 37.248516 37.570647 37.856536 36.981575 36.61419 35.910618 35.42402 35.973011 35.560251 35.983537 36.087227 35.324365 35.511074 35.47072 35.255262 35.636515 36.295467 36.422005 37.213432 37.227415 37.288288 35.815063 36.992145 34.50142 34.996768 36.681003 36.911599 37.01017 39.023624 39.828737 39.78576 41.495646 40.206563 40.862092 41.859053 40.370628 41.48947 40.818724 41.094934 40.500968 40.496673 40.256135 40.510851 41.018321 41.36497 43.373534 43.33643 45.7785 42.461545 42.711869 42.844903 42.609741 42.302757 41.667399 41.419863 41.411712 40.947701 40.04809 40.498517 40.830041 41.69134 41.624805 40.02266 38.353577 37.983721 38.524277 39.091158 38.951761 38.506195 39.094078 38.719404 38.208544 38.345371 38.740755 38.2941 37.33712 36.67143 36.521231 36.574814 37.289225 36.801243 36.243231 36.439216 37.274145 36.667459 36.696021 36.948017 35.304153 57.946468 34.74281 34.645372 35.142113 36.064359 36.136419 38.237646 37.593092 37.691279 38.27863 38.86126 39.866618 41.215086 41.006283 41.995745 41.753738 40.432125 40.100526 40.512385 41.982507 40.874628 42.687245 42.791073 43.12251 41.767064 41.875339 39.823925 39.836429 37.765873 37.956045 38.284775 38.516962 38.502658 39.375748 42.19394 39.089577 39.671911 38.602419 39.057174 38.491707 37.075828 36.339371 36.77519 36.789151 37.16314 37.259997 37.484297 37.799042 37.168409 37.845116 37.307843 37.419752 37.455771 38.823469 38.077787 37.243333 36.190834 36.598877 35.849206 34.522936 34.416122 34.563318 36.217418 36.436703 35.836509 36.888093 38.000979 38.384748 39.101558 38.065005 37.126164 36.226202 36.033119 36.599482 36.009635 36.488762 36.179056 35.901861 35.983695 34.294452 34.941201 34.427088 34.111087 34.729844 38.203221 35.12475 35.327059 35.092607 35.53485 35.692373 36.617948 36.372609 35.541726 34.261459 34.067147 33.494509 33.437481 33.482618 33.406354 33.590506 33.400028 56.517461 33.491019 33.596621 33.035837 32.881229 33.782499 34.551024 33.490673 37.236547 34.22276 34.334297 33.717313 34.746695 36.517923 35.912205 36.790738 37.19696 37.439704 36.87277 36.553139 35.459808 35.169261 34.827683 34.223231 33.767046 35.076292 36.087326 35.917508 35.905886 35.119008 34.340593 34.496964 35.962061 39.944398 36.396662 35.319246 35.045856 35.202133 36.052795 36.262437 37.822598 38.563718 38.935196 38.601159 38.391536 36.729974 35.915248 35.727336 35.568462 35.740867 34.992495 36.13559 36.030244 36.111633 36.100342 35.711774 35.319353 34.654542 38.094079 33.821052 33.208712 31.83763 32.180762 31.6418 31.69288 32.066912 32.502362 31.842208 31.602778 32.419692 32.148608 32.201243 31.864773 32.208894 31.929705 32.48764 32.342667 32.241661 32.526671 32.036157 31.824718 32.356905 33.781535 33.518302 31.961483 32.138977 31.963062 31.27904 31.903577 31.413851 31.71342 31.540556 31.719075 31.836502 31.865206 32.052723 32.029464 32.581412 31.886797 32.226701 32.246815 52.513941 32.301474 32.375303 32.517792 32.490115 32.634036 31.459662 34.779976 31.727799 32.095226 33.449832 34.030837 35.104626 35.683039 34.891371 36.344374 37.12455 37.776171 37.43221 38.140683 37.898879 38.060309 37.561433 37.654573 38.067415 37.878572 38.042424 37.805058 36.827052 35.538628 35.457412 39.92528 51.032936 35.290703 47.992336 34.666911 48.84682 35.887988 35.863759 36.702912 37.395362 53.513623 39.664282 51.831808 39.867058 53.128243 45.498398 54.588773 39.319664 40.14344 38.601022 65.277387 63.768635 53.648529 39.332795 39.201071 59.16438 40.11141 54.083897 39.985283 44.904084 57.467147 41.695003 55.134348 38.816388 39.047649 41.715183 39.724747 39.301793 40.037063 40.614397 40.53832 41.536157 40.22617 40.600324 40.71207 41.263953 41.890355 40.809839 43.15625 44.147484 46.278137 41.473415 41.980488 41.479159 40.849272 40.880635 42.210219 42.188297 40.784389 42.196797 40.657499 40.901124 40.587255 40.647076 41.192899 40.953758 40.528476 40.7915 41.200765 40.470399 41.1923 41.118545 42.548742 41.113428 40.966782 46.284975 44.522922 44.491885 43.867353 45.013618 49.814157 42.804759 44.446423 44.765685 42.439041 41.13531 40.507214 42.024307 43.479501 44.082279 42.683791 42.673585 41.005413 40.200013 40.388491 40.677495 39.580842 40.076322 39.777522 40.74594 41.874167 40.469536 40.616845 41.059246 41.116092 40.822546 39.742414 40.508304 41.239268 40.497011 40.786907 40.567245 40.770114 39.475444 39.557758 39.289351 38.588571 38.044782 39.05274 37.506855 37.905373 38.136648 64.36023 40.470209 39.302055 41.430207 40.043636 38.631662 38.469074 37.312006 37.246791 36.739425 36.405208 36.214926 36.144815 36.978691 35.915725 36.230267 34.984757 35.270591 34.486487 34.337579 34.102289 34.451906 35.077131 34.388053 34.35318 34.318224 34.494217 33.896643 33.690765 34.307535 33.754616 33.50542 33.764322 33.634786 33.318227 33.310481 33.205044 33.450175 33.233164 33.062569 34.333071 34.75902 34.919266 35.934619 35.990849 36.63152 37.951663 37.60408 38.180942 37.778588 37.722835 37.282964 36.26806 36.093132 36.993378 36.210544 37.199449 37.756831 37.966582 36.799878 35.024785 35.021722 34.684703 34.114015 34.057941 34.757577 34.697232 33.60546 33.434879 33.400743 34.107762 33.745723 33.246269 34.284078 35.116056 32.963406 33.50905 34.686257 38.884295 34.213217 34.245585 35.028157 35.449028 35.600379 36.201968 36.653767 37.159548 36.916349 36.082512 33.976687 34.062506 34.812612 35.196265 35.693284 35.753424 36.050346 35.992742 36.69934 36.873691 35.869555 35.538956 60.126229 36.556565 40.590301 36.725746 35.226643 37.103412 37.86553 38.418709 39.643202 40.087957 39.786632 38.431933 37.557328 38.331235 38.51794 35.707808 36.228695 35.168848 35.006724 35.010731 33.962094 33.697771 34.349896 33.944508 34.849711 32.85985 32.353898 36.350477 30.523468 30.431632 30.23539 30.501786 30.611724 31.241882 30.760875 30.665619 30.41948 30.866364 30.262217 30.580798 30.07586 30.692073 30.703258 30.280877 30.340748 30.47075 30.347288 30.56954 30.776043 30.90937 33.005468 34.263015 38.829338 34.074437 34.110952 33.220708 34.75596 34.292344 33.00633 33.64802 32.746466 33.571941 33.629811 32.95289 33.384591 32.436494 32.674319 32.796412 32.401954 32.651951 33.725403 34.430843 35.868778 37.097905 36.060409 35.80617 36.972183 42.539937 37.614788 38.851836 37.622576 36.649166 36.808994 37.642045 36.634765 37.384434 36.693776 37.425883 37.704852 36.676174 35.803404 35.941663 36.216575 36.628683 38.596991 38.528886 37.539808 38.197415 37.554798 37.698304 38.250232 60.21307 44.198303 40.158268 38.524348 38.533601 38.326977 38.218953 39.371233 43.696091 39.959639 40.485469 40.439464 40.103627 39.516162 39.531888 39.193158 40.499641 40.578991 39.613132 40.365032 41.865729 39.916954 41.529587 41.459487 44.335858 43.390242 44.011305 42.759717 43.012163 43.461674 45.051304 45.234994 45.747385 44.864807 41.784417 41.408949 39.755767 40.927447 40.048767 39.48928 40.407126 40.96557 42.331807 44.386557 44.149082 42.07666 40.858359 41.267602 41.942788 40.375032 39.492852 41.913266 38.776147 40.394153 40.558597 42.26245 43.222447 43.515898 43.335325 43.468944 41.488692 41.903656 42.131001 41.606578 42.040469 42.056981 42.654802 43.395991 44.595278 43.864257 44.692907 44.864254 43.329111 43.790494 40.968369 40.429172 42.900446 43.889029 44.625659 43.330089 42.281509 42.120969 43.050723 43.227146 42.317847 42.890313 43.326012 44.178351 45.13353 42.782271 44.550438 42.919746 42.903579 42.439621 48.501335 44.30014 42.382593 41.943896 42.18006 41.186167 40.705469 72.777687 42.171655 42.097941 40.948393 38.901847 38.260276 39.700092 38.594416 36.890024 38.455102 39.641281 38.01489 37.662826 37.506513 37.311477 37.546126 36.133069 35.961179 35.417998 35.885361 36.187264 35.80588 35.507124 36.209316 36.303927 38.702476 36.248307 36.291141 36.544142 36.096289 36.616295 36.379413 36.997181 36.945581 37.516762 37.737383 38.103004 39.015574 38.013924 36.397553 36.378636 36.662803 36.620616 36.181951 35.855367 35.896923 36.247699 36.526888 35.984857 35.964494 39.147255 60.449676 35.871587 36.155555 36.49724 36.480187 36.34205 36.606531 36.964693 37.110448 36.973742 37.065063 37.684598 38.012093 38.386015 39.095365 40.157946 41.084182 40.644082 40.178105 41.327158 41.67965 43.151992 42.570996 42.128995 44.464288 41.983372 41.922728 42.21957 41.218368 41.672301 41.572148 40.235581 40.681756 39.025009 39.479007 40.061875 39.615305 39.570996 40.402883 41.236932 45.280653 40.979816 43.179544 39.867545 42.890885 39.945902 53.971208 39.642573 50.543178 40.254877 51.070017 42.446757 36.181147 43.275512 51.753444 36.244035 42.221743 36.447664 41.472476 50.998402 35.242338 41.030578 35.880563 42.385168 52.473365 36.863311 41.274215 37.035412 44.148931 37.807967 37.778887 37.644103 37.613398 39.454734 42.341271 39.709231 39.324875 40.030433 39.900114 40.07477 40.075567 40.093822 40.156839 40.941204 41.70158 42.383888 42.880011 41.621255 41.033766 41.635923 41.879274 39.932887 40.034892 40.089298 40.238022 40.133945 40.57195 41.91701 41.240689 43.795793 39.641598 62.920422 38.047162 37.996212 38.746193 38.892401 40.023462 39.649344 39.917193 39.747376 40.216822 40.125367 40.314392 39.666405 40.291672 39.769535 40.832854 41.80738 40.694853 38.460085 38.62793 39.683791 38.502874 38.572065 38.282209 38.532872 38.424247 38.98827 38.36069 37.992115 38.257487 38.292268 38.850257 38.61581 38.459773 38.097387 37.621119 38.024257 38.652255 39.058673 39.404506 38.319824 39.662887 39.308809 39.421313 38.579076 37.270332 36.437877 36.648785 37.468666 37.233382 38.480217 37.532135 35.305641 34.665214 34.428981 34.410932 34.27489 35.475934 36.598879 36.705913 35.563206 36.720092 36.541849 38.988888 39.924929 39.454949 38.407671 39.378835 39.049458 39.493834 38.757425 39.677194 39.607773 41.103039 39.653795 39.106726 38.903642 38.612952 38.413159 37.480103 38.467101 38.337787 36.886322 37.114406 37.327838 44.73668 37.155991 36.817264 37.242303 36.417339 36.885092 38.09461 37.833955 38.61233 38.752287 39.603402 39.139955 40.402227 43.677156 46.149345 46.3668 74.606736 46.38303 46.698399 46.292599 46.268182 46.567527 46.122477 45.358281 44.086338 43.739166 43.803237 43.236229 44.026635 44.655671 45.072531 44.585578 42.985376 42.56011 41.796209 43.298247 44.718499 44.27385 45.692589 41.831378 43.324184 43.652052 45.209294 43.147358 43.037101 43.83386 45.502291 44.963844 43.723919 44.099437 42.800726 42.855866 43.183858 43.16468 42.156887 41.309255 41.425831 41.305853 41.109219 39.937164 40.232779 39.189191 39.024078 41.189434 40.060663 39.248667 38.583263 61.344299 39.010109 38.513159 38.106319 37.572496 37.926246 38.251327 38.044236 36.387371 36.872401 36.178 35.691697 35.236828 35.969105 35.262635 35.55612 42.068481 36.026212 36.25572 36.871273 36.392805 39.313938 35.760991 36.251926 35.29086 35.148723 35.962205 36.169752 36.634379 37.080635 37.303833 39.194982 38.848503 38.069798 36.505759 35.686262 36.230845 37.895529 38.700028 39.519461 39.922754 40.632975 40.009818 39.141198 40.5275 39.537375 43.8812 40.743789 40.116677 41.086362 40.996173 40.234152 39.845445 38.667097 39.509227 39.494207 39.452797 39.341322 38.318289 38.089557 38.697539 39.416228 41.095695 40.724341 43.4873 42.55861 41.890638 42.339174 41.208528 39.949541 44.751487 44.741877 40.989803 41.864343 40.67859 40.052214 39.790292 39.267488 38.327844 38.671627 38.103754 39.120163 38.89609 37.760288 37.065733 36.99832 37.192812 36.716876 39.224439 38.840058 39.417463 38.578991 38.684481 38.02734 38.108364 37.571753 41.750683 40.011866 41.188037 48.235837 42.824263 69.076711 41.686957 41.564907 40.717109 40.368899 39.91227 40.292972 38.740874 38.169485 38.288647 41.481995 38.617547 38.893639 40.767995 38.671777 39.964376 40.868316 40.819904 40.87817 45.157776 40.745869 39.696419 38.37659 39.790576 38.842241 38.957512 39.144364 38.321279 37.639965 38.629622 39.754295 39.216021 39.275375 40.055502 39.939345 39.262618 38.130972 37.392399 37.407833 36.785442 36.824969 36.991044 37.207883 37.448511 41.52857 39.185218 37.184015 37.115923 36.774618 37.638429 37.586628 37.592817 37.504226 36.984376 37.292438 37.268655 37.501413 37.655024 36.9021 37.532182 37.561834 37.154758 37.715817 37.0845 37.235438 37.079873 36.450567 35.862703 36.064215 40.591309 35.801669 34.806458 34.465528 34.929998 34.559659 33.828093 33.926274 35.351249 35.017082 35.725093 35.191488 35.48618 35.903845 35.236352 33.876625 34.635661 35.222426 34.442944 35.003936 34.967868 35.83495 36.366392 36.127631 35.340441 40.389402 38.496765 37.579089 38.789127 38.060025 39.241435 38.617973 61.643213 35.998908 35.812439 36.311335 35.36884 34.297714 34.009518 34.746438 36.034533 36.03518 35.389906 34.784409 34.963828 33.689728 35.016396 34.784444 35.114478 36.572909 40.403975 37.203321 36.646985 36.346233 36.764325 36.624593 38.11673 39.481246 39.19779 39.886637 40.535405 39.645631 39.374381 39.016363 38.593171 39.92563 40.375457 41.549604 41.289582 42.222984 42.678568 41.99209 41.653763 42.035933 39.077958 42.581709 40.224239 40.829498 40.002448 39.007282 38.1848 37.872238 39.458619 39.731308 39.263256 39.287968 40.257064 40.822757 41.77174 41.046503 39.940409 38.043044 39.081988 40.018777 42.234178 39.016405 38.930511 38.686935 39.348219 40.852691 40.147223 39.643629 40.24207 39.481044 38.037624 36.434314 35.293074 35.42157 36.077792 36.000325 36.181516 36.072682 37.102843 37.217181 38.567086 38.945228 39.354831 38.764554 40.108789 39.673217 38.681666 39.650594 39.711978 39.483952 39.763796 40.699561 39.439153 37.969932 40.501846 40.629754 41.028937 41.479756 40.396591 68.29288 41.947936 41.591402 40.321108 40.454 40.203421 40.20834 40.581081 39.556072 39.620046 39.476514 40.083707 39.717501 38.320305 39.275805 38.717335 39.936446 40.62333 40.260969 39.909739 40.190229 40.013047 38.208306 37.707417 35.64397 35.496516 35.257747 35.501385 34.513505 35.686945 35.188928 35.36306 35.179368 35.274582 32.949792 32.094137 31.233833 31.103525 31.896473 31.494959 31.989266 31.178459 31.202165 32.769342 32.575226 32.824813 32.525062 32.511037 32.739766 32.909206 32.887702 54.473147 32.912121 32.949066 33.219281 32.674321 32.79276 32.714307 32.831689 33.261746 32.625134 32.511814 32.70079 32.47506 33.008126 32.147339 32.324875 36.441406 32.25502 32.064014 31.971099 32.031366 32.403722 32.660599 32.775944 33.492598 34.450752 34.272098 34.497643 35.006122 35.455944 35.247722 35.532932 36.655751 45.31792 36.430052 47.041144 35.921492 36.424957 36.870513 37.451101 37.118055 51.605867 36.856807 48.847866 38.066331 49.723174 49.506004 53.638313 38.205356 43.935736 38.573896 63.578223 50.794774 48.465312 38.987793 42.719311 38.371743 53.849262 42.343486 38.94318 49.731183 39.464362 53.92054 43.493762 39.071061 39.154842 43.326856 39.427291 39.910602 39.071836 38.348394 38.470446 39.143056 39.184078 39.732752 38.527464 38.568368 38.200318 37.600591 37.608197 38.477649 39.637071 41.073971 38.338436 38.614444 40.307258 40.189228 38.326139 37.666058 37.938613 37.576773 41.906987 37.882108 37.324103 36.466152 35.318581 34.95419 35.585105 34.936915 35.247003 34.957373 34.643007 56.217496 34.34819 33.301691 33.774138 33.622163 32.726347 32.873438 31.528477 31.031941 30.439814 31.044025 31.677432 31.217333 31.598416 35.529867 31.499146 32.607065 31.899973 31.774281 31.278691 31.120903 30.881124 30.697509 30.419662 31.189301 31.771393 31.247719 30.953756 30.700187 30.956185 31.208776 30.748307 31.233816 31.427876 31.085721 31.192639 30.808073 31.143639 31.248597 35.757697 31.277639 31.212972 31.543147 31.872641 31.786068 32.830292 32.84606 34.411535 34.63746 35.086344 35.330855 35.924424 35.825769 36.533589 37.797761 38.651221 38.133388 38.811336 37.347742 37.550055 39.175589 37.590524 38.001258 35.610386 34.576469 34.457971 35.186057 35.090322 34.382242 33.496614 33.467284 32.970414 32.463687 32.246557 32.331849 32.368479 32.268533 31.441956 30.46242 30.787256 31.379233 31.494544 31.554272 31.834541 32.396322 33.811119 35.572677 35.586608 36.40227 37.771577 36.7628 37.332627 37.75155 36.403894 36.691131 36.594516 37.139697 38.433466 39.208438 40.622762 41.508124 67.514011 39.738583 39.840727 39.528954 39.410713 39.493783 39.632787 40.739049 40.657153 41.168421 41.369431 39.959201 40.130772 43.259394 40.782578 39.631318 39.924923 39.776015 40.578342 41.609171 41.330355 41.891844 40.621023 41.924368 42.895155 44.050779 44.14486 45.357688 44.519097 44.638969 43.779763 42.939001 43.080273 41.739952 41.071278 41.975534 43.67082 43.263375 45.777613 41.044904 39.057492 37.679221 37.585532 37.766022 37.520272 37.828909 36.600235 36.879798 36.672962 38.044379 37.48921 36.528215 37.152608 38.377893 38.441509 39.198347 38.636518 39.19988 40.044747 41.485071 40.502103 41.566539 41.877987 44.508463 41.304661 41.493798 42.108802 41.616452 42.635544 43.147621 43.073927 41.878907 42.54874 42.960743 83.052367 42.464983 40.836138 41.391435 41.64737 42.094688 40.361099 40.967412 39.382082 40.75982 39.576277 37.866727 37.417963 37.195833 39.927583 37.796116 37.895563 37.214887 37.694842 38.175701 37.496791 38.673413 38.748023 40.151298 39.778428 38.376075 38.836078 64.20915 38.417435 38.213876 37.609668 38.268449 37.132199 35.4914 36.559642 36.799827 35.095073 34.534421 34.991442 38.362013 35.593796 33.902427 34.182145 34.16986 34.821086 34.507141 35.951067 35.371729 34.569889 34.762434 35.208358 34.890952 33.550151 33.121622 33.218566 32.580165 33.23212 33.171228 34.832607 34.849816 34.403986 35.462823 35.214605 35.062533 37.054596 33.144334 33.756193 34.352044 35.390521 36.937801 38.737225 38.931279 37.664638 37.998989 38.628423 38.982164 40.063464 38.777551 39.643599 39.137928 38.800965 37.349237 38.040621 38.463317 39.044939 39.012277 37.523228 38.225388 37.998036 39.067677 37.913869 37.821057 37.711355 40.263651 40.29489 39.987305 40.208884 38.100834 38.514685 38.972857 37.612237 37.518127 37.444842 37.150964 39.074884 38.09051 39.190751 39.420947 39.338519 38.876466 39.306444 39.921444 39.971422 40.465831 41.894854 38.761151 38.026748 38.429445 38.646192 37.879908 38.758648 38.485125 39.183529 36.9094 37.262952 37.389071 36.482932 34.821492 58.015166 34.771206 34.982025 33.823304 33.564424 32.253801 31.649501 31.201009 32.051009 31.456548 31.789491 30.077314 30.70249 31.069446 31.71829 31.931791 32.647486 32.313123 33.299596 34.480055 36.459463 35.675523 37.040696 37.782693 36.710994 35.549512 35.854043 35.357323 36.727983 37.616769 38.726027 38.834925 41.201719 41.059533 42.603776 42.511228 42.57108 42.399465 42.39068 41.717826 42.130304 40.822723 42.29884 41.257624 39.026809 39.135878 39.57568 40.085731 39.489201 38.459431 39.672605 39.747709 40.276225 40.345248 39.874886 38.771454 39.374494 38.591151 39.106914 38.62889 41.109589 43.543418 41.013987 41.844501 42.669248 41.254067 41.318166 41.397369 41.69966 42.421355 43.790473 43.551212 44.350222 43.022642 43.155559 41.666862 42.553014 42.303232 42.113678 41.139537 41.389122 42.291071 43.073502 43.006452 41.323323 39.794244 42.134456 39.413541 40.497961 39.888093 40.393043 40.121972 42.128186 41.445838 42.356842 41.372347 39.346171 39.090084 37.959431 38.714304 37.928872 63.335598 39.429061 38.878693 39.217564 39.1408 39.736563 39.561575 41.589689 41.791163 43.871484 45.391113 43.196583 42.782275 43.09391 41.769527 42.107064 41.927626 41.872332 41.329183 41.185871 40.436438 40.62872 41.173526 41.571473 40.170951 40.119585 40.365263 39.966884 39.318939 39.812822 39.560363 40.168754 39.571155 40.375024 39.993831 43.832796 40.314875 40.124574 39.761562 40.168476 41.42495 40.993246 40.81625 41.101378 42.424249 42.850719 44.012065 42.341223 41.196974 41.700797 41.705139 42.835347 42.081571 41.582286 41.450344 41.085498 39.824359 39.617138 38.61549 38.540949 41.649039 38.295841 38.82919 39.300137 38.630402 39.671935 39.18278 39.681444 40.055985 42.042093 41.918101 43.148636 43.660768 44.405933 43.085472 41.976468 40.532395 40.207822 41.20001 42.373257 40.954513 40.583343 39.877958 39.856633 40.218056 42.100002 38.511115 38.957499 39.501672 40.03401 38.218065 38.97385 39.231659 40.327123 40.417081 40.084706 41.338221 41.150688 41.582377 40.954874 40.773985 69.074586 38.690185 38.236571 38.577656 39.619687 39.781317 39.496666 38.827194 42.217595 39.029559 37.243346 37.405009 37.199097 36.664708 36.922289 36.02525 36.150796 36.202592 37.126767 37.067196 37.447213 37.786912 37.466419 36.586063 45.819982 35.5308 41.704962 35.412892 46.31573 35.504803 35.575575 38.277156 36.32924 47.115278 39.227196 42.320852 45.005474 34.096981 42.146042 50.044937 34.698934 43.036211 33.557952 40.057647 56.034659 33.797785 49.773118 33.349698 34.668959 49.015875 33.085627 53.437681 41.400686 42.361043 33.793877 36.792702 34.764371 33.927194 38.90824 34.568172 35.202494 35.501689 36.247222 37.201977 39.003806 39.144147 39.943002 38.91841 39.47856 39.168543 37.990413 38.236644 36.38104 35.994852 36.051771 35.123571 35.361874 34.935253 35.719673 33.694927 33.131604 32.932219 33.767721 37.089516 33.224077 33.002847 33.665205 33.534521 33.188317 32.160214 31.797938 31.938477 31.643761 32.243408 32.622002 33.46564 33.907581 33.76874 34.171667 34.860274 35.670131 36.711896 37.498991 38.591672 39.485674 39.255218 39.749525 39.524292 43.14883 39.48817 40.168052 40.307878 41.6043 
tComAct=0.059591 0.056356 0.058633 0.057116 0.055837 0.053634 0.055497 0.05397 0.056026 0.054664 0.055348 0.053178 0.131143 0.057775 0.060172 0.060912 0.060466 0.070216 0.122441 0.06012 0.058082 0.057175 0.05838 0.059458 0.057728 0.058412 0.055096 0.05501 0.055353 0.042323 0.016971 0.019532 0.014829 0.013846 0.015738 0.015234 0.014884 0.014936 0.053469 0.042565 0.0165 0.013991 0.017716 0.01278 0.016046 0.014561 0.04468 0.014835 0.054296 0.042623 0.016045 0.014058 0.043601 0.01572 0.01596 0.042175 0.013848 0.042488 0.054968 0.042974 0.015941 0.014587 0.056648 0.055 0.05294 0.054555 0.057459 0.053476 0.037881 0.058551 0.056839 0.056517 0.054869 0.064429 0.053853 0.053994 0.054974 0.05398 0.053788 0.051492 0.057809 0.057805 0.057183 0.057464 0.058564 0.0576 0.056553 0.057913 0.057239 0.05743 0.057607 0.063325 0.063714 0.060454 0.061765 0.060445 0.058685 0.054054 0.053747 0.054866 0.05527 0.052881 0.051649 0.058295 0.057106 0.057789 0.055579 0.058082 0.05587 0.056223 0.058122 0.057159 0.059114 0.059121 0.056488 0.057487 0.056162 0.05466 0.054973 0.052048 0.053549 0.054393 0.054595 0.053601 0.050575 0.055668 0.056836 0.056103 0.058593 0.056396 0.056948 0.056239 0.056909 0.05719 0.057776 0.057953 0.05521 0.05824 0.055765 0.055818 0.053631 0.053527 0.054196 0.053796 0.05454 0.052063 0.049939 0.057183 0.056809 0.055131 0.054327 0.056109 0.057028 0.05708 0.05054 0.056022 0.056681 0.056381 0.055908 0.056543 0.055193 0.053653 0.052836 0.055291 0.05394 0.053563 0.05538 0.053684 0.057197 0.05058 0.129872 0.056277 0.056314 0.057369 0.058025 0.056466 0.128919 0.056132 0.058358 0.057772 0.055363 0.057552 0.059021 0.055557 0.05292 0.053349 0.052228 0.052791 0.053647 0.053445 0.129265 0.058715 0.057992 0.056835 0.056822 0.055844 0.056161 0.056939 0.057358 0.054501 0.055508 0.055838 0.057041 0.057111 0.05935 0.053582 0.054217 0.053928 0.053985 0.053128 0.051252 0.054044 0.054553 0.050867 0.05458 0.058384 0.057198 0.057641 0.058097 0.059325 0.058634 0.070332 0.056573 0.058269 0.057549 0.058513 0.057893 0.057215 0.05618 0.055459 0.054189 0.055058 0.054906 0.053851 0.055121 0.051623 0.058369 0.059876 0.059773 0.059213 0.127881 0.056901 0.056852 0.058533 0.055611 0.057554 0.057638 0.058421 0.05802 0.05808 0.055629 0.055544 0.054994 0.056468 0.055556 0.055557 0.053929 0.052864 0.052068 0.053228 0.057673 0.058491 0.057059 0.056738 0.056794 0.056262 0.056473 0.056539 0.057128 0.056979 0.056496 0.052908 0.054906 0.05593 0.055322 0.054861 0.055743 0.054176 0.053729 0.049563 0.05427 0.057427 0.056688 0.072632 0.056779 0.057292 0.056067 0.057769 0.05791 0.055572 0.055407 0.056999 0.058089 0.055835 0.057153 0.053948 0.053635 0.053223 0.054416 0.053398 0.052864 0.051895 0.066369 0.056335 0.12533 0.057518 0.056304 0.05739 0.057002 0.056733 0.057951 0.057212 0.057161 0.0581 0.057522 0.057748 0.05729 0.054294 0.052489 0.05525 0.054493 0.054193 0.054075 0.052892 0.105445 0.056429 0.057557 0.055559 0.057668 0.059222 0.058902 0.057944 0.056771 0.059073 0.056634 0.058264 0.056154 0.058021 0.056332 0.056304 0.054986 0.055572 0.055304 0.054743 0.110834 0.014834 0.014078 0.01443 0.013403 0.015647 0.015173 0.016146 0.073562 0.015089 0.085625 0.014061 0.016665 0.043423 0.017359 0.014896 0.016854 0.015425 0.016865 0.014501 0.043811 0.013591 0.053111 0.041103 0.01725 0.012684 0.043829 0.015566 0.095281 0.031891 0.017256 0.013764 0.046222 0.054187 0.053406 0.051255 0.053988 0.054147 0.052352 0.05415 0.053849 0.055901 0.050603 0.053435 0.053395 0.050554 0.051126 0.054173 0.053918 0.051135 0.056956 0.050891 0.054331 0.053654 0.05512 0.057467 0.057266 0.056242 0.05639 0.055469 0.057213 0.056007 0.053831 0.055422 0.054236 0.055015 0.050246 0.05531 0.05333 0.051879 0.055488 0.051726 0.05649 0.055818 0.055017 0.056787 0.056106 0.056734 0.058251 0.133323 0.058785 0.04945 0.057121 0.057978 0.056249 0.054872 0.054939 0.05512 0.05538 0.054511 0.053487 0.052649 0.05147 0.057448 0.054912 0.056923 0.051548 0.055464 0.126668 0.057298 0.056065 0.058838 0.056613 0.057135 0.057001 0.057679 0.057201 0.056619 0.055646 0.053723 0.052863 0.053126 0.053203 0.052189 0.053107 0.056943 0.054099 0.057352 0.057891 0.058631 0.056838 0.057213 0.056685 0.05699 0.057494 0.056366 0.052159 0.058554 0.055822 0.056284 0.054804 0.055047 0.054414 0.053457 0.054123 0.054747 0.054528 0.052706 0.052994 0.049623 0.056698 0.052852 0.057565 0.057607 0.05677 0.056135 0.056396 0.057097 0.055436 0.056897 0.054523 0.056913 0.05421 0.05394 0.054027 0.054322 0.051776 0.053848 0.053557 0.052752 0.050426 0.058105 0.058327 0.055955 0.057786 0.058274 0.055365 0.057656 0.055379 0.058478 0.057043 0.055805 0.056722 0.056616 0.056941 0.054058 0.056548 0.066212 0.053304 0.053619 0.050619 0.050782 0.057104 0.057278 0.055636 0.055192 0.055052 0.056941 0.058018 0.055724 0.057204 0.058266 0.059521 0.057956 0.056358 0.056483 0.056888 0.064734 0.053721 0.054012 0.053051 0.054309 0.055008 0.054418 0.053246 0.053422 0.057397 0.058402 0.057562 0.058646 0.057721 0.056767 0.056856 0.05877 0.057466 0.058311 0.05438 0.055451 0.057977 0.054837 0.056496 0.054005 0.052439 0.053667 0.05412 0.054068 0.054666 0.050813 0.068914 0.05542 0.057476 0.05665 0.057068 0.056914 0.056651 0.057514 0.056915 0.056644 0.056521 0.057358 0.057054 0.054008 0.054678 0.05415 0.053244 0.054625 0.051641 0.053436 0.052877 0.051262 0.057106 0.056939 0.05806 0.05696 0.05782 0.056996 0.05851 0.0566 0.056009 0.057373 0.056078 0.05596 0.057637 0.056884 0.056291 0.05526 0.054734 0.052934 0.054326 0.053594 0.053005 0.050835 0.057463 0.058725 0.057188 0.05679 0.057183 0.056044 0.058508 0.057202 0.057818 0.116418 0.057226 0.058483 0.057704 0.056252 0.054668 0.055689 0.054785 0.054696 0.055145 0.053888 0.052484 0.050477 0.05643 0.05795 0.05683 0.058172 0.055776 0.057466 0.05775 0.055714 0.056043 0.056442 0.056162 0.056941 0.059333 0.055083 0.053263 0.052503 0.054267 0.056239 0.053078 0.053071 0.053431 0.05262 0.056904 0.055823 0.056618 0.058408 0.05872 0.054909 0.056766 0.057694 0.058044 0.056566 0.056157 0.056703 0.05528 0.055284 0.057557 0.054605 0.055818 0.053501 0.053315 0.054864 0.054767 0.054319 0.051215 0.050062 0.057878 0.056246 0.056676 0.057135 0.05562 0.125032 0.056174 0.056418 0.055538 0.05653 0.057069 0.057681 0.057324 0.055385 0.055228 0.054171 0.052679 0.053021 0.05188 0.050766 0.050603 0.055081 0.05607 0.055726 0.056732 0.056787 0.05623 0.056639 0.056488 0.057094 0.05764 0.056147 0.056742 0.056824 0.05817 0.057678 0.054234 0.052665 0.052199 0.052463 0.051534 0.051823 0.118977 0.055813 0.057537 0.056277 0.057283 0.056065 0.056023 0.055261 0.058023 0.056974 0.054653 0.055925 0.057678 0.058379 0.055673 0.055062 0.053656 0.054708 0.055882 0.053833 0.056158 0.054308 0.053464 0.052259 0.052473 0.055122 0.056689 0.056311 0.058117 0.057785 0.05691 0.057503 0.041507 0.018102 0.015828 0.013139 0.019169 0.017161 0.015914 0.015836 0.015042 0.017562 0.01408 0.013632 0.017971 0.012884 0.01555 0.015714 0.015818 0.01507 0.015474 0.095681 0.015477 0.01459 0.015042 0.043684 0.013564 0.038229 0.045405 0.016541 0.013353 0.044865 0.015407 0.01456 0.045537 0.013581 0.054225 0.053988 0.052571 0.029655 0.054689 0.054419 0.044635 0.054273 0.033054 0.053275 0.050903 0.053101 0.056752 0.057797 0.05468 0.058055 0.056777 0.057868 0.05653 0.054648 0.054641 0.1246 0.053467 0.053667 0.053228 0.052684 0.051111 0.058809 0.057148 0.057633 0.057074 0.055859 0.058057 0.057134 0.057675 0.057654 0.057776 0.056764 0.058398 0.057053 0.056123 0.054569 0.063896 0.055555 0.052902 0.053031 0.053057 0.051751 0.05263 0.051009 0.056463 0.056173 0.056936 0.053878 0.057021 0.056719 0.055639 0.058344 0.056982 0.057345 0.056931 0.056733 0.056613 0.055707 0.053084 0.054856 0.054199 0.05535 0.053436 0.055286 0.054274 0.057183 0.057885 0.057413 0.057001 0.059417 0.05799 0.057213 0.057449 0.058384 0.058107 0.058934 0.057736 0.056345 0.058159 0.05586 0.055878 0.119611 0.054247 0.054386 0.054789 0.054113 0.052249 0.05132 0.058221 0.058163 0.057885 0.057235 0.057624 0.056979 0.056631 0.057158 0.055953 0.057061 0.054852 0.058849 0.055826 0.054217 0.05403 0.052407 0.052957 0.051559 0.051405 0.052911 0.050595 0.056757 0.056239 0.057014 0.055333 0.056451 0.055843 0.057075 0.057101 0.057169 0.057583 0.057313 0.058902 0.056987 0.058289 0.057345 0.055214 0.055559 0.05247 0.053201 0.053025 0.053471 0.053126 0.052466 0.053672 0.056168 0.057264 0.056074 0.056606 0.05905 0.056842 0.127687 0.057604 0.057405 0.058115 0.055234 0.056344 0.057356 0.053469 0.05348 0.053107 0.054251 0.053328 0.053642 0.054177 0.048992 0.056106 0.055614 0.058217 0.056953 0.055283 0.053794 0.056265 0.057075 0.055258 0.057743 0.056757 0.130826 0.057018 0.055975 0.05477 0.054486 0.05401 0.054537 0.052586 0.051262 0.053552 0.052545 0.057906 0.057868 0.057158 0.057662 0.068095 0.057985 0.118409 0.055915 0.05502 0.056978 0.057439 0.05626 0.057477 0.057458 0.055137 0.054039 0.05466 0.054352 0.053639 0.053744 0.054288 0.053437 0.049861 0.056974 0.05794 0.057011 0.056252 0.057139 0.057116 0.059512 0.056492 0.056813 0.056383 0.059009 0.056027 0.057532 0.056423 0.053992 0.05432 0.053529 0.05356 0.05252 0.053168 0.052473 0.059838 0.05742 0.057654 0.056629 0.057052 0.057791 0.057188 0.057146 0.05585 0.056508 0.056107 0.057038 0.058017 0.057291 0.056658 0.056695 0.054529 0.054053 0.066229 0.051821 0.054874 0.054432 0.104536 0.058137 0.056394 0.059148 0.057138 0.05772 0.068944 0.057589 0.057014 0.056493 0.056542 0.057699 0.056267 0.054533 0.05726 0.056869 0.055248 0.056533 0.055942 0.054529 0.053546 0.0539 0.054061 0.052124 0.057172 0.055243 0.05786 0.055574 0.051931 0.055835 0.058583 0.056359 0.058419 0.057419 0.056026 0.057059 0.056362 0.055561 0.055083 0.054299 0.05396 0.121762 0.055074 0.053633 0.053054 0.053389 0.05173 0.058061 0.055066 0.055979 0.058105 0.057261 0.057242 0.056801 0.056162 0.055978 0.057106 0.05658 0.054545 0.056442 0.056471 0.054427 0.05406 0.052909 0.052949 0.054371 0.054545 0.054754 0.054267 0.05278 0.056607 0.057324 0.056716 0.064762 0.056949 0.056802 0.056915 0.057245 0.056498 0.057434 0.057177 0.057874 0.053426 0.055039 0.054221 0.05398 0.054833 0.054277 0.055245 0.053156 0.053074 0.051567 0.05205 0.057051 0.057754 0.071499 0.057351 0.058078 0.057776 0.05744 0.058394 0.058394 0.05741 0.055562 0.057022 0.056151 0.055185 0.054647 0.054332 0.05389 0.052707 0.054533 0.053996 0.053908 0.052406 0.056349 0.057487 0.057674 0.05281 0.057345 0.057153 0.05722 0.057967 0.128791 0.056597 0.057768 0.057778 0.054711 0.054861 0.052747 0.056135 0.063756 0.053599 0.05505 0.053953 0.054444 0.054117 0.056623 0.057886 0.057957 0.05779 0.057128 0.049854 0.055418 0.057211 0.057383 0.057311 0.056842 0.066917 0.057127 0.054128 0.056526 0.053131 0.053746 0.053489 0.054259 0.054313 0.053661 0.057526 0.056817 0.05584 0.056792 0.056492 0.056244 0.057489 0.055959 0.055796 0.057021 0.130289 0.055571 0.055138 0.05596 0.055124 0.05346 0.054354 0.053734 0.053986 0.053066 0.053492 0.053376 0.051345 0.055349 0.056626 0.056924 0.05673 0.124401 0.057507 0.056072 0.057136 0.05667 0.056 0.055477 0.055477 0.117402 0.056461 0.055382 0.055894 0.05437 0.053356 0.053239 0.054374 0.05311 0.051863 0.055338 0.057427 0.056732 0.056494 0.055983 0.056909 0.056632 0.056448 0.055592 0.056526 0.068645 0.057016 0.057517 0.057041 0.066558 0.056612 0.054244 0.054595 0.05447 0.054306 0.053293 0.058832 0.057841 0.062389 0.062023 0.062366 0.062048 0.06114 0.057895 0.057872 0.107513 0.017223 0.016969 0.014339 0.094561 0.01506 0.014593 0.015576 0.014513 0.013845 0.032353 0.096102 0.018075 0.013977 0.014601 0.019479 0.015481 0.016234 0.016146 0.015073 0.015815 0.014804 0.015941 0.014725 0.015277 0.016309 0.015757 0.015778 0.015689 0.015239 0.01541 0.034891 0.053643 0.05459 0.051685 0.054559 0.054013 0.045956 0.057158 0.066968 0.037008 0.056931 0.057739 0.057617 0.057216 0.05666 0.057297 0.056921 0.057004 0.058404 0.057667 0.052518 0.05481 0.053249 0.054055 0.053323 0.054395 0.052809 0.052635 0.052986 0.057008 0.116047 0.058118 0.060062 0.057002 0.057376 0.052401 0.057063 0.057427 0.056982 0.057574 0.057633 0.057341 0.057098 0.055735 0.055051 0.052615 0.054099 0.05386 0.053662 0.053315 0.051756 0.068754 0.05578 0.056572 0.057854 0.057129 0.056591 0.0567 0.056734 0.05612 0.056966 0.05657 0.057142 0.057387 0.058549 0.053927 0.05405 0.054922 0.053148 0.053379 0.053331 0.053213 0.054307 0.052739 0.056229 0.057689 0.058215 0.058286 0.05761 0.057206 0.05516 0.057898 0.057215 0.057885 0.05858 0.05658 0.058095 0.054114 0.054977 0.055005 0.053387 0.054488 0.054763 0.053291 0.053579 0.053497 0.056494 0.057253 0.055191 0.058347 0.057987 0.055328 0.055896 0.054899 0.056695 0.127255 0.05627 0.055472 0.055741 0.056312 0.053165 0.053447 0.053557 0.052817 0.053103 0.055191 0.054085 0.052174 0.055689 0.056304 0.056205 0.057458 0.057224 0.056492 0.056682 0.055081 0.056316 0.058892 0.055907 0.056364 0.056576 0.052942 0.055071 0.053081 0.053818 0.053774 0.053674 0.053753 0.052419 0.052114 0.053992 0.051368 0.05673 0.060767 0.05728 0.058513 0.05877 0.057558 0.056991 0.057343 0.058019 0.058021 0.058705 0.056297 0.056332 0.055948 0.124209 0.054546 0.055104 0.05399 0.054483 0.054623 0.05499 0.053603 0.049814 0.056974 0.057212 0.057205 0.057249 0.057308 0.056073 0.057674 0.056608 0.056567 0.056829 0.057452 0.057364 0.056092 0.054033 0.053255 0.052919 0.055031 0.118403 0.052845 0.054486 0.050434 0.057126 0.057811 0.056865 0.057169 0.05794 0.057297 0.057715 0.055691 0.057425 0.056475 0.057344 0.055939 0.05641 0.055813 0.055143 0.055176 0.054578 0.055501 0.053141 0.051525 0.052015 0.059163 0.127676 0.053338 0.056043 0.056563 0.057719 0.056405 0.05599 0.056226 0.057088 0.0565 0.0573 0.054678 0.055425 0.056889 0.053986 0.052117 0.05378 0.054017 0.051529 0.125657 0.052851 0.054371 0.05126 0.056651 0.057198 0.057144 0.058286 0.057653 0.05697 0.057987 0.054974 0.0573 0.056053 0.05553 0.056976 0.05533 0.056031 0.054314 0.053202 0.054548 0.054457 0.054247 0.053693 0.053216 0.055055 0.052794 0.057628 0.057872 0.057569 0.056604 0.056521 0.057908 0.056622 0.056485 0.057631 0.05516 0.056591 0.057228 0.055624 0.053569 0.053846 0.055131 0.052533 0.053254 0.053565 0.05329 0.052759 0.055412 0.055966 0.056068 0.055119 0.055379 0.054492 0.055522 0.056605 0.053902 0.057743 0.057908 0.05549 0.055342 0.056605 0.054914 0.052998 0.053107 0.053272 0.053742 0.05372 0.053559 0.053786 0.051839 0.056551 0.057747 0.057128 0.055953 0.056872 0.056801 0.057263 0.056754 0.057628 0.056036 0.057236 0.058249 0.056587 0.054524 0.055395 0.051389 0.05474 0.054152 0.053534 0.052245 0.052411 0.060977 0.05727 0.055779 0.056231 0.056544 0.132057 0.056394 0.057275 0.058583 0.055221 0.057068 0.056979 0.055039 0.056187 0.068374 0.055711 0.053729 0.054842 0.052882 0.053307 0.052531 0.051788 0.04937 0.056653 0.055004 0.056899 0.055342 0.05724 0.056362 0.056741 0.057216 0.055699 0.0566 0.056987 0.056311 0.055977 0.057223 0.053721 0.053188 0.053791 0.054698 0.054216 0.051684 0.051608 0.052381 0.056568 0.056371 0.056028 0.05813 0.057224 0.056233 0.056359 0.05608 0.056954 0.056247 0.066237 0.056559 0.057719 0.055878 0.055309 0.054263 0.054581 0.054652 0.052508 0.05336 0.130254 0.052765 0.05164 0.057885 0.0572 0.057229 0.056545 0.057564 0.057534 0.0574 0.055915 0.057399 0.057066 0.057125 0.056309 0.058012 0.126749 0.054744 0.054468 0.05488 0.054629 0.054423 0.05424 0.05307 0.053332 0.051107 0.057078 0.058494 0.055756 0.0566 0.056902 0.069774 0.05675 0.054853 0.056587 0.057367 0.05692 0.131033 0.055629 0.055242 0.055094 0.054163 0.054467 0.054934 0.054605 0.123585 0.055066 0.052618 0.057823 0.056107 0.057643 0.056434 0.12866 0.056529 0.057006 0.057899 0.056446 0.058589 0.057481 0.056673 0.056705 0.055637 0.053938 0.053671 0.055115 0.05471 0.054454 0.054241 0.05294 0.051002 0.050487 0.056067 0.055761 0.055452 0.055855 0.058449 0.05812 0.058007 0.058292 0.058638 0.055605 0.057412 0.057967 0.058206 0.054208 0.054877 0.055184 0.055437 0.054206 0.055397 0.053912 0.05454 0.053323 0.050945 0.057951 0.057748 0.056401 0.057141 0.057842 0.058265 0.05799 0.051751 0.057322 0.057531 0.057181 0.05812 0.055299 0.054167 0.054851 0.054943 0.054811 0.055781 0.127527 0.054505 0.054434 0.124563 0.058257 0.056298 0.056974 0.057552 0.057906 0.057627 0.057557 0.058355 0.056692 0.057774 0.057781 0.057801 0.057332 0.056913 0.066979 0.055286 0.054529 0.054769 0.125738 0.053201 0.146792 0.056702 0.056918 0.057952 0.056589 0.059003 0.056726 0.057325 0.05608 0.057228 0.056984 0.057352 0.055438 0.057677 0.057549 0.056336 0.051731 0.05321 0.053507 0.054209 0.052294 0.053899 0.054162 0.057046 0.056908 0.057504 0.057719 0.056508 0.055675 0.057903 0.056419 0.056923 0.056302 0.057806 0.056904 0.055975 0.056737 0.05748 0.055867 0.056807 0.053335 0.052299 0.053877 0.053034 0.052696 0.050667 0.05753 0.056655 0.044055 0.015508 0.01427 0.014142 0.014264 0.014871 0.016314 0.016373 0.015991 0.018325 0.026677 0.018279 0.014185 0.119667 0.018694 0.015373 0.045384 0.014068 0.015623 0.113918 0.044593 0.0777 0.01498 0.044412 0.015358 0.015409 0.097658 0.014667 0.042035 0.055465 0.042852 0.070132 0.015061 0.052821 0.052775 0.053819 0.052999 0.054454 0.050238 0.05464 0.053363 0.052402 0.052569 0.055965 0.053856 0.056304 0.130959 0.056206 0.056991 0.056806 0.053512 0.056121 0.056484 0.056347 0.056339 0.067083 0.057116 0.055784 0.054862 0.054657 0.054556 0.054239 0.053682 0.053306 0.053416 0.055083 0.057088 0.057574 0.056357 0.056475 0.122842 0.057845 0.054978 0.056523 0.057282 0.056382 0.055925 0.055966 0.057215 0.05402 0.052936 0.054655 0.053345 0.055023 0.054859 0.052682 0.051751 0.056666 0.056345 0.055724 0.057261 0.057708 0.056158 0.057001 0.057885 0.052889 0.056255 0.056515 0.056251 0.057871 0.057582 0.056859 0.053845 0.053762 0.064451 0.051813 0.054177 0.052002 0.051031 0.052 0.053014 0.054924 0.056958 0.056744 0.057652 0.057925 0.055175 0.055544 0.0573 0.056442 0.057385 0.056349 0.056426 0.056434 0.05334 0.055076 0.056163 0.053417 0.055661 0.067629 0.053263 0.053511 0.050605 0.056965 0.057575 0.057107 0.058114 0.056884 0.057791 0.056211 0.054304 0.057332 0.056356 0.057371 0.058007 0.054988 0.055763 0.05478 0.053014 0.053365 0.053396 0.053849 0.054295 0.052518 0.056304 0.054545 0.055723 0.055355 0.05654 0.057983 0.057256 0.057952 0.058098 0.057189 0.058221 0.058347 0.069955 0.05666 0.057977 0.055875 0.054158 0.049575 0.064139 0.053495 0.052785 0.052185 0.052752 0.052391 0.05758 0.056413 0.056584 0.055621 0.058281 0.058222 0.057593 0.055203 0.0573 0.069894 0.056326 0.055871 0.056926 0.055809 0.054819 0.054459 0.054757 0.052705 0.053839 0.054577 0.053569 0.054176 0.055004 0.057153 0.056669 0.056757 0.055923 0.055808 0.056936 0.057544 0.055407 0.056985 0.056831 0.057199 0.057809 0.068504 0.053853 0.055367 0.053796 0.054357 0.052244 0.050603 0.052093 0.052607 0.055454 0.056063 0.05587 0.055593 0.056387 0.057865 0.055754 0.055746 0.056476 0.057605 0.056018 0.056675 0.056785 0.056341 0.055573 0.054743 0.053155 0.05525 0.054381 0.055034 0.053571 0.054359 0.058664 0.061881 0.062253 0.061955 0.062012 0.070769 0.061653 0.061753 0.063525 0.058879 0.059089 0.057355 0.056691 0.055437 0.054967 0.054 0.054833 0.054212 0.054018 0.06654 0.054256 0.053836 0.051916 0.099875 0.056727 0.057881 0.056303 0.055538 0.050493 0.056048 0.057068 0.055715 0.056157 0.056444 0.056528 0.054665 0.057053 0.054389 0.054091 0.053453 0.053911 0.053059 0.052072 0.053187 0.05168 0.058125 0.056331 0.05017 0.057503 0.055306 0.0574 0.057322 0.057672 0.05783 0.057298 0.057123 0.057165 0.055604 0.056779 0.055945 0.054202 0.053113 0.054306 0.053636 0.052227 0.053283 0.052404 0.056784 0.056383 0.067126 0.055585 0.058431 0.055823 0.05731 0.056189 0.056578 0.056997 0.0533 0.056071 0.057544 0.057272 0.058151 0.05611 0.054133 0.053771 0.054581 0.05542 0.053791 0.054558 0.054565 0.050636 0.057999 0.056572 0.057553 0.061364 0.061278 0.06163 0.060788 0.062283 0.062102 0.06208 0.056186 0.05647 0.055804 0.057213 0.055224 0.055583 0.055115 0.055676 0.053773 0.055286 0.053266 0.052843 0.056499 0.061768 0.062485 0.060934 0.061236 0.062433 0.061465 0.057261 0.057617 0.054652 0.057515 0.057081 0.055701 0.05733 0.054107 0.05417 0.052885 0.052773 0.052775 0.054123 0.052112 0.059208 0.056712 0.05751 0.066137 0.058032 0.056545 0.058053 0.057499 0.056817 0.05586 0.055932 0.055761 0.056286 0.057049 0.055834 0.055315 0.054658 0.055356 0.051715 0.051643 0.052832 0.054648 0.050408 0.05666 0.057092 0.056897 0.055753 0.057118 0.05755 0.057706 0.057014 0.055796 0.057736 0.054948 0.058289 0.056727 0.057048 0.057905 0.055554 0.053539 0.055245 0.052924 0.053345 0.053987 0.053111 0.052069 0.056278 0.056165 0.054987 0.056092 0.056899 0.056137 0.05574 0.057303 0.057088 0.054246 0.056382 0.056374 0.056469 0.053946 0.055726 0.055421 0.055084 0.054445 0.054315 0.054325 0.054677 0.053644 0.053907 0.057596 0.058208 0.055562 0.056102 0.057706 0.056459 0.055674 0.056007 0.057358 0.057076 0.056483 0.056383 0.056711 0.054636 0.056908 0.054132 0.054595 0.054219 0.050582 0.052302 0.052443 0.054168 0.057238 0.058485 0.056015 0.057378 0.056429 0.143637 0.054272 0.056636 0.05526 0.054412 0.05569 0.05471 0.055166 0.053756 0.054716 0.053363 0.05467 0.054827 0.053841 0.05511 0.053499 0.053705 0.051101 0.056391 0.054534 0.054227 0.056151 0.05659 0.05605 0.05721 0.054157 0.056359 0.057372 0.058525 0.057282 0.058167 0.053196 0.055893 0.124563 0.051148 0.05357 0.053219 0.051923 0.051295 0.05101 0.056979 0.056854 0.058313 0.057007 0.055997 0.056025 0.057641 0.05653 0.051721 0.054793 0.055781 0.056435 0.056565 0.053589 0.05333 0.054075 0.053669 0.051502 0.053833 0.124238 0.05428 0.05222 0.056354 0.056172 0.056023 0.057001 0.054777 0.057955 0.055505 0.05488 0.05685 0.055435 0.122987 0.056135 0.129277 0.057761 0.055286 0.05447 0.055621 0.053514 0.052832 0.054523 0.054993 0.05382 0.050633 0.056369 0.056754 0.067933 0.055366 0.054681 0.05731 0.056346 0.054853 0.054499 0.055763 0.054065 0.055148 0.057496 0.056519 0.052864 0.055111 0.050141 0.053422 0.054015 0.054108 0.052026 0.050484 0.129831 0.055848 0.056999 0.056148 0.057928 0.058814 0.055564 0.057767 0.055885 0.057945 0.057041 0.056062 0.054964 0.054622 0.052739 0.054343 0.052564 0.052592 0.098243 0.017793 0.01713 0.014488 0.013632 0.054634 0.057021 0.10872 0.016341 0.013397 0.017521 0.013093 0.040607 0.013658 0.01722 0.013879 0.050104 0.106182 0.018019 0.013935 0.043025 0.014767 0.0157 0.045469 0.014101 0.044463 0.052978 0.050707 0.04435 0.017616 0.013803 0.015976 0.046036 0.052876 0.055092 0.050706 0.026869 0.054229 0.052874 0.054302 0.053965 0.05394 0.053911 0.055101 0.053671 0.050877 0.053962 0.053892 0.053074 0.052887 0.055289 0.05407 0.0534 0.056917 0.054271 0.057328 0.057499 0.057883 0.067584 0.056298 0.056909 0.056925 0.054859 0.125552 0.052307 0.053128 0.051007 0.053029 0.051748 0.051556 0.055791 0.056174 0.056994 0.058445 0.056834 0.054578 0.056585 0.057434 0.055193 0.055492 0.057612 0.055768 0.057654 0.057768 0.056576 0.05615 0.05399 0.053956 0.053469 
ComActTX=16 16 16 16 16 16 16 16 16 16 16 16 16 16 16 568 568 568 568 568 568 568 568 568 568 568 568 16 16 16 16 16 16 16 16 16 16 16 16 16 16 16 16 16 568 568 568 568 568 568 568 568 568 568 568 568 568 568 568 568 568 568 568 568 568 568 568 568 568 568 568 568 568 568 568 568 568 568 568 568 568 568 568 568 568 568 568 1100 1100 1100 1100 1632 1632 1632 1632 1632 1632 1100 1100 1100 568 568 568 568 568 568 568 568 568 568 1100 1100 1100 1100 1100 1100 1100 1100 1100 1100 568 568 568 568 568 568 568 568 568 568 568 568 568 568 568 568 568 568 568 568 568 568 568 568 1100 568 568 568 568 568 568 568 568 568 568 16 16 16 16 16 16 16 16 16 16 16 16 16 16 16 16 16 16 16 16 16 16 16 16 16 16 16 16 16 16 16 16 16 16 16 16 16 16 16 16 16 16 16 16 16 16 16 16 16 16 16 16 16 16 16 16 16 568 568 568 568 568 568 568 568 568 568 568 568 568 1100 1100 1100 1100 1100 1100 1100 1100 1100 568 568 568 568 568 568 568 568 568 568 568 568 568 568 568 568 568 568 568 568 568 568 568 568 568 568 568 568 568 568 568 568 568 568 568 568 568 568 568 568 568 568 568 568 568 568 568 568 568 568 568 568 568 568 568 568 568 568 568 568 568 568 568 568 568 568 568 568 16 16 16 16 16 16 568 568 568 568 568 568 568 568 568 568 568 568 568 568 568 16 16 16 16 16 16 16 16 16 16 16 16 16 16 16 16 16 16 16 16 16 16 16 16 16 16 16 16 16 568 568 568 568 568 568 568 568 568 568 568 568 568 568 568 568 568 568 568 568 568 568 568 568 568 568 568 568 568 568 568 568 568 568 568 568 568 568 568 568 568 568 568 568 568 568 568 568 568 568 568 568 568 568 568 568 568 568 568 568 568 568 568 568 568 568 568 568 568 568 568 568 568 568 568 568 568 568 568 568 568 568 568 568 568 568 568 568 16 16 16 16 16 16 16 16 16 16 16 16 16 16 16 16 16 16 16 16 16 16 16 16 16 16 16 16 16 568 568 568 568 568 568 568 568 568 568 568 568 568 568 568 568 568 568 568 568 568 568 568 568 568 568 568 568 568 16 16 16 16 16 16 16 16 16 16 16 16 16 16 16 16 16 16 16 16 16 16 16 16 16 16 16 16 16 16 16 16 16 16 16 16 16 16 16 16 16 16 16 16 16 568 568 568 568 568 568 1100 1100 1100 1100 1100 1100 1100 1100 1100 568 568 568 568 568 568 16 16 16 16 16 16 16 16 16 16 16 16 16 16 16 16 16 16 16 16 16 16 16 16 16 16 16 16 16 16 16 16 16 568 568 568 568 568 568 568 568 568 568 568 568 568 568 568 568 568 568 568 568 568 568 568 568 568 568 568 568 568 568 568 568 568 568 568 568 568 568 568 16 16 16 16 16 16 16 16 16 16 16 16 16 16 16 16 16 16 16 16 16 16 16 16 16 16 16 16 16 568 568 568 568 568 568 568 568 568 568 568 568 568 568 568 568 568 568 568 568 568 16 16 16 16 16 16 16 16 16 16 16 16 16 16 16 16 16 16 16 16 16 16 16 16 16 16 16 16 16 16 16 16 16 16 16 16 16 16 16 16 16 16 16 16 16 16 16 16 16 16 16 16 16 16 16 16 16 568 568 568 568 568 568 568 568 568 568 568 568 568 568 568 568 568 568 568 16 16 16 16 16 16 16 16 16 16 16 16 16 16 16 16 16 568 568 568 568 568 568 568 568 568 568 568 568 568 568 568 16 16 16 16 16 16 16 16 16 16 16 16 16 16 16 16 16 16 16 568 568 568 568 568 568 568 568 568 568 568 568 568 568 568 16 16 16 16 16 16 16 16 16 16 16 16 16 16 16 16 568 568 568 568 568 568 568 568 568 568 568 568 568 568 1100 1100 1100 1100 1100 1100 1100 1100 1100 1100 1100 1100 1100 1100 1100 1100 1100 1100 1100 1100 1100 1100 1100 568 568 568 568 568 568 568 568 568 568 568 568 568 568 16 16 16 16 16 16 16 16 16 16 16 16 16 16 16 16 16 16 16 16 16 16 16 16 16 16 16 16 16 16 16 16 16 16 16 16 16 16 16 16 16 16 16 16 16 16 16 16 16 16 16 16 16 16 16 16 16 16 16 16 16 16 16 16 16 16 16 16 16 16 16 16 16 16 16 16 16 16 16 16 16 16 16 16 16 568 568 568 568 568 568 568 568 568 568 568 568 568 568 568 568 568 568 568 568 568 568 568 568 568 16 16 16 16 16 16 16 16 16 16 16 16 16 16 16 16 16 16 16 16 16 16 16 16 16 16 16 16 16 16 16 16 16 16 16 16 16 16 16 16 16 16 16 16 16 16 16 16 16 16 16 16 568 568 568 568 568 568 568 568 568 568 568 568 568 568 568 16 16 16 16 16 16 16 16 16 16 16 16 16 16 16 16 16 16 16 16 568 568 568 568 568 568 568 568 568 568 568 568 16 1100 1100 1100 1100 1100 1100 1100 1100 1100 1100 568 568 568 568 568 568 568 568 568 568 568 568 568 568 568 568 568 568 568 568 568 568 568 568 568 568 568 568 568 568 568 568 568 568 568 568 568 568 568 568 16 16 16 16 16 16 16 16 16 16 16 16 16 16 16 16 1100 1100 1100 1100 1100 1100 1100 1100 1100 1100 568 568 568 568 568 16 16 568 568 568 568 568 568 568 568 568 568 568 568 568 568 568 568 568 568 568 568 568 568 568 568 568 568 568 568 568 568 568 568 568 568 568 568 568 568 568 568 568 568 568 568 568 568 568 568 568 568 568 568 568 568 568 568 568 568 568 568 568 568 568 568 1100 1100 1100 1100 1100 1100 1100 1100 1100 1100 1100 1100 1632 1632 1632 1632 1632 1632 1632 1100 1100 1100 1100 568 568 568 16 16 16 16 16 16 16 16 16 16 16 16 16 16 16 16 16 16 16 16 16 16 16 16 16 16 16 16 568 568 568 568 568 568 568 568 568 568 568 568 568 568 568 568 568 568 16 16 16 16 16 16 16 16 16 16 16 16 16 16 16 16 16 16 16 16 16 16 16 16 16 16 16 16 16 16 16 16 16 16 568 568 568 568 568 568 568 568 568 568 568 568 568 568 568 568 568 568 568 568 568 568 568 568 568 568 568 568 16 16 16 16 16 16 16 16 16 16 16 16 16 16 16 16 16 16 16 16 16 16 16 16 16 16 16 16 16 16 16 16 16 16 16 16 16 16 568 568 568 568 568 568 568 568 568 568 568 568 568 568 568 568 568 1100 1100 1100 1100 1100 1100 1632 1100 1100 1100 1100 1100 1100 1100 1100 1100 1100 1100 1100 1100 1100 568 568 568 568 568 568 568 568 568 568 568 568 568 568 1100 1100 1100 1100 1100 1100 568 1100 1100 1100 1100 1100 1100 1100 1100 1100 1100 1100 1100 1100 1100 1100 1100 1100 1100 1100 1100 1100 1100 568 568 16 16 16 16 16 16 16 16 16 16 16 16 16 16 16 16 16 16 16 16 16 16 16 16 16 568 568 568 568 568 568 568 568 568 568 568 568 568 568 568 568 568 568 568 568 568 1100 1100 1100 1100 1100 1100 1100 1100 1100 1100 568 568 568 568 568 568 568 568 568 568 16 16 16 16 16 16 16 16 16 16 16 16 16 16 16 16 16 16 16 16 16 16 16 16 568 568 568 1100 1100 1100 1100 1100 1100 1100 1100 1100 1100 1100 1100 1100 1100 1100 568 568 568 568 568 568 568 568 568 568 568 568 568 568 568 568 568 568 568 568 568 568 568 16 16 16 16 16 16 16 16 568 568 568 568 568 568 568 568 568 568 568 16 16 16 16 16 16 16 16 16 16 16 16 16 16 16 16 16 16 16 16 16 16 16 16 16 16 16 16 16 16 16 16 16 16 16 16 16 16 568 568 568 568 568 568 568 568 568 568 568 568 568 568 568 568 568 568 568 568 568 568 568 568 568 568 568 568 568 568 568 568 568 568 568 16 16 568 568 568 568 568 568 568 568 568 568 568 568 1100 1100 1100 568 568 568 568 568 568 568 568 568 568 568 568 568 16 16 16 16 16 16 16 16 16 16 16 16 16 16 568 568 568 1100 1100 1100 1100 1100 1100 1100 1100 1100 1100 1100 1100 1100 1100 1100 1100 1100 568 568 568 568 568 568 568 568 568 568 568 1100 1100 1100 1100 1100 1100 1100 1100 1100 568 568 568 568 568 568 568 568 568 16 16 16 16 16 16 16 16 16 16 16 16 16 16 16 16 16 16 16 16 16 16 16 16 16 16 16 16 16 16 16 16 16 16 16 16 16 16 16 16 16 16 16 16 16 16 16 16 16 16 16 16 16 16 16 16 16 16 16 16 568 568 568 568 568 568 568 568 568 568 568 568 568 568 568 568 568 568 568 568 568 568 568 568 568 568 568 568 568 568 568 568 568 568 568 568 568 568 568 1100 1100 1100 1100 1100 1100 1100 568 568 568 568 568 16 16 16 16 16 16 16 16 16 16 16 16 16 16 16 16 16 16 16 16 16 16 16 16 16 16 16 16 16 16 16 16 16 16 16 16 16 16 16 16 16 16 16 16 16 16 16 16 16 16 16 16 16 16 16 16 16 16 16 16 16 16 16 16 16 16 16 16 16 16 16 16 16 16 16 16 16 16 16 16 16 16 16 16 16 16 16 16 16 16 16 16 16 16 16 16 16 16 16 16 16 16 16 16 16 568 568 568 568 568 568 568 568 568 568 568 568 568 568 568 568 568 568 568 568 568 568 568 568 568 568 568 568 568 568 568 568 568 568 568 568 568 568 568 568 568 568 568 568 568 16 16 16 16 16 16 16 16 16 16 16 16 16 16 16 16 16 16 568 568 568 568 568 568 568 568 568 568 568 568 568 1100 1632 1632 1632 1632 1632 1632 1632 1632 1632 1100 1100 1100 16 16 16 16 568 568 568 568 568 568 568 568 568 568 568 568 568 568 568 16 16 16 16 16 16 16 16 16 16 16 16 16 16 16 16 16 16 16 16 16 16 16 16 16 16 16 16 16 16 16 16 16 16 16 16 16 16 16 16 16 16 16 16 16 16 568 568 1100 1100 1100 1100 1100 1100 1100 1100 1100 1100 1100 1100 1100 1100 1100 1632 1632 1632 1632 1632 1632 1632 1100 1100 1100 1100 1100 1100 1100 1100 1100 1100 1100 1100 1100 1632 1632 1632 1632 1632 1632 1100 1100 1100 1100 568 568 568 568 568 568 568 568 568 568 568 568 568 568 568 568 16 16 16 16 16 16 16 16 16 16 16 16 16 16 16 16 16 16 568 568 568 568 568 1100 1100 1100 1100 1100 1100 1100 1100 1100 1100 568 568 568 568 568 568 568 568 568 568 568 568 568 568 568 568 568 568 568 568 568 568 568 568 568 1100 1100 1100 568 568 568 568 568 568 568 568 568 568 568 568 568 568 568 568 568 568 568 568 568 568 568 568 568 568 16 16 16 16 16 16 16 16 568 568 568 568 568 568 568 568 568 568 568 568 16 16 16 16 16 16 16 16 16 16 16 16 16 16 16 16 16 16 16 16 16 16 16 16 16 16 16 16 16 16 16 16 16 16 16 16 16 16 16 16 16 16 16 16 16 16 16 16 16 16 16 16 16 16 16 16 16 16 16 16 16 16 16 16 16 16 16 16 16 16 16 16 16 16 16 16 16 16 16 568 568 568 568 568 568 568 568 568 568 568 568 568 568 568 568 568 16 16 16 16 16 16 16 16 16 16 16 16 16 16 16 568 568 568 568 568 568 568 568 568 568 568 568 568 568 568 568 568 568 568 568 568 568 568 16 16 16 16 16 16 16 16 16 16 16 16 16 16 16 16 16 16 16 16 16 16 16 16 16 16 16 16 16 16 16 16 16 16 16 16 16 16 16 16 16 16 16 16 16 16 16 16 16 16 16 16 16 16 16 16 16 16 16 16 568 568 568 
ComActRX=0 0 0 0 0 0 0 0 0 0 0 0 0 0 0 0 0 0 0 0 0 0 0 0 0 0 0 0 0 0 0 0 0 0 0 0 0 0 0 0 0 0 0 0 0 0 0 0 0 0 0 0 0 0 0 0 0 0 0 0 0 0 0 0 0 0 0 0 0 0 0 0 0 0 0 0 0 0 0 0 0 0 0 0 0 0 0 0 0 0 0 0 0 0 0 0 0 0 0 0 0 0 0 0 0 0 0 0 0 0 0 0 0 0 0 0 0 0 0 0 0 0 0 0 0 0 0 0 0 0 0 0 0 0 0 0 0 0 0 0 0 0 0 0 0 0 0 0 0 0 0 0 0 0 0 0 0 0 0 0 0 0 0 0 0 0 0 0 0 0 0 0 0 0 0 0 0 0 0 0 0 0 0 0 0 0 0 0 0 0 0 0 0 0 0 0 0 0 0 0 0 0 0 0 0 0 0 0 0 0 0 0 0 0 0 0 0 0 0 0 0 0 0 0 0 0 0 0 0 0 0 0 0 0 0 0 0 0 0 0 0 0 0 0 0 0 0 0 0 0 0 0 0 0 0 0 0 0 0 0 0 0 0 0 0 0 0 0 0 0 0 0 0 0 0 0 0 0 0 0 0 0 0 0 0 0 0 0 0 0 0 0 0 0 0 0 0 0 0 0 0 0 0 0 0 0 0 0 0 0 0 0 0 0 0 0 0 0 0 0 0 0 0 0 0 0 0 0 0 0 0 0 0 0 0 0 0 0 0 0 0 0 0 0 0 0 0 0 0 0 0 0 0 0 0 0 0 0 0 0 0 0 0 0 0 0 0 0 0 0 0 0 0 0 0 0 0 0 0 0 0 0 0 0 0 0 0 0 0 0 0 0 0 0 0 0 0 0 0 0 0 0 0 0 0 0 0 0 0 0 0 0 0 0 0 0 0 0 0 0 0 0 0 0 0 0 0 0 0 0 0 0 0 0 0 0 0 0 0 0 0 0 0 0 0 0 0 0 0 0 0 0 0 0 0 0 0 0 0 0 0 0 0 0 0 0 0 0 0 0 0 0 0 0 0 0 0 0 0 0 0 0 0 0 0 0 0 0 0 0 0 0 0 0 0 0 0 0 0 0 0 0 0 0 0 0 0 0 0 0 0 0 0 0 0 0 0 0 0 0 0 0 0 0 0 0 0 0 0 0 0 0 0 0 0 0 0 0 0 0 0 0 0 0 0 0 0 0 0 0 0 0 0 0 0 0 0 0 0 0 0 0 0 0 0 0 0 0 0 0 0 0 0 0 0 0 0 0 0 0 0 0 0 0 0 0 0 0 0 0 0 0 0 0 0 0 0 0 0 0 0 0 0 0 0 0 0 0 0 0 0 0 0 0 0 0 0 0 0 0 0 0 0 0 0 0 0 0 0 0 0 0 0 0 0 0 0 0 0 0 0 0 0 0 0 0 0 0 0 0 0 0 0 0 0 0 0 0 0 0 0 0 0 0 0 0 0 0 0 0 0 0 0 0 0 0 0 0 0 0 0 0 0 0 0 0 0 0 0 0 0 0 0 0 0 0 0 0 0 0 0 0 0 0 0 0 0 0 0 0 0 0 0 0 0 0 0 0 0 0 0 0 0 0 0 0 0 0 0 0 0 0 0 0 0 0 0 0 0 0 0 0 0 0 0 0 0 0 0 0 0 0 0 0 0 0 0 0 0 0 0 0 0 0 0 0 0 0 0 0 0 0 0 0 0 0 0 0 0 0 0 0 0 0 0 0 0 0 0 0 0 0 0 0 0 0 0 0 0 0 0 0 0 0 0 0 0 0 0 0 0 0 0 0 0 0 0 0 0 0 0 0 0 0 0 0 0 0 0 0 0 0 0 0 0 0 0 0 0 0 0 0 0 0 0 0 0 0 0 0 0 0 0 0 0 0 0 0 0 0 0 0 0 0 0 0 0 0 0 0 0 0 0 0 0 0 0 0 0 0 0 0 0 0 0 0 0 0 0 0 0 0 0 0 0 0 0 0 0 0 0 0 0 0 0 0 0 0 0 0 0 0 0 0 0 0 0 0 0 0 0 0 0 0 0 0 0 0 0 0 0 0 0 0 0 0 0 0 0 0 0 0 0 0 0 0 0 0 0 0 0 0 0 0 0 0 0 0 0 0 0 0 0 0 0 0 0 0 0 0 0 0 0 0 0 0 0 0 0 0 0 0 0 0 0 0 0 0 0 0 0 0 0 0 0 0 0 0 0 0 0 0 0 0 0 0 0 0 0 0 0 0 0 0 0 0 0 0 0 0 0 0 0 0 0 0 0 0 0 0 0 0 0 0 0 0 0 0 0 0 0 0 0 0 0 0 0 0 0 0 0 0 0 0 0 0 0 0 0 0 0 0 0 0 0 0 0 0 0 0 0 0 0 0 0 0 0 0 0 0 0 0 0 0 0 0 0 0 0 0 0 0 0 0 0 0 0 0 0 0 0 0 0 0 0 0 0 0 0 0 0 0 0 0 0 0 0 0 0 0 0 0 0 0 0 0 0 0 0 0 0 0 0 0 0 0 0 0 0 0 0 0 0 0 0 0 0 0 0 0 0 0 0 0 0 0 0 0 0 0 0 0 0 0 0 0 0 0 0 0 0 0 0 0 0 0 0 0 0 0 0 0 0 0 0 0 0 0 0 0 0 0 0 0 0 0 0 0 0 0 0 0 0 0 0 0 0 0 0 0 0 0 0 0 0 0 0 0 0 0 0 0 0 0 0 0 0 0 0 0 0 0 0 0 0 0 0 0 0 0 0 0 0 0 0 0 0 0 0 0 0 0 0 0 0 0 0 0 0 0 0 0 0 0 0 0 0 0 0 0 0 0 0 0 0 0 0 0 0 0 0 0 0 0 0 0 0 0 0 0 0 0 0 0 0 0 0 0 0 0 0 0 0 0 0 0 0 0 0 0 0 0 0 0 0 0 0 0 0 0 0 0 0 0 0 0 0 0 0 0 0 0 0 0 0 0 0 0 0 0 0 0 0 0 0 0 0 0 0 0 0 0 0 0 0 0 0 0 0 0 0 0 0 0 0 0 0 0 0 0 0 0 0 0 0 0 0 0 0 0 0 0 0 0 0 0 0 0 0 0 0 0 0 0 0 0 0 0 0 0 0 0 0 0 0 0 0 0 0 0 0 0 0 0 0 0 0 0 0 0 0 0 0 0 0 0 0 0 0 0 0 0 0 0 0 0 0 0 0 0 0 0 0 0 0 0 0 0 0 0 0 0 0 0 0 0 0 0 0 0 0 0 0 0 0 0 0 0 0 0 0 0 0 0 0 0 0 0 0 0 0 0 0 0 0 0 0 0 0 0 0 0 0 0 0 0 0 0 0 0 0 0 0 0 0 0 0 0 0 0 0 0 0 0 0 0 0 0 0 0 0 0 0 0 0 0 0 0 0 0 0 0 0 0 0 0 0 0 0 0 0 0 0 0 0 0 0 0 0 0 0 0 0 0 0 0 0 0 0 0 0 0 0 0 0 0 0 0 0 0 0 0 0 0 0 0 0 0 0 0 0 0 0 0 0 0 0 0 0 0 0 0 0 0 0 0 0 0 0 0 0 0 0 0 0 0 0 0 0 0 0 0 0 0 0 0 0 0 0 0 0 0 0 0 0 0 0 0 0 0 0 0 0 0 0 0 0 0 0 0 0 0 0 0 0 0 0 0 0 0 0 0 0 0 0 0 0 0 0 0 0 0 0 0 0 0 0 0 0 0 0 0 0 0 0 0 0 0 0 0 0 0 0 0 0 0 0 0 0 0 0 0 0 0 0 0 0 0 0 0 0 0 0 0 0 0 0 0 0 0 0 0 0 0 0 0 0 0 0 0 0 0 0 0 0 0 0 0 0 0 0 0 0 0 0 0 0 0 0 0 0 0 0 0 0 0 0 0 0 0 0 0 0 0 0 0 0 0 0 0 0 0 0 0 0 0 0 0 0 0 0 0 0 0 0 0 0 0 0 0 0 0 0 0 0 0 0 0 0 0 0 0 0 0 0 0 0 0 0 0 0 0 0 0 0 0 0 0 0 0 0 0 0 0 0 0 0 0 0 0 0 0 0 0 0 0 0 0 0 0 0 0 0 0 0 0 0 0 0 0 0 0 0 0 0 0 0 0 0 0 0 0 0 0 0 0 0 0 0 0 0 0 0 0 0 0 0 0 0 0 0 0 0 0 0 0 0 0 0 0 0 0 0 0 0 0 0 0 0 0 0 0 0 0 0 0 0 0 0 0 0 0 0 0 0 0 0 0 0 0 0 0 0 0 0 0 0 0 0 0 0 0 0 0 0 0 0 0 0 0 0 0 0 0 0 0 0 0 0 0 0 0 0 0 0 0 0 0 0 0 0 0 0 0 0 0 0 0 0 0 0 0 0 0 0 0 0 0 0 0 0 0 0 0 0 0 0 0 0 0 0 0 0 0 0 0 0 0 0 0 0 0 0 0 0 0 0 0 0 0 0 0 0 0 0 0 0 0 0 0 0 0 0 0 0 0 0 0 0 0 0 0 0 0 0 0 0 0 0 0 0 0 0 0 0 0 0 0 0 0 0 0 0 0 0 0 0 0 0 0 0 0 0 0 0 0 0 0 0 0 0 0 0 0 0 0 0 0 0 0 0 0 0 0 0 0 0 0 0 0 0 0 0 0 0 0 0 0 0 0 0 0 0 0 0 0 0 0 0 0 0 0 0 0 0 0 0 0 0 0 0 0 0 0 0 0 0 0 0 0 0 0 0 0 0 0 0 0 0 0 0 0 0 0 0 0 0 0 0 0 0 0 0 0 0 0 0 0 0 0 0 0 0 0 0 0 0 0 0 0 0 0 0 0 0 0 0 0 0 0 0 0 0 0 0 0 0 0 0 0 0 0 0 0 0 0 0 0 0 0 0 0 0 0 0 0 0 0 0 0 0 0 0 0 0 0 0 0 0 0 0 0 0 0 0 0 0 0 0 0 0 0 0 0 0 0 0 0 0 0 0 0 0 0 0 0 0 0 0 0 0 0 0 0 0 0 0 0 0 0 0 0 0 0 0 0 0 0 0 0 0 0 0 0 0 0 0 0 0 0 0 0 0 0 0 0 0 0 0 0 0 0 0 0 0 0 0 0 0 0 0 0 0 0 0 0 0 0 0 0 0 0 0 0 0 0 0 0 0 0 0 0 0 0 0 0 0 0 0 0 0 0 0 0 0 0 0 0 0 0 0 0 0 0 0 0 0 0 0 0 0 0 0 0 0 0 0 0 0 0 0 0 0 0 0 0 0 0 0 0 0 0 0 0 0 0 0 0 0 0 0 0 0 0 0 0 0 0 0 0 0 0 0 0 0 0 0 0 0 0 0 0 0 0 0 0 0 0 0 0 0 0 0 0 0 0 0 0 0 0 0 0 0 0 0 0 0 0 0 0 0 0 0 0 0 0 0 0 0 0 0 0 0 0 0 0 0 0 0 0 0 0 0 0 0 0 0 0 0 0 0 0 0 0 0 0 0 0 0 0 0 0 0 0 0 0 0 0 0 0 0 0 0 0 0 0 0 0 0 0 0 0 0 0 0 0 0 0 0 0 0 0 0 0 0 0 0 0 0 0 0 0 0 0 0 0 0 0 0 0 0 0 0 0 0 0 0 0 0 0 0 0 0 0 0 0 0 0 0 0 0 0 0 0 0 0 0 0 0 0 0 0 0 0 0 0 0 0 0 0 0 0 0 0 0 0 0 0 0 0 
