RUN=0
name=system
iniTX=
endTX=
iniRX=
endRX=
MaxBitrate=8192
nPackets=-1631032200
pktSize=50000
reads=200
time=5
samples=2e+02
start_time=4872.41
end_time=5872.5
energy=65227000 65195000 65195000 65195000 65162000 65162000 65162000 65141000 65141000 65141000 65141000 65108000 65108000 65108000 65076000 65076000 65076000 65043000 65043000 65043000 65043000 65011000 65011000 65011000 64968000 64968000 64968000 64946000 64946000 64946000 64946000 64914000 64914000 64914000 64881000 64881000 64881000 64849000 64849000 64849000 64849000 64816000 64816000 64816000 64795000 64795000 64795000 64762000 64762000 64762000 64762000 64730000 64730000 64730000 64687000 64687000 64687000 64654000 64654000 64654000 64654000 64622000 64622000 64622000 64600000 64600000 64600000 64568000 64568000 64568000 64568000 64535000 64535000 64535000 64503000 64503000 64503000 64481000 64481000 64481000 64481000 64449000 64449000 64449000 64405000 64405000 64405000 64373000 64373000 64373000 64373000 64341000 64341000 64341000 64308000 64308000 64308000 64287000 64287000 64287000 64287000 64254000 64254000 64254000 64222000 64222000 64222000 64189000 64189000 64189000 64189000 64157000 64157000 64157000 64114000 64114000 64114000 64081000 64081000 64081000 64081000 64060000 64060000 64060000 64027000 64027000 64027000 63995000 63995000 63995000 63962000 63962000 63962000 63962000 63941000 63941000 63941000 63908000 63908000 63908000 63876000 63876000 63876000 63876000 63833000 63833000 63833000 63800000 63800000 63800000 63768000 63768000 63768000 63768000 63746000 63746000 63746000 63714000 63714000 63714000 63681000 63681000 63681000 63681000 63649000 63649000 63649000 63627000 63627000 63627000 63595000 63595000 63595000 63551000 63551000 63551000 63551000 63519000 63519000 63519000 63487000 63487000 63487000 63454000 63454000 63454000 63454000 63422000 63422000 63422000 63400000 63400000 63400000 63368000 63368000 63368000 63368000 63335000 63335000 63335000 
power=8475000 7837000 7837000 7837000 7761000 7761000 7761000 7761000 7761000 7761000 7761000 7675000 7675000 7675000 7642000 7642000 7642000 7621000 7621000 7621000 7621000 7696000 7696000 7696000 7642000 7642000 7642000 7718000 7718000 7718000 7718000 7675000 7675000 7675000 7621000 7621000 7621000 7621000 7621000 7621000 7621000 7588000 7588000 7588000 7588000 7588000 7588000 7588000 7588000 7588000 7588000 7588000 7588000 7588000 7588000 7588000 7588000 7588000 7588000 7588000 7588000 7588000 7588000 7588000 7588000 7588000 7588000 7588000 7588000 7588000 7588000 7588000 7588000 7588000 7588000 7588000 7588000 7588000 7588000 7588000 7588000 7588000 7588000 7588000 7588000 7588000 7588000 7588000 7588000 7588000 7588000 7696000 7696000 7696000 7642000 7642000 7642000 7621000 7621000 7621000 7621000 7621000 7621000 7621000 7588000 7588000 7588000 7588000 7588000 7588000 7588000 7696000 7696000 7696000 7642000 7642000 7642000 7621000 7621000 7621000 7621000 7621000 7621000 7621000 7588000 7588000 7588000 7588000 7588000 7588000 7696000 7696000 7696000 7696000 7642000 7642000 7642000 7621000 7621000 7621000 7621000 7621000 7621000 7621000 7588000 7588000 7588000 7588000 7588000 7588000 7588000 7588000 7588000 7588000 7588000 7588000 7588000 7588000 7588000 7588000 7588000 7588000 7588000 7588000 7588000 7588000 7588000 7588000 7588000 7588000 7696000 7696000 7696000 7761000 7761000 7761000 7761000 7675000 7675000 7675000 7642000 7642000 7642000 7621000 7621000 7621000 7621000 7588000 7588000 7588000 7588000 7588000 7588000 7588000 7588000 7588000 7588000 7588000 7588000 7588000 
voltage=10810000 10810000 10810000 10810000 10810000 10810000 10810000 10810000 10810000 10810000 10810000 10810000 10810000 10810000 10810000 10810000 10810000 10810000 10810000 10810000 10810000 10810000 10810000 10810000 10810000 10810000 10810000 10810000 10810000 10810000 10810000 10810000 10810000 10810000 10810000 10810000 10810000 10810000 10810000 10810000 10810000 10810000 10810000 10810000 10810000 10810000 10810000 10810000 10810000 10810000 10810000 10810000 10810000 10810000 10810000 10810000 10810000 10810000 10810000 10810000 10810000 10810000 10810000 10810000 10810000 10810000 10810000 10810000 10810000 10810000 10810000 10810000 10810000 10810000 10810000 10810000 10810000 10810000 10810000 10810000 10810000 10810000 10810000 10810000 10810000 10810000 10810000 10810000 10810000 10810000 10810000 10810000 10810000 10810000 10810000 10810000 10810000 10810000 10810000 10810000 10810000 10810000 10810000 10810000 10810000 10810000 10810000 10810000 10810000 10810000 10810000 10810000 10810000 10810000 10810000 10810000 10810000 10810000 10810000 10810000 10810000 10810000 10810000 10810000 10810000 10810000 10810000 10810000 10810000 10810000 10810000 10810000 10810000 10810000 10810000 10810000 10810000 10810000 10810000 10810000 10810000 10810000 10810000 10810000 10810000 10810000 10810000 10810000 10810000 10810000 10810000 10810000 10810000 10810000 10810000 10810000 10810000 10810000 10810000 10810000 10810000 10810000 10810000 10810000 10810000 10810000 10810000 10810000 10810000 10810000 10810000 10810000 10810000 10810000 10810000 10810000 10810000 10810000 10810000 10810000 10810000 10810000 10810000 10810000 10810000 10810000 10810000 10810000 10810000 10810000 10810000 10810000 10810000 10810000 10810000 10810000 10810000 10810000 10810000 10810000 
