RUN=0
name=wifiTX
iniTX=bytes:87998
endTX=bytes:1015086540
iniRX=bytes:2472645
endRX=bytes:32325385
MaxBitrate=8192
nPackets=19186
pktSize=50000
reads=200
time=5
samples=2e+02
start_time=6971.13
end_time=8042.3
energy=60784000 60784000 60784000 60730000 60730000 60730000 60730000 60687000 60687000 60687000 60644000 60644000 60644000 60579000 60579000 60579000 60579000 60536000 60536000 60536000 60471000 60471000 60471000 60427000 60427000 60427000 60427000 60373000 60373000 60373000 60319000 60319000 60319000 60265000 60265000 60265000 60222000 60222000 60222000 60222000 60157000 60157000 60157000 60114000 60114000 60114000 60049000 60049000 60049000 60049000 60006000 60006000 60006000 59952000 59952000 59952000 59909000 59909000 59909000 59909000 59844000 59844000 59844000 59800000 59800000 59800000 59736000 59736000 59736000 59692000 59692000 59692000 59692000 59638000 59638000 59638000 59584000 59584000 59584000 59530000 59530000 59530000 59487000 59487000 59487000 59422000 59422000 59422000 59379000 59379000 59379000 59325000 59325000 59325000 59325000 59271000 59271000 59271000 59217000 59217000 59217000 59173000 59173000 59173000 59109000 59109000 59109000 59109000 59065000 59065000 59065000 59000000 59000000 59000000 58957000 58957000 58957000 58957000 58903000 58903000 58903000 58860000 58860000 58860000 58795000 58795000 58795000 58752000 58752000 58752000 58752000 58687000 58687000 58687000 58644000 58644000 58644000 58590000 58590000 58590000 58590000 58536000 58536000 58536000 58482000 58482000 58482000 58438000 58438000 58438000 58374000 58374000 58374000 58374000 58330000 58330000 58330000 58265000 58265000 58265000 58222000 58222000 58222000 58222000 58168000 58168000 58168000 58125000 58125000 58125000 58060000 58060000 58060000 58017000 58017000 58017000 58017000 57952000 57952000 57952000 57909000 57909000 57909000 57855000 57855000 57855000 57855000 57790000 57790000 57790000 57747000 57747000 57747000 57682000 57682000 57682000 57638000 57638000 57638000 57595000 
power=8939000 8939000 8939000 10420000 10420000 10420000 10420000 11447000 11447000 11447000 11620000 11620000 11620000 12236000 12236000 12236000 12236000 12345000 12345000 12345000 12345000 12345000 12345000 12442000 12442000 12442000 12442000 12550000 12550000 12550000 12485000 12485000 12485000 12236000 12236000 12236000 12345000 12345000 12345000 12345000 12485000 12485000 12485000 12431000 12431000 12431000 12572000 12572000 12572000 12572000 12626000 12626000 12626000 12626000 12626000 12626000 12431000 12431000 12431000 12431000 12431000 12431000 12431000 12550000 12550000 12550000 12572000 12572000 12572000 12517000 12517000 12517000 12517000 12604000 12604000 12604000 12517000 12517000 12517000 12572000 12572000 12572000 12290000 12290000 12290000 12355000 12355000 12355000 12463000 12463000 12463000 12463000 12463000 12463000 12463000 12550000 12550000 12550000 12550000 12550000 12550000 12442000 12442000 12442000 12269000 12269000 12269000 12269000 12399000 12399000 12399000 12463000 12463000 12463000 12496000 12496000 12496000 12496000 12550000 12550000 12550000 12442000 12442000 12442000 12377000 12377000 12377000 12236000 12236000 12236000 12236000 12377000 12377000 12377000 12463000 12463000 12463000 12615000 12615000 12615000 12615000 12615000 12615000 12615000 12572000 12572000 12572000 12572000 12572000 12572000 12323000 12323000 12323000 12323000 12442000 12442000 12442000 12496000 12496000 12496000 12496000 12496000 12496000 12496000 12550000 12550000 12550000 12550000 12550000 12550000 12550000 12550000 12550000 12442000 12442000 12442000 12442000 12496000 12496000 12496000 12517000 12517000 12517000 12636000 12636000 12636000 12636000 12723000 12723000 12723000 12636000 12636000 12636000 12615000 12615000 12615000 12572000 12572000 12572000 12323000 
voltage=10810000 10810000 10810000 10810000 10810000 10810000 10810000 10810000 10810000 10810000 10810000 10810000 10810000 10810000 10810000 10810000 10810000 10810000 10810000 10810000 10810000 10810000 10810000 10810000 10810000 10810000 10810000 10810000 10810000 10810000 10810000 10810000 10810000 10810000 10810000 10810000 10810000 10810000 10810000 10810000 10810000 10810000 10810000 10810000 10810000 10810000 10810000 10810000 10810000 10810000 10810000 10810000 10810000 10810000 10810000 10810000 10810000 10810000 10810000 10810000 10810000 10810000 10810000 10810000 10810000 10810000 10810000 10810000 10810000 10810000 10810000 10810000 10810000 10810000 10810000 10810000 10810000 10810000 10810000 10810000 10810000 10810000 10810000 10810000 10810000 10810000 10810000 10810000 10810000 10810000 10810000 10810000 10810000 10810000 10810000 10810000 10810000 10810000 10810000 10810000 10810000 10810000 10810000 10810000 10810000 10810000 10810000 10810000 10810000 10810000 10810000 10810000 10810000 10810000 10810000 10810000 10810000 10810000 10810000 10810000 10810000 10810000 10810000 10810000 10810000 10810000 10810000 10810000 10810000 10810000 10810000 10810000 10810000 10810000 10810000 10810000 10810000 10810000 10810000 10810000 10810000 10810000 10810000 10810000 10810000 10810000 10810000 10810000 10810000 10810000 10810000 10810000 10810000 10810000 10810000 10810000 10810000 10810000 10810000 10810000 10810000 10810000 10810000 10810000 10810000 10810000 10810000 10810000 10810000 10810000 10810000 10810000 10810000 10810000 10810000 10810000 10810000 10810000 10810000 10810000 10810000 10810000 10810000 10810000 10810000 10810000 10810000 10810000 10810000 10810000 10810000 10810000 10810000 10810000 10810000 10810000 10810000 10810000 10810000 10810000 
