RUN=0
name=system_usb
iniTX=
endTX=
iniRX=
endRX=
MaxBitrate=8192
nPackets=-1579647880
pktSize=50000
reads=200
time=5
samples=2e+02
start_time=5642.73
end_time=6642.82
energy=68784000 68784000 68751000 68751000 68751000 68751000 68719000 68719000 68719000 68675000 68675000 68675000 68643000 68643000 68643000 68643000 68621000 68621000 68621000 68567000 68567000 68567000 68546000 68546000 68546000 68546000 68492000 68492000 68492000 68470000 68470000 68470000 68438000 68438000 68438000 68438000 68394000 68394000 68394000 68362000 68362000 68362000 68330000 68330000 68330000 68330000 68286000 68286000 68286000 68254000 68254000 68254000 68232000 68232000 68232000 68232000 68178000 68178000 68178000 68157000 68157000 68157000 68103000 68103000 68103000 68103000 68081000 68081000 68081000 68048000 68048000 68048000 68005000 68005000 68005000 68005000 67973000 67973000 67973000 67930000 67930000 67930000 67897000 67897000 67897000 67897000 67865000 67865000 67865000 67832000 67832000 67832000 67789000 67789000 67789000 67789000 67767000 67767000 67767000 67735000 67735000 67735000 67692000 67692000 67692000 67692000 67659000 67659000 67659000 67616000 67616000 67616000 67584000 67584000 67584000 67584000 67551000 67551000 67551000 67508000 67508000 67508000 67476000 67476000 67476000 67476000 67443000 67443000 67443000 67400000 67400000 67400000 67367000 67367000 67367000 67367000 67346000 67346000 67346000 67303000 67303000 67303000 67303000 67270000 67270000 67270000 67238000 67238000 67238000 67194000 67194000 67194000 67194000 67162000 67162000 67162000 67119000 67119000 67119000 67086000 67086000 67086000 67086000 67054000 67054000 67054000 67011000 67011000 67011000 66978000 66978000 66978000 66978000 66957000 66957000 66957000 66913000 66913000 66913000 66881000 66881000 66881000 66881000 66849000 66849000 66849000 66805000 66805000 66805000 66773000 66773000 66773000 66773000 66740000 66740000 66740000 66697000 66697000 66697000 66665000 
power=9307000 9307000 8766000 8766000 8766000 8766000 9058000 9058000 9058000 8702000 8702000 8702000 8561000 8561000 8561000 8561000 8475000 8475000 8475000 8993000 8993000 8993000 8766000 8766000 8766000 8766000 8507000 8507000 8507000 8593000 8593000 8593000 8356000 8356000 8356000 8356000 8875000 8875000 8875000 8593000 8593000 8593000 8420000 8420000 8420000 8420000 8539000 8539000 8539000 8215000 8215000 8215000 8356000 8356000 8356000 8356000 8799000 8799000 8799000 8615000 8615000 8615000 8593000 8593000 8593000 8593000 8475000 8475000 8475000 8453000 8453000 8453000 8356000 8356000 8356000 8356000 8420000 8420000 8420000 8820000 8820000 8820000 8658000 8658000 8658000 8658000 8593000 8593000 8593000 8475000 8475000 8475000 8453000 8453000 8453000 8453000 8475000 8475000 8475000 8356000 8356000 8356000 8453000 8453000 8453000 8453000 8712000 8712000 8712000 8593000 8593000 8593000 8442000 8442000 8442000 8442000 8507000 8507000 8507000 8475000 8475000 8475000 8356000 8356000 8356000 8356000 8453000 8453000 8453000 8745000 8745000 8745000 8658000 8658000 8658000 8658000 8593000 8593000 8593000 8475000 8475000 8475000 8475000 8453000 8453000 8453000 8356000 8356000 8356000 8345000 8345000 8345000 8345000 8745000 8745000 8745000 8464000 8464000 8464000 8464000 8464000 8464000 8464000 8366000 8366000 8366000 8345000 8345000 8345000 8291000 8291000 8291000 8291000 8345000 8345000 8345000 8864000 8864000 8864000 8529000 8529000 8529000 8529000 8485000 8485000 8485000 8410000 8410000 8410000 8345000 8345000 8345000 8345000 8410000 8410000 8410000 8291000 8291000 8291000 8842000 
voltage=10810000 10810000 10810000 10810000 10810000 10810000 10810000 10810000 10810000 10810000 10810000 10810000 10810000 10810000 10810000 10810000 10810000 10810000 10810000 10810000 10810000 10810000 10810000 10810000 10810000 10810000 10810000 10810000 10810000 10810000 10810000 10810000 10810000 10810000 10810000 10810000 10810000 10810000 10810000 10810000 10810000 10810000 10810000 10810000 10810000 10810000 10810000 10810000 10810000 10810000 10810000 10810000 10810000 10810000 10810000 10810000 10810000 10810000 10810000 10810000 10810000 10810000 10810000 10810000 10810000 10810000 10810000 10810000 10810000 10810000 10810000 10810000 10810000 10810000 10810000 10810000 10810000 10810000 10810000 10810000 10810000 10810000 10810000 10810000 10810000 10810000 10810000 10810000 10810000 10810000 10810000 10810000 10810000 10810000 10810000 10810000 10810000 10810000 10810000 10810000 10810000 10810000 10810000 10810000 10810000 10810000 10810000 10810000 10810000 10810000 10810000 10810000 10810000 10810000 10810000 10810000 10810000 10810000 10810000 10810000 10810000 10810000 10810000 10810000 10810000 10810000 10810000 10810000 10810000 10810000 10810000 10810000 10810000 10810000 10810000 10810000 10810000 10810000 10810000 10810000 10810000 10810000 10810000 10810000 10810000 10810000 10810000 10810000 10810000 10810000 10810000 10810000 10810000 10810000 10810000 10810000 10810000 10810000 10810000 10810000 10810000 10810000 10810000 10810000 10810000 10810000 10810000 10810000 10810000 10810000 10810000 10810000 10810000 10810000 10810000 10810000 10810000 10810000 10810000 10810000 10810000 10810000 10810000 10810000 10810000 10810000 10810000 10810000 10810000 10810000 10810000 10810000 10810000 10810000 10810000 10810000 10810000 10810000 10810000 10810000 
