RUN=0
name=wifiRX
iniTX=bytes:1010623616
endTX=bytes:1061803830
iniRX=bytes:32302280
endRX=bytes:1066166075
MaxBitrate=8192
nPackets=390328
pktSize=50000
reads=200
time=5
samples=2e+02
start_time=3688.82
end_time=4804.14
energy=68513000 68513000 68459000 68459000 68459000 68416000 68416000 68416000 68373000 68373000 68373000 68330000 68330000 68330000 68265000 68265000 68265000 68221000 68221000 68221000 68221000 68178000 68178000 68178000 68124000 68124000 68124000 68070000 68070000 68070000 68070000 68027000 68027000 67973000 67973000 67973000 67919000 67919000 67919000 67919000 67875000 67875000 67875000 67821000 67821000 67821000 67778000 67778000 67778000 67724000 67724000 67724000 67724000 67681000 67681000 67627000 67627000 67594000 67594000 67594000 67594000 67530000 67530000 67530000 67486000 67486000 67486000 67443000 67443000 67443000 67443000 67400000 67400000 67400000 67335000 67335000 67335000 67292000 67292000 67249000 67249000 67249000 67205000 67205000 67205000 67140000 67140000 67140000 67097000 67097000 67097000 67097000 67054000 67054000 67054000 67000000 67000000 67000000 66946000 66946000 66946000 66903000 66903000 66903000 66859000 66859000 66859000 66859000 66794000 66794000 66794000 66751000 66751000 66751000 66708000 66708000 66708000 66708000 66654000 66654000 66654000 66600000 66600000 66557000 66557000 66513000 66513000 66513000 66470000 66470000 66470000 66405000 66405000 66405000 66405000 66362000 66362000 66362000 66319000 66319000 66319000 66265000 66265000 66211000 66211000 66211000 66168000 66168000 66168000 66168000 66124000 66124000 66124000 66070000 66070000 66070000 66016000 66016000 66016000 66016000 65973000 65973000 65973000 65930000 65930000 65930000 65886000 65886000 65886000 65822000 65822000 65822000 65778000 65778000 65778000 65735000 65735000 65735000 65735000 65670000 65670000 65670000 65627000 65627000 65627000 65584000 65584000 65584000 65584000 65530000 65530000 65476000 65476000 65476000 65432000 65432000 65432000 65432000 65389000 65389000 
power=8810000 8810000 9707000 9707000 9707000 10755000 10755000 10755000 11512000 11512000 11512000 11599000 11599000 11599000 11999000 11999000 11999000 12063000 12063000 12063000 12063000 12118000 12118000 12118000 12258000 12258000 12258000 12258000 12258000 12258000 12258000 12301000 12301000 11836000 11836000 11836000 12063000 12063000 12063000 12063000 11945000 11945000 11945000 12063000 12063000 12063000 12139000 12139000 12139000 12118000 12118000 12118000 12118000 11999000 11999000 11696000 11696000 11101000 11101000 11101000 11101000 11220000 11220000 11220000 11393000 11393000 11393000 11674000 11674000 11674000 11674000 11988000 11988000 11988000 12215000 12215000 12215000 12355000 12355000 11469000 11469000 11469000 11728000 11728000 11728000 12063000 12063000 12063000 12128000 12128000 12128000 12128000 12128000 12128000 12128000 12182000 12182000 12182000 12182000 12182000 12182000 11361000 11361000 11361000 11555000 11555000 11555000 11555000 11880000 11880000 11880000 11815000 11815000 11815000 12074000 12074000 12074000 12074000 12161000 12161000 12161000 12280000 12280000 11663000 11663000 10658000 10658000 10658000 11545000 11545000 11545000 11901000 11901000 11901000 11901000 11955000 11955000 11955000 12247000 12247000 12247000 12323000 12323000 12020000 12020000 12020000 11880000 11880000 11880000 11880000 11923000 11923000 11923000 11663000 11663000 11663000 11804000 11804000 11804000 11804000 11782000 11782000 11782000 11728000 11728000 11728000 11642000 11642000 11642000 11782000 11782000 11782000 11869000 11869000 11869000 12020000 12020000 12020000 12020000 12020000 12020000 12020000 11880000 11880000 11880000 11923000 11923000 11923000 11923000 12161000 12161000 11804000 11804000 11804000 12020000 12020000 12020000 12020000 12355000 12355000 
voltage=10810000 10810000 10810000 10810000 10810000 10810000 10810000 10810000 10810000 10810000 10810000 10810000 10810000 10810000 10810000 10810000 10810000 10810000 10810000 10810000 10810000 10810000 10810000 10810000 10810000 10810000 10810000 10810000 10810000 10810000 10810000 10810000 10810000 10810000 10810000 10810000 10810000 10810000 10810000 10810000 10810000 10810000 10810000 10810000 10810000 10810000 10810000 10810000 10810000 10810000 10810000 10810000 10810000 10810000 10810000 10810000 10810000 10810000 10810000 10810000 10810000 10810000 10810000 10810000 10810000 10810000 10810000 10810000 10810000 10810000 10810000 10810000 10810000 10810000 10810000 10810000 10810000 10810000 10810000 10810000 10810000 10810000 10810000 10810000 10810000 10810000 10810000 10810000 10810000 10810000 10810000 10810000 10810000 10810000 10810000 10810000 10810000 10810000 10810000 10810000 10810000 10810000 10810000 10810000 10810000 10810000 10810000 10810000 10810000 10810000 10810000 10810000 10810000 10810000 10810000 10810000 10810000 10810000 10810000 10810000 10810000 10810000 10810000 10810000 10810000 10810000 10810000 10810000 10810000 10810000 10810000 10810000 10810000 10810000 10810000 10810000 10810000 10810000 10810000 10810000 10810000 10810000 10810000 10810000 10810000 10810000 10810000 10810000 10810000 10810000 10810000 10810000 10810000 10810000 10810000 10810000 10810000 10810000 10810000 10810000 10810000 10810000 10810000 10810000 10810000 10810000 10810000 10810000 10810000 10810000 10810000 10810000 10810000 10810000 10810000 10810000 10810000 10810000 10810000 10810000 10810000 10810000 10810000 10810000 10810000 10810000 10810000 10810000 10810000 10810000 10810000 10810000 10810000 10810000 10810000 10810000 10810000 10810000 10810000 10810000 
