RUN=0
name=wifiTX
iniTX=bytes:89150
endTX=bytes:999240060
iniRX=bytes:2840574
endRX=bytes:33061094
MaxBitrate=8192
nPackets=18881
pktSize=50000
reads=200
time=5
samples=2e+02
start_time=6882.54
end_time=8174.27
energy=59303000 59303000 59303000 59249000 59249000 59249000 59195000 59195000 59195000 59195000 59141000 59141000 59141000 59076000 59076000 59076000 59033000 59033000 59033000 59033000 58979000 58979000 58979000 58914000 58914000 58914000 58860000 58860000 58860000 58860000 58806000 58806000 58752000 58752000 58752000 58687000 58687000 58687000 58687000 58644000 58644000 58644000 58590000 58590000 58590000 58525000 58525000 58525000 58525000 58460000 58460000 58460000 58406000 58406000 58406000 58363000 58363000 58363000 58298000 58298000 58298000 58244000 58244000 58244000 58179000 58179000 58179000 58136000 58136000 58136000 58136000 58071000 58071000 58071000 58017000 58017000 58017000 57952000 57952000 57757000 57757000 57444000 57444000 57444000 57444000 57390000 57390000 57390000 57336000 57336000 57336000 57282000 57282000 57282000 57217000 57217000 57217000 57163000 57163000 57163000 57120000 57120000 57120000 57120000 57055000 57055000 57055000 57001000 57001000 57001000 56947000 56947000 56947000 56893000 56893000 56893000 56893000 56828000 56828000 56828000 56784000 56784000 56784000 56730000 56730000 56730000 56666000 56666000 56666000 56666000 56611000 56611000 56611000 56547000 56547000 56547000 56503000 56503000 56503000 56439000 56439000 56439000 56439000 56384000 56384000 56384000 56320000 56320000 56320000 56266000 56266000 56266000 56266000 56212000 56212000 56212000 56157000 56157000 56157000 56093000 56093000 56093000 56039000 56039000 56039000 56039000 55995000 55995000 55995000 55930000 55930000 55930000 55876000 55876000 55876000 55812000 55812000 55812000 55812000 55757000 55757000 55757000 55703000 55703000 55703000 55649000 55649000 55649000 55649000 55585000 55585000 55585000 55530000 55530000 55530000 55487000 55487000 55487000 55271000 55271000 
power=9945000 9945000 9945000 11350000 11350000 11350000 12280000 12280000 12280000 12280000 12528000 12528000 12528000 13199000 13199000 13199000 13339000 13339000 13339000 13339000 13253000 13253000 13253000 13274000 13274000 13274000 13361000 13361000 13361000 13361000 13274000 13274000 13134000 13134000 13134000 12972000 12972000 12972000 12972000 13199000 13199000 13199000 13296000 13296000 13296000 13361000 13361000 13361000 13361000 13447000 13447000 13447000 13447000 13447000 13447000 13339000 13339000 13339000 13058000 13058000 13058000 13371000 13371000 13371000 13393000 13393000 13393000 13393000 13393000 13393000 13393000 13469000 13469000 13469000 13447000 13447000 13447000 13566000 13566000 11869000 11869000 10053000 10053000 10053000 10053000 11350000 11350000 11350000 12085000 12085000 12085000 13058000 13058000 13058000 13447000 13447000 13447000 13112000 13112000 13112000 13253000 13253000 13253000 13253000 12982000 12982000 12982000 12831000 12831000 12831000 12939000 12939000 12939000 12712000 12712000 12712000 12712000 12972000 12972000 12972000 13274000 13274000 13274000 13393000 13393000 13393000 13750000 13750000 13750000 13750000 13447000 13447000 13447000 13058000 13058000 13058000 12885000 12885000 12885000 13274000 13274000 13274000 13274000 13166000 13166000 13166000 13469000 13469000 13469000 13469000 13469000 13469000 13469000 13253000 13253000 13253000 13447000 13447000 13447000 13134000 13134000 13134000 13328000 13328000 13328000 13328000 13469000 13469000 13469000 13253000 13253000 13253000 13220000 13220000 13220000 13490000 13490000 13490000 13490000 13501000 13501000 13501000 13199000 13199000 13199000 13296000 13296000 13296000 13296000 13296000 13296000 13296000 13274000 13274000 13274000 13328000 13328000 13328000 12053000 12053000 
voltage=10810000 10810000 10810000 10810000 10810000 10810000 10810000 10810000 10810000 10810000 10810000 10810000 10810000 10810000 10810000 10810000 10810000 10810000 10810000 10810000 10810000 10810000 10810000 10810000 10810000 10810000 10810000 10810000 10810000 10810000 10810000 10810000 10810000 10810000 10810000 10810000 10810000 10810000 10810000 10810000 10810000 10810000 10810000 10810000 10810000 10810000 10810000 10810000 10810000 10810000 10810000 10810000 10810000 10810000 10810000 10810000 10810000 10810000 10810000 10810000 10810000 10810000 10810000 10810000 10810000 10810000 10810000 10810000 10810000 10810000 10810000 10810000 10810000 10810000 10810000 10810000 10810000 10810000 10810000 10810000 10810000 10810000 10810000 10810000 10810000 10810000 10810000 10810000 10810000 10810000 10810000 10810000 10810000 10810000 10810000 10810000 10810000 10810000 10810000 10810000 10810000 10810000 10810000 10810000 10810000 10810000 10810000 10810000 10810000 10810000 10810000 10810000 10810000 10810000 10810000 10810000 10810000 10810000 10810000 10810000 10810000 10810000 10810000 10810000 10810000 10810000 10810000 10810000 10810000 10810000 10810000 10810000 10810000 10810000 10810000 10810000 10810000 10810000 10810000 10810000 10810000 10810000 10810000 10810000 10810000 10810000 10810000 10810000 10810000 10810000 10810000 10810000 10810000 10810000 10810000 10810000 10810000 10810000 10810000 10810000 10810000 10810000 10810000 10810000 10810000 10810000 10810000 10810000 10810000 10810000 10810000 10810000 10810000 10810000 10810000 10810000 10810000 10810000 10810000 10810000 10810000 10810000 10810000 10810000 10810000 10810000 10810000 10810000 10810000 10810000 10810000 10810000 10810000 10810000 10810000 10810000 10810000 10810000 10810000 10810000 
