RUN=0
name=wifiRX
iniTX=bytes:1015127885
endTX=bytes:1068358242
iniRX=bytes:31000246
endRX=bytes:1100266368
MaxBitrate=8192
nPackets=394641
pktSize=50000
reads=200
time=5
samples=2e+02
start_time=7748.94
end_time=8877.24
energy=63270000 63270000 63216000 63216000 63216000 63162000 63162000 63119000 63119000 63119000 63076000 63076000 63076000 63022000 63022000 63022000 63022000 62979000 62979000 62979000 62925000 62925000 62925000 62870000 62870000 62870000 62870000 62827000 62827000 62827000 62773000 62773000 62730000 62730000 62730000 62730000 62676000 62676000 62676000 62633000 62633000 62633000 62579000 62579000 62579000 62579000 62535000 62535000 62535000 62470000 62470000 62470000 62384000 62384000 62384000 62384000 62341000 62341000 62341000 62287000 62287000 62287000 62233000 62233000 62233000 62233000 62189000 62189000 62189000 62146000 62146000 62146000 62081000 62038000 62038000 62038000 61995000 61995000 61995000 61952000 61952000 61952000 61952000 61898000 61898000 61898000 61844000 61844000 61844000 61800000 61800000 61800000 61800000 61735000 61735000 61692000 61692000 61692000 61649000 61649000 61649000 61649000 61606000 61606000 61606000 61541000 61541000 61541000 61498000 61498000 61498000 61498000 61433000 61433000 61433000 61389000 61389000 61346000 61346000 61346000 61346000 61303000 61303000 61303000 61238000 61238000 61238000 61195000 61195000 61195000 61195000 61141000 61141000 61141000 61087000 61087000 61087000 61044000 61044000 61044000 60990000 60990000 60990000 60946000 60946000 60946000 60892000 60892000 60892000 60892000 60849000 60849000 60849000 60795000 60795000 60795000 60752000 60752000 60752000 60698000 60698000 60698000 60644000 60644000 60600000 60600000 60600000 60600000 60557000 60557000 60557000 60503000 60503000 60503000 60449000 60449000 60449000 60449000 60406000 60406000 60406000 60341000 60341000 60341000 60298000 60298000 60254000 60254000 60254000 60254000 60211000 60211000 60211000 60146000 60146000 60146000 60103000 60103000 60103000 60103000 
power=8864000 8864000 9610000 9610000 9610000 10680000 10680000 10950000 10950000 10950000 11069000 11069000 11069000 11512000 11512000 11512000 11512000 11653000 11653000 11653000 11739000 11739000 11739000 11891000 11891000 11891000 11891000 11891000 11891000 11891000 11653000 11653000 11091000 11091000 11091000 11091000 11480000 11480000 11480000 11653000 11653000 11653000 11815000 11815000 11815000 11815000 12042000 12042000 12042000 12074000 12074000 12074000 10755000 10755000 10755000 10755000 11209000 11209000 11209000 11545000 11545000 11545000 11653000 11653000 11653000 11653000 12009000 12009000 12009000 12074000 12074000 12074000 12107000 10755000 10755000 10755000 10972000 10972000 10972000 11426000 11426000 11426000 11426000 11599000 11599000 11599000 11847000 11847000 11847000 12009000 12009000 12009000 12009000 12182000 12182000 11577000 11577000 11577000 11739000 11739000 11739000 11739000 11826000 11826000 11826000 11772000 11772000 11772000 11988000 11988000 11988000 11988000 12042000 12042000 12042000 12074000 12074000 11545000 11545000 11545000 11545000 11718000 11718000 11718000 11912000 11912000 11912000 11934000 11934000 11934000 11934000 12074000 12074000 12074000 11988000 11988000 11988000 11934000 11934000 11934000 11793000 11793000 11793000 11264000 11264000 11264000 11458000 11458000 11458000 11458000 11761000 11761000 11761000 11653000 11653000 11653000 11815000 11815000 11815000 11869000 11869000 11869000 11739000 11739000 11480000 11480000 11480000 11480000 11674000 11674000 11674000 11545000 11545000 11545000 11793000 11793000 11793000 11793000 11869000 11869000 11869000 11847000 11847000 11847000 12009000 12009000 11264000 11264000 11264000 11264000 11458000 11458000 11458000 11674000 11674000 11674000 11685000 11685000 11685000 11685000 
voltage=10810000 10810000 10810000 10810000 10810000 10810000 10810000 10810000 10810000 10810000 10810000 10810000 10810000 10810000 10810000 10810000 10810000 10810000 10810000 10810000 10810000 10810000 10810000 10810000 10810000 10810000 10810000 10810000 10810000 10810000 10810000 10810000 10810000 10810000 10810000 10810000 10810000 10810000 10810000 10810000 10810000 10810000 10810000 10810000 10810000 10810000 10810000 10810000 10810000 10810000 10810000 10810000 10810000 10810000 10810000 10810000 10810000 10810000 10810000 10810000 10810000 10810000 10810000 10810000 10810000 10810000 10810000 10810000 10810000 10810000 10810000 10810000 10810000 10810000 10810000 10810000 10810000 10810000 10810000 10810000 10810000 10810000 10810000 10810000 10810000 10810000 10810000 10810000 10810000 10810000 10810000 10810000 10810000 10810000 10810000 10810000 10810000 10810000 10810000 10810000 10810000 10810000 10810000 10810000 10810000 10810000 10810000 10810000 10810000 10810000 10810000 10810000 10810000 10810000 10810000 10810000 10810000 10810000 10810000 10810000 10810000 10810000 10810000 10810000 10810000 10810000 10810000 10810000 10810000 10810000 10810000 10810000 10810000 10810000 10810000 10810000 10810000 10810000 10810000 10810000 10810000 10810000 10810000 10810000 10810000 10810000 10810000 10810000 10810000 10810000 10810000 10810000 10810000 10810000 10810000 10810000 10810000 10810000 10810000 10810000 10810000 10810000 10810000 10810000 10810000 10810000 10810000 10810000 10810000 10810000 10810000 10810000 10810000 10810000 10810000 10810000 10810000 10810000 10810000 10810000 10810000 10810000 10810000 10810000 10810000 10810000 10810000 10810000 10810000 10810000 10810000 10810000 10810000 10810000 10810000 10810000 10810000 10810000 10810000 10810000 
