RUN=0
name=wifiTX
iniTX=bytes:86533
endTX=bytes:1010410995
iniRX=bytes:2491962
endRX=bytes:32234584
MaxBitrate=8192
nPackets=19099
pktSize=50000
reads=200
time=5
samples=2e+02
start_time=2605.88
end_time=3674.59
energy=71745000 71745000 71702000 71702000 71702000 71637000 71637000 71637000 71594000 71594000 71594000 71594000 71551000 71551000 71551000 71508000 71508000 71508000 71443000 71443000 71443000 71400000 71400000 71400000 71400000 71356000 71356000 71356000 71291000 71291000 71291000 71248000 71248000 71248000 71248000 71205000 71205000 71205000 71151000 71151000 71151000 71097000 71097000 71097000 71097000 71054000 71054000 71054000 71000000 71000000 71000000 70956000 70956000 70956000 70956000 70891000 70891000 70891000 70848000 70848000 70848000 70805000 70805000 70805000 70805000 70740000 70740000 70740000 70697000 70697000 70697000 70654000 70654000 70654000 70589000 70589000 70589000 70589000 70546000 70546000 70546000 70492000 70492000 70492000 70437000 70437000 70437000 70437000 70394000 70394000 70394000 70340000 70340000 70340000 70297000 70297000 70297000 70297000 70243000 70243000 70243000 70189000 70189000 70189000 70146000 70146000 70146000 70102000 70102000 70102000 70037000 70037000 70037000 70037000 69994000 69994000 69994000 69929000 69929000 69929000 69886000 69886000 69886000 69886000 69832000 69832000 69832000 69778000 69778000 69778000 69735000 69735000 69735000 69681000 69681000 69681000 69681000 69638000 69638000 69638000 69583000 69583000 69583000 69529000 69529000 69529000 69486000 69486000 69486000 69486000 69443000 69443000 69443000 69378000 69378000 69378000 69335000 69335000 69335000 69270000 69270000 69270000 69227000 69227000 69227000 69227000 69184000 69184000 69184000 69119000 69119000 69119000 69075000 69075000 69075000 69075000 69021000 69021000 69021000 68978000 68978000 68978000 68924000 68924000 68924000 68870000 68870000 68870000 68870000 68827000 68827000 68827000 68762000 68762000 68762000 68719000 68719000 68719000 68654000 68654000 
power=8885000 8885000 9901000 9901000 9901000 11145000 11145000 11145000 11631000 11631000 11631000 11631000 11718000 11718000 11718000 12139000 12139000 12139000 12247000 12247000 12247000 12280000 12280000 12280000 12280000 12399000 12399000 12399000 12399000 12399000 12399000 12399000 12399000 12399000 12399000 12161000 12161000 12161000 12280000 12280000 12280000 12453000 12453000 12453000 12453000 12507000 12507000 12507000 12485000 12485000 12485000 12463000 12463000 12463000 12463000 12485000 12485000 12485000 12247000 12247000 12247000 12236000 12236000 12236000 12236000 12258000 12258000 12258000 12345000 12345000 12345000 12463000 12463000 12463000 12485000 12485000 12485000 12485000 12528000 12528000 12528000 12409000 12409000 12409000 12345000 12345000 12345000 12345000 12431000 12431000 12431000 12463000 12463000 12463000 12485000 12485000 12485000 12485000 12409000 12409000 12409000 12463000 12463000 12463000 12485000 12485000 12485000 12139000 12139000 12139000 12236000 12236000 12236000 12236000 12377000 12377000 12377000 12409000 12409000 12409000 12485000 12485000 12485000 12485000 12528000 12528000 12528000 12528000 12528000 12528000 12182000 12182000 12182000 12236000 12236000 12236000 12236000 12377000 12377000 12377000 12290000 12290000 12290000 12431000 12431000 12431000 12377000 12377000 12377000 12377000 12431000 12431000 12431000 12377000 12377000 12377000 12550000 12550000 12550000 12550000 12550000 12550000 12528000 12528000 12528000 12528000 12669000 12669000 12669000 12701000 12701000 12701000 12604000 12604000 12604000 12604000 12345000 12345000 12345000 12550000 12550000 12550000 12528000 12528000 12528000 12604000 12604000 12604000 12604000 12723000 12723000 12723000 12723000 12723000 12723000 12647000 12647000 12647000 12582000 12582000 
voltage=10810000 10810000 10810000 10810000 10810000 10810000 10810000 10810000 10810000 10810000 10810000 10810000 10810000 10810000 10810000 10810000 10810000 10810000 10810000 10810000 10810000 10810000 10810000 10810000 10810000 10810000 10810000 10810000 10810000 10810000 10810000 10810000 10810000 10810000 10810000 10810000 10810000 10810000 10810000 10810000 10810000 10810000 10810000 10810000 10810000 10810000 10810000 10810000 10810000 10810000 10810000 10810000 10810000 10810000 10810000 10810000 10810000 10810000 10810000 10810000 10810000 10810000 10810000 10810000 10810000 10810000 10810000 10810000 10810000 10810000 10810000 10810000 10810000 10810000 10810000 10810000 10810000 10810000 10810000 10810000 10810000 10810000 10810000 10810000 10810000 10810000 10810000 10810000 10810000 10810000 10810000 10810000 10810000 10810000 10810000 10810000 10810000 10810000 10810000 10810000 10810000 10810000 10810000 10810000 10810000 10810000 10810000 10810000 10810000 10810000 10810000 10810000 10810000 10810000 10810000 10810000 10810000 10810000 10810000 10810000 10810000 10810000 10810000 10810000 10810000 10810000 10810000 10810000 10810000 10810000 10810000 10810000 10810000 10810000 10810000 10810000 10810000 10810000 10810000 10810000 10810000 10810000 10810000 10810000 10810000 10810000 10810000 10810000 10810000 10810000 10810000 10810000 10810000 10810000 10810000 10810000 10810000 10810000 10810000 10810000 10810000 10810000 10810000 10810000 10810000 10810000 10810000 10810000 10810000 10810000 10810000 10810000 10810000 10810000 10810000 10810000 10810000 10810000 10810000 10810000 10810000 10810000 10810000 10810000 10810000 10810000 10810000 10810000 10810000 10810000 10810000 10810000 10810000 10810000 10810000 10810000 10810000 10810000 10810000 10810000 
