RUN=0
name=wifiRX
iniTX=bytes:1015238727
endTX=bytes:1067222801
iniRX=bytes:32429727
endRX=bytes:1079741325
MaxBitrate=8192
nPackets=397261
pktSize=50000
reads=200
time=5
samples=2e+02
start_time=8069.33
end_time=9201.9
energy=57433000 57390000 57390000 57390000 57336000 57336000 57293000 57293000 57293000 57238000 57238000 57238000 57238000 57195000 57195000 57195000 57130000 57130000 57130000 57087000 57087000 57087000 57087000 57044000 57044000 57044000 56979000 56979000 56936000 56936000 56936000 56882000 56882000 56882000 56882000 56828000 56828000 56828000 56784000 56784000 56784000 56730000 56730000 56730000 56730000 56676000 56676000 56676000 56622000 56622000 56622000 56579000 56579000 56579000 56536000 56536000 56536000 56471000 56471000 56471000 56471000 56428000 56428000 56428000 56384000 56384000 56384000 56320000 56320000 56320000 56320000 56276000 56276000 56233000 56233000 56233000 56168000 56168000 56168000 56125000 56125000 56125000 56125000 56082000 56082000 56082000 56017000 56017000 56017000 55974000 55974000 55974000 55974000 55920000 55920000 55920000 55876000 55822000 55822000 55822000 55822000 55779000 55779000 55779000 55725000 55725000 55725000 55682000 55682000 55682000 55617000 55617000 55617000 55617000 55574000 55574000 55574000 55530000 55530000 55466000 55466000 55466000 55466000 55422000 55422000 55422000 55358000 55358000 55358000 55314000 55314000 55314000 55260000 55260000 55260000 55260000 55217000 55217000 55217000 55163000 55109000 55109000 55109000 55066000 55066000 55066000 55066000 55022000 55022000 55022000 54958000 54958000 54958000 54914000 54914000 54914000 54914000 54871000 54871000 54871000 54806000 54806000 54763000 54720000 54720000 54720000 54720000 54676000 54676000 54676000 54612000 54612000 54612000 54568000 54568000 54568000 54568000 54504000 54504000 54504000 54460000 54460000 54460000 54406000 54374000 54374000 54374000 54309000 54309000 54309000 54266000 54266000 54266000 54266000 54212000 54212000 54212000 54168000 54168000 54168000 
power=8929000 9156000 9156000 9156000 10388000 10388000 11015000 11015000 11015000 11512000 11512000 11512000 11512000 12042000 12042000 12042000 12182000 12182000 12182000 12161000 12161000 12161000 12161000 12280000 12280000 12280000 12301000 12301000 11847000 11847000 11847000 11988000 11988000 11988000 11988000 12161000 12161000 12161000 12074000 12074000 12074000 12128000 12128000 12128000 12128000 12128000 12128000 12128000 11988000 11988000 11988000 11718000 11718000 11718000 11912000 11912000 11912000 11869000 11869000 11869000 11869000 11739000 11739000 11739000 11955000 11955000 11955000 11912000 11912000 11912000 11912000 11880000 11880000 12074000 12074000 12074000 11739000 11739000 11739000 11728000 11728000 11728000 11728000 11858000 11858000 11858000 12096000 12096000 12096000 12074000 12074000 12074000 12074000 12042000 12042000 12042000 12161000 11145000 11145000 11145000 11145000 11523000 11523000 11523000 11999000 11999000 11999000 11847000 11847000 11847000 12161000 12161000 12161000 12161000 11999000 11999000 11999000 11858000 11858000 11382000 11382000 11382000 11382000 11880000 11880000 11880000 11945000 11945000 11945000 12020000 12020000 12020000 12215000 12215000 12215000 12215000 12074000 12074000 12074000 12269000 11577000 11577000 11577000 11555000 11555000 11555000 11555000 11923000 11923000 11923000 11534000 11534000 11534000 11804000 11804000 11804000 11804000 11945000 11945000 11945000 11912000 11912000 11880000 10820000 10820000 10820000 10820000 11404000 11404000 11404000 11912000 11912000 11912000 12042000 12042000 12042000 12042000 12053000 12053000 12053000 12172000 12172000 12172000 11977000 10820000 10820000 10820000 11555000 11555000 11555000 11858000 11858000 11858000 11858000 11804000 11804000 11804000 12172000 12172000 12172000 
voltage=10810000 10810000 10810000 10810000 10810000 10810000 10810000 10810000 10810000 10810000 10810000 10810000 10810000 10810000 10810000 10810000 10810000 10810000 10810000 10810000 10810000 10810000 10810000 10810000 10810000 10810000 10810000 10810000 10810000 10810000 10810000 10810000 10810000 10810000 10810000 10810000 10810000 10810000 10810000 10810000 10810000 10810000 10810000 10810000 10810000 10810000 10810000 10810000 10810000 10810000 10810000 10810000 10810000 10810000 10810000 10810000 10810000 10810000 10810000 10810000 10810000 10810000 10810000 10810000 10810000 10810000 10810000 10810000 10810000 10810000 10810000 10810000 10810000 10810000 10810000 10810000 10810000 10810000 10810000 10810000 10810000 10810000 10810000 10810000 10810000 10810000 10810000 10810000 10810000 10810000 10810000 10810000 10810000 10810000 10810000 10810000 10810000 10810000 10810000 10810000 10810000 10810000 10810000 10810000 10810000 10810000 10810000 10810000 10810000 10810000 10810000 10810000 10810000 10810000 10810000 10810000 10810000 10810000 10810000 10810000 10810000 10810000 10810000 10810000 10810000 10810000 10810000 10810000 10810000 10810000 10810000 10810000 10810000 10810000 10810000 10810000 10810000 10810000 10810000 10810000 10810000 10810000 10810000 10810000 10810000 10810000 10810000 10810000 10810000 10810000 10810000 10810000 10810000 10810000 10810000 10810000 10810000 10810000 10810000 10810000 10810000 10810000 10810000 10810000 10810000 10810000 10810000 10810000 10810000 10810000 10810000 10810000 10810000 10810000 10810000 10810000 10810000 10810000 10810000 10810000 10810000 10810000 10810000 10810000 10810000 10810000 10810000 10810000 10810000 10810000 10810000 10810000 10810000 10810000 10810000 10810000 10810000 10810000 10810000 10810000 
