RUN=0
name=system
iniTX=
endTX=
iniRX=
endRX=
MaxBitrate=8192
nPackets=44645496
pktSize=50000
reads=200
time=5
samples=2e+02
start_time=4563.81
end_time=5563.9
energy=70870000 70837000 70837000 70837000 70837000 70805000 70805000 70805000 70773000 70773000 70773000 70740000 70740000 70740000 70740000 70719000 70719000 70719000 70686000 70686000 70686000 70643000 70643000 70643000 70643000 70610000 70610000 70610000 70578000 70578000 70578000 70546000 70546000 70546000 70546000 70524000 70524000 70524000 70492000 70492000 70492000 70459000 70459000 70459000 70427000 70427000 70427000 70427000 70405000 70405000 70405000 70373000 70373000 70373000 70340000 70340000 70340000 70340000 70308000 70308000 70308000 70265000 70265000 70265000 70232000 70232000 70232000 70232000 70210000 70210000 70210000 70178000 70178000 70178000 70178000 70146000 70146000 70146000 70113000 70113000 70113000 70081000 70081000 70081000 70081000 70059000 70059000 70059000 70027000 70027000 70027000 69994000 69994000 69994000 69994000 69962000 69962000 69962000 69940000 69940000 69940000 69886000 69886000 69886000 69886000 69865000 69865000 69865000 69832000 69832000 69832000 69800000 69800000 69800000 69800000 69767000 69767000 69767000 69746000 69746000 69746000 69713000 69713000 69713000 69713000 69681000 69681000 69681000 69648000 69648000 69648000 69616000 69616000 69616000 69616000 69594000 69594000 69594000 69562000 69562000 69562000 69519000 69519000 69519000 69519000 69486000 69486000 69486000 69454000 69454000 69454000 69421000 69421000 69421000 69421000 69400000 69400000 69400000 69367000 69367000 69367000 69335000 69335000 69335000 69335000 69302000 69302000 69302000 69281000 69281000 69281000 69248000 69248000 69248000 69248000 69216000 69216000 69216000 69184000 69184000 69184000 69140000 69140000 69140000 69140000 69108000 69108000 69108000 69086000 69086000 69086000 69054000 69054000 69054000 69054000 69021000 69021000 69021000 68989000 68989000 
power=8345000 7858000 7858000 7858000 7858000 7707000 7707000 7707000 7653000 7653000 7653000 7653000 7653000 7653000 7653000 7653000 7653000 7653000 7653000 7653000 7653000 7653000 7653000 7653000 7653000 7653000 7653000 7653000 7653000 7653000 7653000 7653000 7653000 7653000 7653000 7653000 7653000 7653000 7653000 7653000 7653000 7653000 7653000 7653000 7653000 7653000 7653000 7653000 7653000 7653000 7653000 7653000 7653000 7653000 7653000 7653000 7653000 7653000 7653000 7653000 7653000 7653000 7653000 7653000 7653000 7653000 7653000 7653000 7653000 7653000 7653000 7653000 7653000 7653000 7653000 7653000 7653000 7653000 7653000 7653000 7653000 7653000 7653000 7653000 7653000 7653000 7653000 7653000 7653000 7653000 7653000 7534000 7534000 7534000 7534000 7599000 7599000 7599000 7621000 7621000 7621000 7621000 7621000 7621000 7621000 7653000 7653000 7653000 7653000 7653000 7653000 7653000 7653000 7653000 7653000 7534000 7534000 7534000 7599000 7599000 7599000 7556000 7556000 7556000 7556000 7556000 7556000 7556000 7588000 7588000 7588000 7588000 7588000 7588000 7588000 7588000 7588000 7588000 7588000 7588000 7588000 7588000 7588000 7588000 7588000 7588000 7588000 7588000 7588000 7588000 7588000 7588000 7588000 7588000 7588000 7588000 7588000 7588000 7588000 7588000 7588000 7480000 7480000 7480000 7480000 7534000 7534000 7534000 7556000 7556000 7556000 7556000 7556000 7556000 7556000 7588000 7588000 7588000 7588000 7588000 7588000 7588000 7588000 7588000 7588000 7588000 7588000 7588000 7588000 7588000 7588000 7588000 7588000 7588000 7588000 7588000 7588000 7588000 7588000 7588000 
voltage=10810000 10810000 10810000 10810000 10810000 10810000 10810000 10810000 10810000 10810000 10810000 10810000 10810000 10810000 10810000 10810000 10810000 10810000 10810000 10810000 10810000 10810000 10810000 10810000 10810000 10810000 10810000 10810000 10810000 10810000 10810000 10810000 10810000 10810000 10810000 10810000 10810000 10810000 10810000 10810000 10810000 10810000 10810000 10810000 10810000 10810000 10810000 10810000 10810000 10810000 10810000 10810000 10810000 10810000 10810000 10810000 10810000 10810000 10810000 10810000 10810000 10810000 10810000 10810000 10810000 10810000 10810000 10810000 10810000 10810000 10810000 10810000 10810000 10810000 10810000 10810000 10810000 10810000 10810000 10810000 10810000 10810000 10810000 10810000 10810000 10810000 10810000 10810000 10810000 10810000 10810000 10810000 10810000 10810000 10810000 10810000 10810000 10810000 10810000 10810000 10810000 10810000 10810000 10810000 10810000 10810000 10810000 10810000 10810000 10810000 10810000 10810000 10810000 10810000 10810000 10810000 10810000 10810000 10810000 10810000 10810000 10810000 10810000 10810000 10810000 10810000 10810000 10810000 10810000 10810000 10810000 10810000 10810000 10810000 10810000 10810000 10810000 10810000 10810000 10810000 10810000 10810000 10810000 10810000 10810000 10810000 10810000 10810000 10810000 10810000 10810000 10810000 10810000 10810000 10810000 10810000 10810000 10810000 10810000 10810000 10810000 10810000 10810000 10810000 10810000 10810000 10810000 10810000 10810000 10810000 10810000 10810000 10810000 10810000 10810000 10810000 10810000 10810000 10810000 10810000 10810000 10810000 10810000 10810000 10810000 10810000 10810000 10810000 10810000 10810000 10810000 10810000 10810000 10810000 10810000 10810000 10810000 10810000 10810000 10810000 
