RUN=0
name=wifiRX
iniTX=bytes:1011248417
endTX=bytes:1066593135
iniRX=bytes:31604366
endRX=bytes:1135456236
MaxBitrate=8192
nPackets=405274
pktSize=50000
reads=200
time=5
samples=2e+02
start_time=3378.19
end_time=4493.35
energy=74145000 74145000 74145000 74091000 74091000 74048000 74048000 74048000 73994000 73994000 73994000 73994000 73951000 73951000 73951000 73907000 73907000 73907000 73853000 73853000 73853000 73853000 73799000 73799000 73799000 73756000 73756000 73756000 73702000 73702000 73670000 73670000 73670000 73605000 73605000 73605000 73562000 73562000 73562000 73562000 73518000 73518000 73518000 73453000 73453000 73453000 73410000 73410000 73410000 73367000 73367000 73324000 73324000 73324000 73324000 73280000 73280000 73280000 73216000 73216000 73216000 73172000 73172000 73172000 73172000 73129000 73129000 73129000 73064000 73064000 73064000 73021000 73021000 72978000 72978000 72935000 72935000 72935000 72935000 72891000 72891000 72891000 72848000 72848000 72848000 72783000 72783000 72783000 72783000 72740000 72740000 72740000 72697000 72697000 72654000 72654000 72654000 72589000 72589000 72589000 72589000 72545000 72545000 72545000 72481000 72481000 72481000 72437000 72437000 72437000 72394000 72394000 72394000 72394000 72329000 72329000 72286000 72286000 72286000 72243000 72243000 72243000 72243000 72199000 72199000 72199000 72156000 72156000 72156000 72091000 72091000 72091000 72091000 72048000 72048000 72048000 72005000 72005000 72005000 71940000 71940000 71940000 71897000 71897000 71897000 71897000 71854000 71854000 71854000 71800000 71800000 71800000 71745000 71745000 71745000 71745000 71702000 71702000 71702000 71648000 71648000 71648000 71605000 71605000 71551000 71551000 71551000 71508000 71508000 71508000 71454000 71454000 71454000 71454000 71410000 71410000 71410000 71356000 71356000 71356000 71302000 71302000 71302000 71302000 71259000 71259000 71205000 71205000 71205000 71162000 71162000 71162000 71108000 71108000 71108000 71108000 71064000 71064000 71064000 71010000 
power=8680000 8680000 8680000 10431000 10431000 10647000 10647000 10647000 11047000 11047000 11047000 11047000 11761000 11761000 11761000 11945000 11945000 11945000 12139000 12139000 12139000 12139000 12042000 12042000 12042000 12182000 12182000 12182000 12118000 12118000 11015000 11015000 11015000 11566000 11566000 11566000 12020000 12020000 12020000 12020000 12020000 12020000 12020000 12290000 12290000 12290000 12204000 12204000 12204000 11999000 11999000 11101000 11101000 11101000 11101000 11685000 11685000 11685000 11977000 11977000 11977000 12139000 12139000 12139000 12139000 12463000 12463000 12463000 12258000 12258000 12258000 12409000 12409000 11069000 11069000 10950000 10950000 10950000 10950000 11534000 11534000 11534000 11739000 11739000 11739000 11966000 11966000 11966000 11966000 12085000 12085000 12085000 12204000 12204000 11772000 11772000 11772000 12042000 12042000 12042000 12042000 12290000 12290000 12290000 12236000 12236000 12236000 12204000 12204000 12204000 12258000 12258000 12258000 12258000 12377000 12377000 11966000 11966000 11966000 11804000 11804000 11804000 11804000 11945000 11945000 11945000 11945000 11945000 11945000 12118000 12118000 12118000 12118000 12236000 12236000 12236000 12139000 12139000 12139000 12118000 12118000 12118000 11739000 11739000 11739000 11739000 11999000 11999000 11999000 12161000 12161000 12161000 12247000 12247000 12247000 12247000 12280000 12280000 12280000 12247000 12247000 12247000 12215000 12215000 11718000 11718000 11718000 11782000 11782000 11782000 11869000 11869000 11869000 11869000 11955000 11955000 11955000 12020000 12020000 12020000 12096000 12096000 12096000 12096000 12042000 12042000 11415000 11415000 11415000 11815000 11815000 11815000 11869000 11869000 11869000 11869000 11836000 11836000 11836000 12096000 
voltage=10810000 10810000 10810000 10810000 10810000 10810000 10810000 10810000 10810000 10810000 10810000 10810000 10810000 10810000 10810000 10810000 10810000 10810000 10810000 10810000 10810000 10810000 10810000 10810000 10810000 10810000 10810000 10810000 10810000 10810000 10810000 10810000 10810000 10810000 10810000 10810000 10810000 10810000 10810000 10810000 10810000 10810000 10810000 10810000 10810000 10810000 10810000 10810000 10810000 10810000 10810000 10810000 10810000 10810000 10810000 10810000 10810000 10810000 10810000 10810000 10810000 10810000 10810000 10810000 10810000 10810000 10810000 10810000 10810000 10810000 10810000 10810000 10810000 10810000 10810000 10810000 10810000 10810000 10810000 10810000 10810000 10810000 10810000 10810000 10810000 10810000 10810000 10810000 10810000 10810000 10810000 10810000 10810000 10810000 10810000 10810000 10810000 10810000 10810000 10810000 10810000 10810000 10810000 10810000 10810000 10810000 10810000 10810000 10810000 10810000 10810000 10810000 10810000 10810000 10810000 10810000 10810000 10810000 10810000 10810000 10810000 10810000 10810000 10810000 10810000 10810000 10810000 10810000 10810000 10810000 10810000 10810000 10810000 10810000 10810000 10810000 10810000 10810000 10810000 10810000 10810000 10810000 10810000 10810000 10810000 10810000 10810000 10810000 10810000 10810000 10810000 10810000 10810000 10810000 10810000 10810000 10810000 10810000 10810000 10810000 10810000 10810000 10810000 10810000 10810000 10810000 10810000 10810000 10810000 10810000 10810000 10810000 10810000 10810000 10810000 10810000 10810000 10810000 10810000 10810000 10810000 10810000 10810000 10810000 10810000 10810000 10810000 10810000 10810000 10810000 10810000 10810000 10810000 10810000 10810000 10810000 10810000 10810000 10810000 10810000 
