RUN=0
name=cam1
width=640
height=480
fps=5
realfps=0
reads=199
time=5
samples=2e+02
start_time=12443.5
end_time=13443.9
energy=50493000 50450000 50450000 50450000 50450000 50407000 50407000 50407000 50363000 50363000 50363000 50309000 50309000 50309000 50309000 50255000 50255000 50255000 50212000 50212000 50212000 50169000 50169000 50169000 50169000 50115000 50115000 50115000 50071000 50071000 50071000 50028000 50028000 50028000 49985000 49985000 49985000 49985000 49920000 49920000 49920000 49877000 49877000 49877000 49834000 49834000 49834000 49834000 49790000 49790000 49790000 49747000 49747000 49747000 49704000 49704000 49704000 49704000 49650000 49650000 49650000 49596000 49596000 49596000 49553000 49553000 49553000 49509000 49509000 49509000 49509000 49455000 49455000 49455000 49412000 49412000 49412000 49369000 49369000 49369000 49369000 49315000 49315000 49315000 49261000 49261000 49261000 49217000 49217000 49217000 49217000 49174000 49174000 49174000 49131000 49131000 49131000 49088000 49088000 49088000 49044000 49044000 49044000 49044000 48980000 48980000 48980000 48936000 48936000 48936000 48893000 48893000 48893000 48893000 48850000 48850000 48850000 48796000 48796000 48796000 48753000 48753000 48753000 48699000 48699000 48699000 48699000 48655000 48655000 48655000 48601000 48601000 48601000 48558000 48558000 48558000 48558000 48515000 48515000 48515000 48472000 48472000 48472000 48428000 48428000 48428000 48428000 48363000 48363000 48363000 48320000 48320000 48320000 48277000 48277000 48277000 48234000 48234000 48234000 48234000 48190000 48190000 48190000 48136000 48136000 48136000 48082000 48082000 48082000 48082000 48039000 48039000 48039000 47996000 47996000 47996000 47942000 47942000 47942000 47942000 47899000 47899000 47899000 47855000 47855000 47855000 47801000 47801000 47801000 47747000 47747000 47747000 47747000 47704000 47704000 47704000 47661000 47661000 47661000 
power=10896000 10864000 10864000 10864000 10864000 10701000 10701000 10701000 10766000 10766000 10766000 10680000 10680000 10680000 10680000 10723000 10723000 10723000 10788000 10788000 10788000 10680000 10680000 10680000 10680000 10766000 10766000 10766000 10788000 10788000 10788000 10788000 10788000 10788000 10820000 10820000 10820000 10820000 10820000 10820000 10820000 10820000 10820000 10820000 10820000 10820000 10820000 10820000 10820000 10820000 10820000 10820000 10820000 10820000 10820000 10820000 10820000 10820000 10820000 10820000 10820000 10820000 10820000 10820000 10820000 10820000 10820000 10820000 10820000 10820000 10820000 10820000 10820000 10820000 10820000 10820000 10820000 10820000 10820000 10820000 10820000 10820000 10820000 10820000 10820000 10820000 10820000 10820000 10820000 10820000 10820000 10820000 10820000 10820000 10820000 10820000 10820000 10820000 10820000 10820000 10820000 10820000 10820000 10820000 10820000 10820000 10820000 10820000 10820000 10820000 10820000 10820000 10820000 10820000 10820000 10820000 10820000 10820000 10820000 10820000 10820000 10820000 10820000 10820000 10820000 10820000 10820000 10820000 10820000 10820000 10820000 10820000 10820000 10820000 10820000 10820000 10820000 10820000 10820000 10820000 10820000 10820000 10820000 10820000 10820000 10820000 10820000 10820000 10820000 10820000 10820000 10820000 10820000 10820000 10820000 10820000 10723000 10723000 10723000 10723000 10723000 10723000 10723000 10723000 10723000 10723000 10723000 10723000 10723000 10723000 10723000 10723000 10723000 10723000 10723000 10723000 10723000 10723000 10723000 10723000 10723000 10723000 10723000 10723000 10723000 10723000 10723000 10723000 10723000 10723000 10723000 10723000 10723000 10723000 10723000 10723000 10723000 10723000 10723000 
voltage=10810000 10810000 10810000 10810000 10810000 10810000 10810000 10810000 10810000 10810000 10810000 10810000 10810000 10810000 10810000 10810000 10810000 10810000 10810000 10810000 10810000 10810000 10810000 10810000 10810000 10810000 10810000 10810000 10810000 10810000 10810000 10810000 10810000 10810000 10810000 10810000 10810000 10810000 10810000 10810000 10810000 10810000 10810000 10810000 10810000 10810000 10810000 10810000 10810000 10810000 10810000 10810000 10810000 10810000 10810000 10810000 10810000 10810000 10810000 10810000 10810000 10810000 10810000 10810000 10810000 10810000 10810000 10810000 10810000 10810000 10810000 10810000 10810000 10810000 10810000 10810000 10810000 10810000 10810000 10810000 10810000 10810000 10810000 10810000 10810000 10810000 10810000 10810000 10810000 10810000 10810000 10810000 10810000 10810000 10810000 10810000 10810000 10810000 10810000 10810000 10810000 10810000 10810000 10810000 10810000 10810000 10810000 10810000 10810000 10810000 10810000 10810000 10810000 10810000 10810000 10810000 10810000 10810000 10810000 10810000 10810000 10810000 10810000 10810000 10810000 10810000 10810000 10810000 10810000 10810000 10810000 10810000 10810000 10810000 10810000 10810000 10810000 10810000 10810000 10810000 10810000 10810000 10810000 10810000 10810000 10810000 10810000 10810000 10810000 10810000 10810000 10810000 10810000 10810000 10810000 10810000 10810000 10810000 10810000 10810000 10810000 10810000 10810000 10810000 10810000 10810000 10810000 10810000 10810000 10810000 10810000 10810000 10810000 10810000 10810000 10810000 10810000 10810000 10810000 10810000 10810000 10810000 10810000 10810000 10810000 10810000 10810000 10810000 10810000 10810000 10810000 10810000 10810000 10810000 10810000 10810000 10810000 10810000 10810000 
captureT=0.00021499909 0.00042099964 0.00021099913 0.00020799962 0.00026000089 0.00020799962 0.00021600135 0.00025699956 0.00020799962 0.00021800042 0.00026099951 0.00041400017 0.00021599953 0.00026099951 0.00021099913 0.00021800042 0.00026100133 0.000258 0.00026000089 0.00020799962 0.00021499909 0.0002400011 0.00021800042 0.00020799962 0.00021099913 0.00021499909 0.000258 0.00020799962 0.00021800042 0.00020799962 0.00021800042 0.00026100133 0.00020799962 0.00021000051 0.00045500019 0.00021099913 0.00020799962 0.00021800042 0.00020799962 0.00021500091 0.00026099951 0.00020800144 0.00023599932 0.00021800042 0.00025699956 0.00020799962 0.00021599953 0.00026000089 0.00021800042 0.00025999907 0.00021099913 0.00021000051 0.00026099951 0.00020600055 0.00021599953 0.00022099994 0.00020799962 0.00021099913 0.00026000089 0.00021099913 0.00020800144 0.00026099951 0.00021100095 0.00021000051 0.00021800042 0.00022100176 0.00021000051 0.000258 0.00022099994 0.00021100095 0.00021499909 0.00025699956 0.00020500011 0.00021800042 0.00026099951 0.00020800144 0.00020800144 0.00021800042 0.00025699956 0.00022300082 0.00020799962 0.00021500091 0.00025999907 0.00021099913 0.00021599953 0.00026100133 0.00020799962 0.00026099951 0.00021499909 0.00021599953 0.00026099951 0.00021099913 0.00020799962 0.00026000089 0.00022300082 0.00020800144 0.00021499909 0.00026099951 0.00020800144 0.00021599953 0.00026000089 0.00020600055 0.00021600135 0.00025699956 0.00020599873 0.00021099913 0.00026099951 0.00022299901 0.00020999869 0.0002179986 0.00025699956 0.00020800144 0.00021000051 0.00025699956 0.00025699956 0.00020800144 0.00021599953 0.00026099951 0.00021000051 0.0002179986 0.00021500091 0.00020799962 0.00020799962 0.0003669993 0.00022099994 0.00020799962 0.00020900006 0.00025999907 0.00020799962 0.00021500091 0.00025699956 0.00020800144 0.00020800144 0.00021800042 0.00022300082 0.00020799962 0.00026099951 0.00022299901 0.00021099913 0.00021499909 0.00026099951 0.00037599966 0.00021599953 0.00025999907 0.00020799962 0.00021800042 0.00026099951 0.00020999869 0.00020800144 0.00021100095 0.00020999869 0.00026099951 0.00022099994 0.00021500091 0.00021800042 0.00026100133 0.00032899879 0.0002179986 0.00026099951 0.00020799962 0.00021599953 0.00020799962 0.00021599953 0.00020799962 0.00020799962 0.00021600135 0.00023400025 0.00020799962 0.00021800042 0.00026100133 0.00020600055 0.00021800042 0.00026099951 0.00020800144 0.00020800144 0.00021599953 0.00026099951 0.00020799962 0.00021500091 0.00026099951 0.00020500011 0.00021500091 0.00026099951 0.00021100095 0.00021099913 0.00022099994 0.00025700137 0.00021100095 0.00022099994 0.00044499939 0.00020800144 0.00021099913 0.00026100133 0.00020799962 0.00020600055 0.00021099913 0.00021499909 0.00022800123 0.00020799962 
sleepT=199.61876 199.81237 199.63924 199.7354 199.67218 199.6706 199.71478 199.67217 199.66681 199.70968 199.68039 199.81498 199.68227 199.6774 199.73745 199.68465 199.67843 199.6352 199.62831 199.70136 199.72796 199.64781 199.70275 199.73819 199.73785 199.69167 199.67977 199.7378 199.682 199.69722 199.73071 199.62519 199.70857 199.72883 199.79288 199.63431 199.73506 199.7402 199.6848 199.71811 199.68326 199.68018 199.71565 199.7385 199.80043 199.71363 199.72429 199.68569 199.68852 199.67378 199.73639 199.68146 199.65008 199.69839 199.68883 199.715 199.72102 199.73686 199.64108 199.67922 199.73756 199.62537 199.6736 199.73198 199.66324 199.69525 199.73529 199.7982 199.71528 199.72547 199.73592 199.63266 199.73476 199.73938 199.62868 199.71459 199.73264 199.81718 199.64461 199.73489 199.73634 199.69687 199.67022 199.73786 199.67822 199.66115 199.73566 199.62388 199.7204 199.68162 199.68105 199.63318 199.73532 199.68295 199.69614 199.73328 199.73684 199.62824 199.71493 199.72951 199.7923 199.69734 199.73608 199.68337 199.62418 199.72404 199.68113 199.6772 199.71623 199.70381 199.79513 199.65151 199.7352 199.63012 199.64357 199.73447 199.72297 199.62862 199.71874 199.72548 199.68408 199.66547 199.73525 199.79843 199.71379 199.69906 199.72533 199.63216 199.7244 199.73616 199.61803 199.71275 199.7219 199.81712 199.71116 199.73882 199.68285 199.70851 199.73707 199.74066 199.63139 199.71992 199.72251 199.62224 199.71616 199.71759 199.6833 199.63532 199.72559 199.63614 199.68366 199.67997 199.7371 199.68892 199.71482 199.68419 199.82202 199.68444 199.68344 199.73911 199.67872 199.69534 199.73572 199.6064 199.71623 199.72943 199.7904 199.71564 199.73694 199.68575 199.68906 199.73569 199.68415 199.68462 199.70726 199.73368 199.62241 199.70524 199.7362 199.68379 199.69608 199.73833 199.66969 199.68261 199.72549 199.68075 199.63169 199.71867 199.73575 199.78864 199.70159 199.73599 199.68373 199.61774 199.73421 199.73113 199.67755 199.72977 199.73441 
