RUN=0
name=cam1
width=640
height=480
fps=15
realfps=0
reads=199
time=5
samples=2e+02
start_time=14548.4
end_time=15548.5
energy=44202000 44202000 44202000 44158000 44158000 44158000 44104000 44104000 44104000 44061000 44061000 44061000 44061000 44007000 44007000 44007000 43964000 43964000 43964000 43910000 43910000 43910000 43910000 43866000 43866000 43866000 43812000 43812000 43812000 43758000 43758000 43758000 43758000 43715000 43715000 43715000 43672000 43672000 43672000 43618000 43618000 43618000 43564000 43564000 43564000 43564000 43521000 43521000 43521000 43477000 43477000 43477000 43423000 43423000 43423000 43423000 43369000 43369000 43369000 43326000 43326000 43326000 43283000 43283000 43283000 43240000 43240000 43240000 43240000 43175000 43175000 43175000 43131000 43131000 43131000 43088000 43088000 43088000 43088000 43045000 43045000 43045000 42980000 42980000 42980000 42937000 42937000 42937000 42937000 42894000 42894000 42894000 42850000 42850000 42850000 42785000 42785000 42785000 42742000 42742000 42742000 42742000 42699000 42699000 42699000 42656000 42656000 42656000 42591000 42591000 42591000 42591000 42548000 42548000 42548000 42504000 42504000 42504000 42461000 42461000 42461000 42418000 42418000 42418000 42418000 42353000 42353000 42353000 42310000 42310000 42310000 42267000 42267000 42267000 42267000 42223000 42223000 42223000 42159000 42159000 42159000 42115000 42115000 42115000 42115000 42072000 42072000 42072000 42029000 42029000 42029000 41964000 41964000 41964000 41921000 41921000 41921000 41921000 41877000 41877000 41877000 41813000 41813000 41813000 41769000 41769000 41769000 41769000 41726000 41726000 41726000 41683000 41683000 41683000 41640000 41640000 41640000 41575000 41575000 41575000 41575000 41532000 41532000 41532000 41488000 41488000 41488000 41445000 41445000 41445000 41445000 41380000 41380000 41380000 41337000 41337000 41337000 41294000 41294000 
power=10972000 10972000 10972000 10864000 10864000 10864000 10842000 10842000 10842000 10842000 10842000 10842000 10842000 10842000 10842000 10842000 10842000 10842000 10842000 10842000 10842000 10842000 10842000 10842000 10842000 10842000 10842000 10842000 10842000 10842000 10842000 10842000 10842000 10939000 10939000 10939000 10885000 10885000 10885000 10864000 10864000 10864000 10864000 10864000 10864000 10864000 10939000 10939000 10939000 10885000 10885000 10885000 10961000 10961000 10961000 10961000 10918000 10918000 10918000 10864000 10864000 10864000 10864000 10864000 10864000 10842000 10842000 10842000 10842000 10842000 10842000 10842000 10842000 10842000 10842000 10842000 10842000 10842000 10842000 10842000 10842000 10842000 10842000 10842000 10842000 10842000 10842000 10842000 10842000 10842000 10842000 10842000 10939000 10939000 10939000 10993000 10993000 10993000 10918000 10918000 10918000 10918000 10885000 10885000 10885000 10864000 10864000 10864000 10842000 10842000 10842000 10842000 10842000 10842000 10842000 10842000 10842000 10842000 10842000 10842000 10842000 10842000 10842000 10842000 10842000 10842000 10842000 10842000 10842000 10842000 10842000 10842000 10842000 10842000 10842000 10842000 10842000 10842000 10745000 10745000 10745000 10842000 10842000 10842000 10842000 10896000 10896000 10896000 10820000 10820000 10820000 10788000 10788000 10788000 10864000 10864000 10864000 10864000 10788000 10788000 10788000 10864000 10864000 10864000 10820000 10820000 10820000 10820000 10766000 10766000 10766000 10864000 10864000 10864000 10788000 10788000 10788000 10864000 10864000 10864000 10864000 10820000 10820000 10820000 10864000 10864000 10864000 10820000 10820000 10820000 10820000 10864000 10864000 10864000 10820000 10820000 10820000 10864000 10864000 
voltage=10810000 10810000 10810000 10810000 10810000 10810000 10810000 10810000 10810000 10810000 10810000 10810000 10810000 10810000 10810000 10810000 10810000 10810000 10810000 10810000 10810000 10810000 10810000 10810000 10810000 10810000 10810000 10810000 10810000 10810000 10810000 10810000 10810000 10810000 10810000 10810000 10810000 10810000 10810000 10810000 10810000 10810000 10810000 10810000 10810000 10810000 10810000 10810000 10810000 10810000 10810000 10810000 10810000 10810000 10810000 10810000 10810000 10810000 10810000 10810000 10810000 10810000 10810000 10810000 10810000 10810000 10810000 10810000 10810000 10810000 10810000 10810000 10810000 10810000 10810000 10810000 10810000 10810000 10810000 10810000 10810000 10810000 10810000 10810000 10810000 10810000 10810000 10810000 10810000 10810000 10810000 10810000 10810000 10810000 10810000 10810000 10810000 10810000 10810000 10810000 10810000 10810000 10810000 10810000 10810000 10810000 10810000 10810000 10810000 10810000 10810000 10810000 10810000 10810000 10810000 10810000 10810000 10810000 10810000 10810000 10810000 10810000 10810000 10810000 10810000 10810000 10810000 10810000 10810000 10810000 10810000 10810000 10810000 10810000 10810000 10810000 10810000 10810000 10810000 10810000 10810000 10810000 10810000 10810000 10810000 10810000 10810000 10810000 10810000 10810000 10810000 10810000 10810000 10810000 10810000 10810000 10810000 10810000 10810000 10810000 10810000 10810000 10810000 10810000 10810000 10810000 10810000 10810000 10810000 10810000 10810000 10810000 10810000 10810000 10810000 10810000 10810000 10810000 10810000 10810000 10810000 10810000 10810000 10810000 10810000 10810000 10810000 10810000 10810000 10810000 10810000 10810000 10810000 10810000 10810000 10810000 10810000 10810000 10810000 
captureT=0.00021499909 0.00021800042 0.0001899989 0.00026099951 0.00021500091 0.00021600135 0.00021499909 0.00021499909 0.00021800042 0.00021599953 0.00021599953 0.00021500091 0.00021800042 0.00021500091 0.00021500091 0.00021800042 0.00021599953 0.00026399903 0.000258 0.00026100133 0.00026100133 0.00021599953 0.00021800042 0.00021600135 0.00022099994 0.00021599953 0.00021600135 0.00021499909 0.00021800042 0.00021599953 0.00021500091 0.00021599953 0.00026699854 0.0002179986 0.00026100133 0.00021599953 0.00021599953 0.00021800042 0.00021600135 0.00021599953 0.00026400085 0.00025999907 0.00021599953 0.00021999949 0.00026400085 0.00021599953 0.00021500091 0.00022099994 0.0002179986 0.00022099994 0.0002179986 0.00021499909 0.00021800042 0.00021500091 0.00021600135 0.00021599953 0.00025999907 0.00026399903 0.00021599953 0.00021599953 0.00021800042 0.00021599953 0.00021499909 0.00021800042 0.00021500091 0.00021499909 0.00021599953 0.00021499909 0.00021800042 0.00021599953 0.00021800042 0.00022099994 0.00022799941 0.00021800042 0.00026099951 0.0002179986 0.00026700036 0.00026100133 0.00026099951 0.00021999949 0.00026700036 0.0002179986 0.00021599953 0.00021800042 0.00022099994 0.00021800042 0.0002179986 0.0002179986 0.00026099951 0.00021500091 0.00026099951 0.00026400085 0.00022000131 0.00026400085 0.00021500091 0.00026400085 0.00025999907 0.00022099994 0.00021800042 0.00021800042 0.00021899905 0.0002179986 0.00021500091 0.00021800042 0.00021800042 0.00021599953 0.00021600135 0.00026400085 0.00026400085 0.00026400085 0.00021500091 0.00021599953 0.00021500091 0.00021800042 0.00021599953 0.00021800042 0.00022099994 0.00022000131 0.00021599953 0.00021599953 0.00021500091 0.00021499909 0.00021499909 0.00021599953 0.00021800042 0.00021599953 0.00021599953 0.0002179986 0.00021800042 0.00021800042 0.00025999907 0.00022099994 0.00021599953 0.00021500091 0.00022099994 0.00021600135 0.00026399903 0.00026100133 0.00026399903 0.00021599953 0.00021599953 0.00021800042 0.00021500091 0.00021800042 0.00026099951 0.00021500091 0.00021599953 0.00021599953 0.00024100154 0.00021500091 0.00021499909 0.00025999907 0.00025999907 0.0002179986 0.00021500091 0.00021499909 0.00021599953 0.00021599953 0.00021500091 0.00021500091 0.00026099951 0.00021800042 0.0002179986 0.00021499909 0.00026099951 0.00026099951 0.00022099994 0.00022099994 0.00021800042 0.00021500091 0.00026400085 0.00022099994 0.00026000089 0.0002179986 0.00021499909 0.00022099994 0.00021500091 0.00021500091 0.00021500091 0.00021800042 0.00021599953 0.00021599953 0.00021600135 0.00026000089 0.00021499909 0.00025400004 0.00026099951 0.0002179986 0.00021999949 0.00021499909 0.00021999949 0.00020800144 0.00021500091 0.00026000089 0.00022099994 0.00020300104 0.00021600135 0.00021599953 0.00021599953 
sleepT=66.216662 66.381339 66.424001 66.292381 66.352221 66.399409 66.343053 66.377639 66.397499 66.487015 66.363393 66.40102 66.389085 66.343336 66.402873 66.40074 66.275436 66.323188 66.351646 66.463626 66.31852 66.395544 66.404988 66.359333 66.401524 66.391797 66.348376 66.373181 66.362494 66.348288 66.378336 66.399464 66.342818 66.365078 66.352618 66.404431 66.34486 66.362722 66.403732 66.336243 66.309397 66.351456 66.48393 66.376023 66.353427 66.398937 66.362176 66.402399 66.406687 66.349599 66.380873 66.392106 66.337225 66.380487 66.342772 66.404205 66.313869 66.350994 66.405083 66.351286 66.403509 66.403897 66.349233 66.379579 66.347228 66.480233 66.364527 66.402817 66.388795 66.344381 66.404636 66.405862 66.364852 66.387406 66.3508 66.489199 66.31838 66.351211 66.35183 66.363046 66.351028 66.406196 66.365078 66.385872 66.403762 66.332612 66.321652 66.402566 66.317808 66.364647 66.347469 66.352923 66.348026 66.349357 66.401677 66.295021 66.335192 66.408058 66.492927 66.363872 66.368727 66.392368 66.365261 66.404602 66.391855 66.288894 66.319326 66.351366 66.285701 66.330313 66.404354 66.406431 66.370309 66.405153 66.39729 66.349361 66.399722 66.404331 66.340103 66.372767 66.404326 66.48694 66.374056 66.408128 66.383955 66.351363 66.401396 66.392735 66.341517 66.38 66.351566 66.490311 66.382028 66.404875 66.344015 66.372361 66.309557 66.352427 66.312037 66.369376 66.401579 66.320754 66.382559 66.403429 66.327031 66.36176 66.401461 66.405942 66.346346 66.408371 66.403883 66.289076 66.325982 66.405128 66.489945 66.365807 66.403757 66.405183 66.357697 66.361705 66.317169 66.350697 66.386599 66.40393 66.276438 66.329674 66.404519 66.403403 66.359843 66.405124 66.3531 66.34307 66.315396 66.405739 66.32562 66.393664 66.393918 66.486973 66.374547 66.403407 66.403546 66.290138 66.4001 66.352 66.348251 66.330263 66.347388 66.494567 66.383023 66.404108 66.336314 66.356519 66.402587 66.342149 66.361862 66.366443 66.368642 66.325546 66.37982 
