RUN=0
name=cam1
width=640
height=480
fps=15
realfps=0
reads=199
time=5
samples=2e+02
start_time=13803.7
end_time=14803.8
energy=41737000 41737000 41737000 41737000 41694000 41694000 41694000 41650000 41650000 41650000 41586000 41586000 41586000 41542000 41542000 41542000 41542000 41499000 41499000 41499000 41456000 41456000 41456000 41402000 41402000 41402000 41402000 41348000 41348000 41348000 41305000 41305000 41305000 41261000 41261000 41261000 41261000 41207000 41207000 41207000 41164000 41164000 41164000 41110000 41110000 41110000 41067000 41067000 41067000 41067000 41013000 41013000 41013000 40969000 40969000 40969000 40926000 40926000 40926000 40926000 40872000 40872000 40872000 40818000 40818000 40818000 40775000 40775000 40775000 40775000 40732000 40732000 40732000 40688000 40688000 40688000 40623000 40623000 40623000 40580000 40580000 40580000 40580000 40537000 40537000 40537000 40494000 40494000 40494000 40451000 40451000 40451000 40451000 40386000 40386000 40386000 40342000 40342000 40342000 40299000 40299000 40299000 40256000 40256000 40256000 40256000 40213000 40213000 40213000 40148000 40148000 40148000 40105000 40105000 40105000 40105000 40061000 40061000 40061000 40018000 40018000 40018000 39964000 39964000 39964000 39964000 39910000 39910000 39910000 39867000 39867000 39867000 39813000 39813000 39813000 39769000 39769000 39769000 39769000 39726000 39726000 39726000 39672000 39672000 39672000 39618000 39618000 39618000 39618000 39575000 39575000 39575000 39532000 39532000 39532000 39488000 39488000 39488000 39424000 39424000 39424000 39424000 39380000 39380000 39380000 39337000 39337000 39337000 39294000 39294000 39294000 39294000 39251000 39251000 39251000 39186000 39186000 39186000 39143000 39143000 39143000 39143000 39099000 39099000 39099000 39056000 39056000 39056000 38991000 38991000 38991000 38991000 38948000 38948000 38948000 38905000 38905000 38905000 38861000 
power=10874000 10874000 10874000 10874000 10885000 10885000 10885000 10907000 10907000 10907000 10907000 10907000 10907000 10939000 10939000 10939000 10939000 10939000 10939000 10939000 10831000 10831000 10831000 10885000 10885000 10885000 10885000 10907000 10907000 10907000 10907000 10907000 10907000 10939000 10939000 10939000 10939000 10939000 10939000 10939000 10939000 10939000 10939000 10939000 10939000 10939000 10939000 10939000 10939000 10939000 10939000 10939000 10939000 10831000 10831000 10831000 10885000 10885000 10885000 10885000 10907000 10907000 10907000 10799000 10799000 10799000 10885000 10885000 10885000 10885000 10907000 10907000 10907000 10701000 10701000 10701000 10788000 10788000 10788000 10810000 10810000 10810000 10810000 10810000 10810000 10810000 10734000 10734000 10734000 10788000 10788000 10788000 10788000 10810000 10810000 10810000 10810000 10810000 10810000 10842000 10842000 10842000 10842000 10842000 10842000 10842000 10842000 10842000 10842000 10842000 10842000 10842000 10842000 10842000 10842000 10842000 10842000 10842000 10842000 10842000 10842000 10842000 10842000 10842000 10842000 10842000 10842000 10842000 10842000 10842000 10842000 10842000 10842000 10842000 10842000 10842000 10842000 10842000 10842000 10842000 10842000 10842000 10842000 10842000 10842000 10842000 10842000 10842000 10842000 10842000 10842000 10842000 10842000 10842000 10842000 10842000 10842000 10842000 10842000 10842000 10842000 10842000 10842000 10842000 10842000 10842000 10842000 10842000 10842000 10842000 10842000 10842000 10842000 10842000 10842000 10842000 10842000 10842000 10842000 10842000 10842000 10842000 10842000 10842000 10842000 10842000 10842000 10842000 10842000 10842000 10842000 10842000 10842000 10842000 10842000 10842000 10842000 10842000 10842000 
voltage=10810000 10810000 10810000 10810000 10810000 10810000 10810000 10810000 10810000 10810000 10810000 10810000 10810000 10810000 10810000 10810000 10810000 10810000 10810000 10810000 10810000 10810000 10810000 10810000 10810000 10810000 10810000 10810000 10810000 10810000 10810000 10810000 10810000 10810000 10810000 10810000 10810000 10810000 10810000 10810000 10810000 10810000 10810000 10810000 10810000 10810000 10810000 10810000 10810000 10810000 10810000 10810000 10810000 10810000 10810000 10810000 10810000 10810000 10810000 10810000 10810000 10810000 10810000 10810000 10810000 10810000 10810000 10810000 10810000 10810000 10810000 10810000 10810000 10810000 10810000 10810000 10810000 10810000 10810000 10810000 10810000 10810000 10810000 10810000 10810000 10810000 10810000 10810000 10810000 10810000 10810000 10810000 10810000 10810000 10810000 10810000 10810000 10810000 10810000 10810000 10810000 10810000 10810000 10810000 10810000 10810000 10810000 10810000 10810000 10810000 10810000 10810000 10810000 10810000 10810000 10810000 10810000 10810000 10810000 10810000 10810000 10810000 10810000 10810000 10810000 10810000 10810000 10810000 10810000 10810000 10810000 10810000 10810000 10810000 10810000 10810000 10810000 10810000 10810000 10810000 10810000 10810000 10810000 10810000 10810000 10810000 10810000 10810000 10810000 10810000 10810000 10810000 10810000 10810000 10810000 10810000 10810000 10810000 10810000 10810000 10810000 10810000 10810000 10810000 10810000 10810000 10810000 10810000 10810000 10810000 10810000 10810000 10810000 10810000 10810000 10810000 10810000 10810000 10810000 10810000 10810000 10810000 10810000 10810000 10810000 10810000 10810000 10810000 10810000 10810000 10810000 10810000 10810000 10810000 10810000 10810000 10810000 10810000 10810000 
captureT=0.00021599953 0.00021800042 0.00021800042 0.00021800042 0.00021599953 0.00025400004 0.00021800042 0.00021800042 0.00021600135 0.00026400085 0.00021600135 0.00021500091 0.00021500091 0.00031299896 0.00021800042 0.0002179986 0.00022000131 0.00021499909 0.00021599953 0.00021500091 0.00021800042 0.00021800042 0.00026599992 0.00021499909 0.00021900087 0.00021800042 0.00020299922 0.00021999949 0.00021500091 0.00021599953 0.00021599953 0.000258 0.00025699956 0.00026099951 0.00021800042 0.00021800042 0.00021500091 0.00021800042 0.00026799898 0.00021999949 0.00023599932 0.00026100133 0.00026399903 0.00022000131 0.00026400085 0.00032099888 0.00021500091 0.00022000131 0.00021800042 0.00021599953 0.00022000131 0.00021500091 0.00021599953 0.00026000089 0.00026000089 0.00026099951 0.00026399903 0.0002179986 0.00021599953 0.0002179986 0.00021500091 0.0002680008 0.00026000089 0.00026399903 0.00021499909 0.00021800042 0.00021800042 0.00021499909 0.00021800042 0.00022099994 0.00026000089 0.0002179986 0.00021499909 0.00022099994 0.00021599953 0.00022099994 0.00021599953 0.00025400004 0.00021599953 0.00026100133 0.00021599953 0.00021500091 0.00021500091 0.00020299922 0.00025699956 0.00026000089 0.00021800042 0.0002179986 0.00021499909 0.00021599953 0.00021800042 0.00021800042 0.00021500091 0.00026099951 0.00026399903 0.00025699956 0.000258 0.00021800042 0.00022099994 0.00021499909 0.00022099994 0.00021600135 0.00021500091 0.00021800042 0.00022000131 0.00021600135 0.00021999949 0.00021599953 0.00021500091 0.00021599953 0.00026000089 0.00026100133 0.00025400004 0.00025999907 0.00022100176 0.0002179986 0.00021900087 0.00021600135 0.00021800042 0.0002179986 0.00022099994 0.00021500091 0.00021600135 0.00021499909 0.00021500091 0.00021800042 0.00021499909 0.000258 0.00026400085 0.0002179986 0.00021599953 0.00021800042 0.00022099994 0.00026000089 0.00025699956 0.00025700137 0.00022000131 0.000258 0.00022099994 0.00021900087 0.00021499909 0.00021599953 0.00026100133 0.00021499909 0.00021599953 0.00022000131 0.00021800042 0.00021800042 0.00021800042 0.00021499909 0.00021800042 0.00021800042 0.00021800042 0.00021899905 0.00026099951 0.00021500091 0.00026400085 0.00026099951 0.00022099994 0.00021500091 0.00021800042 0.00021800042 0.00026000089 0.00021800042 0.00021599953 0.00021500091 0.00026399903 0.00026100133 0.00021800042 0.00022099994 0.00021499909 0.00022099994 0.0002179986 0.00022099994 0.00021500091 0.00021800042 0.0002179986 0.00022099994 0.00021599953 0.00021499909 0.00021600135 0.00021800042 0.0002179986 0.00021599953 0.00021599953 0.00021499909 0.00021599953 0.00021499909 0.00021599953 0.00021599953 0.00021800042 0.00026099951 0.00026399903 0.00026099951 0.00021599953 0.00021800042 0.0002179986 0.00021599953 0.00021800042 
sleepT=66.373529 66.318815 66.380897 66.393324 66.32213 66.337671 66.364281 66.307783 66.366186 66.250273 66.312025 66.354091 66.393093 66.470893 66.334991 66.393281 66.391101 66.314048 66.391674 66.392873 66.275429 66.332689 66.385003 66.481868 66.359531 66.400354 66.41999 66.358434 66.402507 66.340657 66.329524 66.319589 66.334874 66.286296 66.378372 66.40307 66.402098 66.359695 66.348855 66.404487 66.301261 66.347094 66.349608 66.343234 66.313704 66.348938 66.489519 66.366189 66.401557 66.404797 66.351514 66.404544 66.342812 66.311456 66.332395 66.349968 66.460492 66.326664 66.400088 66.405143 66.385036 66.353283 66.347914 66.295288 66.370026 66.406184 66.34594 66.383414 66.40363 66.350053 66.298403 66.384348 66.39878 66.351256 66.354376 66.402597 66.350782 66.33342 66.404697 66.481016 66.362913 66.36592 66.399221 66.393161 66.35079 66.351927 66.334988 66.389521 66.406464 66.364436 66.37886 66.39469 66.396802 66.313043 66.348408 66.351559 66.293918 66.40185 66.405895 66.364178 66.384218 66.405334 66.486171 66.371221 66.404294 66.365451 66.350011 66.403286 66.396129 66.356935 66.326724 66.350804 66.460585 66.328489 66.40614 66.389053 66.353311 66.365145 66.401446 66.363386 66.381346 66.396296 66.348692 66.388953 66.402782 66.34888 66.377825 66.349825 66.33854 66.360085 66.401872 66.405356 66.301268 66.332589 66.340538 66.464812 66.363166 66.34935 66.392732 66.35097 66.406883 66.297531 66.295205 66.388667 66.395198 66.482311 66.380476 66.401461 66.404968 66.372099 66.404647 66.405372 66.348986 66.368744 66.273738 66.362812 66.33448 66.35064 66.489419 66.374374 66.396507 66.326539 66.281287 66.402973 66.405133 66.363113 66.339727 66.349424 66.481504 66.374982 66.404409 66.404978 66.348925 66.39402 66.404357 66.362366 66.386655 66.370108 66.489544 66.385788 66.405624 66.405577 66.348452 66.405386 66.404597 66.362492 66.389692 66.40483 66.325073 66.30006 66.401371 66.351376 66.315178 66.35341 66.390963 66.342878 66.353018 66.40097 66.330231 
