RUN=0
name=system
width=0
height=0
fps=5
realfps=5
reads=200
time=5
samples=2e+02
start_time=9285.61
end_time=10285.7
energy=57747000 57747000 57714000 57714000 57714000 57714000 57692000 57692000 57692000 57660000 57660000 57660000 57617000 57617000 57617000 57584000 57584000 57584000 57584000 57552000 57552000 57552000 57520000 57520000 57520000 57498000 57498000 57498000 57498000 57465000 57465000 57465000 57433000 57433000 57433000 57401000 57401000 57401000 57401000 57379000 57379000 57379000 57325000 57325000 57325000 57303000 57303000 57303000 57271000 57271000 57271000 57271000 57238000 57238000 57238000 57206000 57206000 57206000 57184000 57184000 57184000 57184000 57152000 57152000 57152000 57120000 57120000 57120000 57087000 57087000 57087000 57087000 57044000 57044000 57044000 57011000 57011000 57011000 56990000 56990000 56990000 56957000 56957000 56957000 56957000 56925000 56925000 56925000 56893000 56893000 56893000 56860000 56860000 56860000 56860000 56838000 56838000 56838000 56806000 56806000 56806000 56774000 56774000 56774000 56774000 56730000 56730000 56730000 56698000 56698000 56698000 56666000 56666000 56666000 56644000 56644000 56644000 56644000 56611000 56611000 56611000 56579000 56579000 56579000 56547000 56547000 56547000 56547000 56525000 56525000 56525000 56493000 56493000 56493000 56460000 56460000 56460000 56460000 56417000 56417000 56417000 56384000 56384000 56384000 56352000 56352000 56352000 56330000 56330000 56330000 56330000 56298000 56298000 56298000 56266000 56266000 56266000 56233000 56233000 56233000 56233000 56201000 56201000 56201000 56179000 56179000 56179000 56125000 56125000 56125000 56125000 56103000 56103000 56103000 56071000 56071000 56071000 56039000 56039000 56039000 56006000 56006000 56006000 56006000 55984000 55984000 55984000 55952000 55952000 55952000 55920000 55920000 55920000 55920000 55887000 55887000 55887000 55844000 55844000 55844000 
power=9329000 9329000 8323000 8323000 8323000 8323000 7966000 7966000 7966000 7556000 7556000 7556000 7361000 7361000 7361000 7361000 7361000 7361000 7361000 7339000 7339000 7339000 7437000 7437000 7437000 7383000 7383000 7383000 7383000 7458000 7458000 7458000 7415000 7415000 7415000 7361000 7361000 7361000 7361000 7361000 7361000 7361000 7339000 7339000 7339000 7339000 7339000 7339000 7339000 7339000 7339000 7339000 7339000 7339000 7339000 7339000 7339000 7339000 7339000 7339000 7339000 7339000 7339000 7339000 7339000 7339000 7339000 7339000 7339000 7339000 7339000 7339000 7339000 7339000 7339000 7339000 7339000 7339000 7339000 7339000 7339000 7339000 7339000 7339000 7339000 7339000 7339000 7339000 7339000 7339000 7339000 7339000 7339000 7339000 7339000 7339000 7339000 7339000 7339000 7339000 7339000 7339000 7339000 7339000 7339000 7339000 7339000 7339000 7339000 7339000 7339000 7339000 7339000 7339000 7339000 7339000 7339000 7339000 7339000 7339000 7339000 7339000 7339000 7339000 7339000 7339000 7339000 7339000 7339000 7339000 7339000 7339000 7339000 7339000 7339000 7339000 7339000 7339000 7339000 7339000 7339000 7339000 7339000 7339000 7339000 7339000 7339000 7339000 7339000 7339000 7339000 7339000 7339000 7339000 7339000 7339000 7339000 7339000 7339000 7339000 7339000 7339000 7339000 7339000 7339000 7339000 7339000 7339000 7339000 7339000 7339000 7339000 7339000 7339000 7339000 7339000 7339000 7339000 7339000 7339000 7339000 7339000 7339000 7339000 7437000 7437000 7437000 7491000 7491000 7491000 7415000 7415000 7415000 7415000 7491000 7491000 7491000 7415000 7415000 7415000 
voltage=10810000 10810000 10810000 10810000 10810000 10810000 10810000 10810000 10810000 10810000 10810000 10810000 10810000 10810000 10810000 10810000 10810000 10810000 10810000 10810000 10810000 10810000 10810000 10810000 10810000 10810000 10810000 10810000 10810000 10810000 10810000 10810000 10810000 10810000 10810000 10810000 10810000 10810000 10810000 10810000 10810000 10810000 10810000 10810000 10810000 10810000 10810000 10810000 10810000 10810000 10810000 10810000 10810000 10810000 10810000 10810000 10810000 10810000 10810000 10810000 10810000 10810000 10810000 10810000 10810000 10810000 10810000 10810000 10810000 10810000 10810000 10810000 10810000 10810000 10810000 10810000 10810000 10810000 10810000 10810000 10810000 10810000 10810000 10810000 10810000 10810000 10810000 10810000 10810000 10810000 10810000 10810000 10810000 10810000 10810000 10810000 10810000 10810000 10810000 10810000 10810000 10810000 10810000 10810000 10810000 10810000 10810000 10810000 10810000 10810000 10810000 10810000 10810000 10810000 10810000 10810000 10810000 10810000 10810000 10810000 10810000 10810000 10810000 10810000 10810000 10810000 10810000 10810000 10810000 10810000 10810000 10810000 10810000 10810000 10810000 10810000 10810000 10810000 10810000 10810000 10810000 10810000 10810000 10810000 10810000 10810000 10810000 10810000 10810000 10810000 10810000 10810000 10810000 10810000 10810000 10810000 10810000 10810000 10810000 10810000 10810000 10810000 10810000 10810000 10810000 10810000 10810000 10810000 10810000 10810000 10810000 10810000 10810000 10810000 10810000 10810000 10810000 10810000 10810000 10810000 10810000 10810000 10810000 10810000 10810000 10810000 10810000 10810000 10810000 10810000 10810000 10810000 10810000 10810000 10810000 10810000 10810000 10810000 10810000 10810000 
captureT=
sleepT=
