RUN=0
name=system_usb
width=0
height=0
fps=5
realfps=5
reads=200
time=5
samples=2e+02
start_time=12747.3
end_time=13747.4
energy=53552000 53552000 53520000 53520000 53520000 53487000 53487000 53487000 53466000 53466000 53466000 53423000 53423000 53423000 53423000 53390000 53390000 53390000 53358000 53358000 53358000 53325000 53325000 53325000 53325000 53293000 53293000 53293000 53250000 53250000 53250000 53217000 53217000 53217000 53196000 53196000 53196000 53196000 53163000 53163000 53163000 53120000 53120000 53120000 53087000 53087000 53087000 53087000 53055000 53055000 53055000 53023000 53023000 53023000 52979000 52979000 52979000 52958000 52958000 52958000 52958000 52925000 52925000 52925000 52893000 52893000 52893000 52850000 52850000 52850000 52850000 52817000 52817000 52817000 52785000 52785000 52785000 52752000 52752000 52752000 52709000 52709000 52709000 52709000 52687000 52687000 52687000 52655000 52655000 52655000 52623000 52623000 52623000 52623000 52579000 52579000 52579000 52547000 52547000 52547000 52514000 52514000 52514000 52493000 52493000 52493000 52493000 52439000 52439000 52439000 52417000 52417000 52417000 52385000 52385000 52385000 52385000 52352000 52352000 52352000 52309000 52309000 52309000 52277000 52277000 52277000 52244000 52244000 52244000 52244000 52223000 52223000 52223000 52169000 52169000 52169000 52147000 52147000 52147000 52147000 52115000 52115000 52115000 52082000 52082000 52082000 52039000 52039000 52039000 52039000 52006000 52006000 52006000 51974000 51974000 51974000 51952000 51952000 51952000 51898000 51898000 51898000 51898000 51877000 51877000 51877000 51844000 51844000 51844000 51812000 51812000 51812000 51812000 51769000 51769000 51769000 51736000 51736000 51736000 51704000 51704000 51704000 51682000 51682000 51682000 51682000 51628000 51628000 51628000 51606000 51606000 51606000 51574000 51574000 51574000 51574000 51542000 51542000 51542000 51498000 
power=8291000 8291000 8118000 8118000 8118000 7945000 7945000 7945000 7815000 7815000 7815000 7739000 7739000 7739000 7739000 7739000 7739000 7739000 7815000 7815000 7815000 7761000 7761000 7761000 7761000 7837000 7837000 7837000 7794000 7794000 7794000 7739000 7739000 7739000 7739000 7739000 7739000 7739000 7707000 7707000 7707000 7707000 7707000 7707000 7707000 7707000 7707000 7707000 7815000 7815000 7815000 7761000 7761000 7761000 7739000 7739000 7739000 7837000 7837000 7837000 7837000 7761000 7761000 7761000 7739000 7739000 7739000 7837000 7837000 7837000 7837000 7761000 7761000 7761000 7739000 7739000 7739000 7739000 7739000 7739000 7707000 7707000 7707000 7707000 7707000 7707000 7707000 7707000 7707000 7707000 7707000 7707000 7707000 7707000 7739000 7739000 7739000 7685000 7685000 7685000 7664000 7664000 7664000 7772000 7772000 7772000 7772000 7804000 7804000 7804000 7718000 7718000 7718000 7685000 7685000 7685000 7685000 7664000 7664000 7664000 7642000 7642000 7642000 7642000 7642000 7642000 7642000 7642000 7642000 7642000 7642000 7642000 7642000 7739000 7739000 7739000 7804000 7804000 7804000 7804000 7718000 7718000 7718000 7685000 7685000 7685000 7664000 7664000 7664000 7664000 7642000 7642000 7642000 7642000 7642000 7642000 7642000 7642000 7642000 7642000 7642000 7642000 7642000 7739000 7739000 7739000 7685000 7685000 7685000 7664000 7664000 7664000 7664000 7772000 7772000 7772000 7804000 7804000 7804000 7718000 7718000 7718000 7685000 7685000 7685000 7685000 7664000 7664000 7664000 7642000 7642000 7642000 7642000 7642000 7642000 7642000 7642000 7642000 7642000 7642000 
voltage=10810000 10810000 10810000 10810000 10810000 10810000 10810000 10810000 10810000 10810000 10810000 10810000 10810000 10810000 10810000 10810000 10810000 10810000 10810000 10810000 10810000 10810000 10810000 10810000 10810000 10810000 10810000 10810000 10810000 10810000 10810000 10810000 10810000 10810000 10810000 10810000 10810000 10810000 10810000 10810000 10810000 10810000 10810000 10810000 10810000 10810000 10810000 10810000 10810000 10810000 10810000 10810000 10810000 10810000 10810000 10810000 10810000 10810000 10810000 10810000 10810000 10810000 10810000 10810000 10810000 10810000 10810000 10810000 10810000 10810000 10810000 10810000 10810000 10810000 10810000 10810000 10810000 10810000 10810000 10810000 10810000 10810000 10810000 10810000 10810000 10810000 10810000 10810000 10810000 10810000 10810000 10810000 10810000 10810000 10810000 10810000 10810000 10810000 10810000 10810000 10810000 10810000 10810000 10810000 10810000 10810000 10810000 10810000 10810000 10810000 10810000 10810000 10810000 10810000 10810000 10810000 10810000 10810000 10810000 10810000 10810000 10810000 10810000 10810000 10810000 10810000 10810000 10810000 10810000 10810000 10810000 10810000 10810000 10810000 10810000 10810000 10810000 10810000 10810000 10810000 10810000 10810000 10810000 10810000 10810000 10810000 10810000 10810000 10810000 10810000 10810000 10810000 10810000 10810000 10810000 10810000 10810000 10810000 10810000 10810000 10810000 10810000 10810000 10810000 10810000 10810000 10810000 10810000 10810000 10810000 10810000 10810000 10810000 10810000 10810000 10810000 10810000 10810000 10810000 10810000 10810000 10810000 10810000 10810000 10810000 10810000 10810000 10810000 10810000 10810000 10810000 10810000 10810000 10810000 10810000 10810000 10810000 10810000 10810000 10810000 
captureT=
sleepT=
