RUN=0
name=cam1
width=640
height=480
fps=15
realfps=0
reads=199
time=5
samples=2e+02
start_time=5390.8
end_time=6390.91
energy=63995000 63995000 63951000 63951000 63951000 63908000 63908000 63908000 63908000 63865000 63865000 63865000 63822000 63822000 63822000 63768000 63768000 63768000 63768000 63724000 63724000 63724000 63681000 63681000 63681000 63638000 63638000 63638000 63595000 63595000 63595000 63595000 63551000 63551000 63551000 63497000 63497000 63497000 63454000 63454000 63454000 63454000 63411000 63411000 63411000 63368000 63368000 63368000 63324000 63324000 63324000 63324000 63281000 63281000 63281000 63227000 63227000 63227000 63184000 63184000 63184000 63141000 63141000 63141000 63141000 63097000 63097000 63097000 63054000 63054000 63054000 63011000 63011000 63011000 63011000 62957000 62957000 62957000 62914000 62914000 62914000 62870000 62870000 62870000 62870000 62827000 62827000 62827000 62784000 62784000 62784000 62741000 62741000 62741000 62698000 62698000 62698000 62698000 62643000 62643000 62643000 62600000 62600000 62600000 62557000 62557000 62557000 62557000 62514000 62514000 62514000 62470000 62470000 62470000 62427000 62427000 62427000 62373000 62373000 62373000 62373000 62330000 62330000 62330000 62287000 62287000 62287000 62243000 62243000 62243000 62243000 62200000 62200000 62200000 62157000 62157000 62157000 62103000 62103000 62103000 62060000 62060000 62060000 62060000 62016000 62016000 62016000 61973000 61973000 61973000 61930000 61930000 61930000 61930000 61887000 61887000 61887000 61833000 61833000 61833000 61789000 61789000 61789000 61789000 61746000 61746000 61746000 61703000 61703000 61703000 61660000 61660000 61660000 61617000 61617000 61617000 61617000 61573000 61573000 61573000 61519000 61519000 61519000 61476000 61476000 61476000 61476000 61433000 61433000 61433000 61389000 61389000 61389000 61346000 61346000 61346000 61346000 61303000 61303000 
power=10864000 10864000 10885000 10885000 10885000 10885000 10885000 10885000 10885000 10810000 10810000 10810000 10766000 10766000 10766000 10745000 10745000 10745000 10745000 10831000 10831000 10831000 10766000 10766000 10766000 10853000 10853000 10853000 10810000 10810000 10810000 10810000 10745000 10745000 10745000 10745000 10745000 10745000 10723000 10723000 10723000 10723000 10723000 10723000 10723000 10723000 10723000 10723000 10723000 10723000 10723000 10723000 10723000 10723000 10723000 10723000 10723000 10723000 10723000 10723000 10723000 10723000 10723000 10723000 10723000 10723000 10723000 10723000 10723000 10723000 10723000 10723000 10723000 10723000 10723000 10723000 10723000 10723000 10723000 10723000 10723000 10831000 10831000 10831000 10831000 10885000 10885000 10885000 10810000 10810000 10810000 10766000 10766000 10766000 10853000 10853000 10853000 10853000 10766000 10766000 10766000 10745000 10745000 10745000 10745000 10745000 10745000 10745000 10831000 10831000 10831000 10885000 10885000 10885000 10907000 10907000 10907000 10831000 10831000 10831000 10831000 10885000 10885000 10885000 10907000 10907000 10907000 10810000 10810000 10810000 10810000 10766000 10766000 10766000 10853000 10853000 10853000 10766000 10766000 10766000 10745000 10745000 10745000 10745000 10853000 10853000 10853000 10885000 10885000 10885000 10810000 10810000 10810000 10810000 10885000 10885000 10885000 10907000 10907000 10907000 10907000 10907000 10907000 10907000 10950000 10950000 10950000 10950000 10950000 10950000 10831000 10831000 10831000 10766000 10766000 10766000 10766000 10853000 10853000 10853000 10885000 10885000 10885000 10810000 10810000 10810000 10810000 10799000 10799000 10799000 10712000 10712000 10712000 10755000 10755000 10755000 10755000 10820000 10820000 
voltage=10810000 10810000 10810000 10810000 10810000 10810000 10810000 10810000 10810000 10810000 10810000 10810000 10810000 10810000 10810000 10810000 10810000 10810000 10810000 10810000 10810000 10810000 10810000 10810000 10810000 10810000 10810000 10810000 10810000 10810000 10810000 10810000 10810000 10810000 10810000 10810000 10810000 10810000 10810000 10810000 10810000 10810000 10810000 10810000 10810000 10810000 10810000 10810000 10810000 10810000 10810000 10810000 10810000 10810000 10810000 10810000 10810000 10810000 10810000 10810000 10810000 10810000 10810000 10810000 10810000 10810000 10810000 10810000 10810000 10810000 10810000 10810000 10810000 10810000 10810000 10810000 10810000 10810000 10810000 10810000 10810000 10810000 10810000 10810000 10810000 10810000 10810000 10810000 10810000 10810000 10810000 10810000 10810000 10810000 10810000 10810000 10810000 10810000 10810000 10810000 10810000 10810000 10810000 10810000 10810000 10810000 10810000 10810000 10810000 10810000 10810000 10810000 10810000 10810000 10810000 10810000 10810000 10810000 10810000 10810000 10810000 10810000 10810000 10810000 10810000 10810000 10810000 10810000 10810000 10810000 10810000 10810000 10810000 10810000 10810000 10810000 10810000 10810000 10810000 10810000 10810000 10810000 10810000 10810000 10810000 10810000 10810000 10810000 10810000 10810000 10810000 10810000 10810000 10810000 10810000 10810000 10810000 10810000 10810000 10810000 10810000 10810000 10810000 10810000 10810000 10810000 10810000 10810000 10810000 10810000 10810000 10810000 10810000 10810000 10810000 10810000 10810000 10810000 10810000 10810000 10810000 10810000 10810000 10810000 10810000 10810000 10810000 10810000 10810000 10810000 10810000 10810000 10810000 10810000 10810000 10810000 10810000 10810000 10810000 
captureT=0.00022299992 0.00022299992 0.00021799951 0.00022099994 0.00022299992 0.00021999949 0.00022299992 0.00027100032 0.00027100032 0.00026999987 0.00022800032 0.00023099983 0.00021999949 0.0002200004 0.00022099994 0.00022800032 0.00026999987 0.00027100032 0.00022999939 0.00026999987 0.00022999939 0.00023100074 0.00032699973 0.00023100074 0.00022099994 0.00021800042 0.00021999949 0.00022099994 0.00044799981 0.00026799989 0.00026999987 0.00027100032 0.0002300003 0.00019799973 0.00023099983 0.00022099994 0.00022099994 0.00022299992 0.00021799951 0.00027100032 0.00026999987 0.00027099941 0.00023099983 0.00026999987 0.00022799941 0.0002300003 0.00023099983 0.00021899996 0.00026999987 0.00022800032 0.00027100032 0.00023099983 0.00023099983 0.00027399983 0.00023099983 0.0002300003 0.00022099994 0.00021999949 0.00022099994 0.00022799941 0.00027100032 0.00026999987 0.00026999987 0.00023099983 0.00022799941 0.00022800032 0.00022800032 0.00022800032 0.00023099983 0.00022799941 0.00022999939 0.00022099994 0.00027100032 0.00022799941 0.0002300003 0.00023099983 0.00022799941 0.00022099994 0.0002200004 0.00021800042 0.00022099994 0.00022299992 0.00021999949 0.00021800042 0.00022299992 0.00027099941 0.00026799989 0.00022799941 0.00022800032 0.00026999987 0.00027100032 0.00026999987 0.00027100032 0.00023099983 0.00022600034 0.00023099983 0.00023099983 0.00022800032 0.00022800032 0.00023099983 0.00022799941 0.00022299992 0.00021800042 0.00022299992 0.00022099994 0.00021999949 0.00021800042 0.00022300082 0.00022800032 0.0002300003 0.00021799951 0.0002200004 0.00022299992 0.00022599943 0.00022299992 0.00022099994 0.00021800042 0.00021300002 0.00021999949 0.00022800032 0.00026999987 0.00026999987 0.00026999987 0.00026999987 0.00026700036 0.00022800032 0.00022800032 0.00021800042 0.0002200004 0.00022299992 0.0002200004 0.00022799941 0.00022800032 0.00023100074 0.00022800032 0.00021600044 0.0002200004 0.00021800042 0.00021800042 0.00021300002 0.00059499962 0.00022999939 0.00023099983 0.00023100074 0.00022999939 0.00027500027 0.00022099994 0.00027100032 0.00026999987 0.00027100032 0.00026999987 0.00022999939 0.00027000078 0.00027100032 0.00022299992 0.00022800032 0.00022800032 0.00023099983 0.00022800032 0.0002200004 0.00022100085 0.00023099983 0.00022099994 0.00022099994 0.0002200004 0.00022099994 0.00027000078 0.0002300003 0.0002200004 0.000215 0.00021999949 0.0002200004 0.00026999987 0.00022499989 0.00027100032 0.00022800032 0.00022800032 0.00022799941 0.00022799941 0.00022499989 0.00021800042 0.0002200004 0.00022099994 0.00026999987 0.00022799941 0.00023099983 0.0002300003 0.00022299992 0.00022099994 0.00022299992 0.00021999949 0.00021999949 0.00022800032 0.00022499989 0.00021999949 0.00021999949 0.00021799951 0.00027100032 0.00027099941 
sleepT=66.244501 66.384426 66.309787 66.345692 66.371299 66.422725 66.350572 66.339048 66.326336 66.2717 66.39455 66.381905 66.332534 66.368547 66.32903 66.489562 66.313498 66.340542 66.3957 66.29438 66.395254 66.405173 66.267032 66.382391 66.284279 66.319416 66.375254 66.33207 66.462877 66.289868 66.297241 66.338854 66.331885 66.393998 66.394118 66.305739 66.334942 66.394146 66.480236 66.31865 66.337387 66.340314 66.349266 66.339814 66.396075 66.298073 66.377168 66.394907 66.267907 66.367793 66.339001 66.395005 66.347729 66.327302 66.394729 66.317682 66.390346 66.395675 66.265095 66.37095 66.280515 66.467606 66.299897 66.392331 66.381216 66.33872 66.385362 66.382283 66.3131 66.375304 66.395918 66.490398 66.286232 66.390489 66.363695 66.344907 66.393471 66.394905 66.325584 66.373366 66.392561 66.30581 66.311068 66.337263 66.32806 66.288441 66.335526 66.394299 66.312018 66.339696 66.338343 66.258938 66.323853 66.395193 66.486792 66.36315 66.334757 66.390863 66.349722 66.392278 66.395584 66.313381 66.372459 66.395374 66.314168 66.368547 66.332742 66.395539 66.33458 66.392612 66.382773 66.255128 66.391645 66.395702 66.312777 66.377 66.388148 66.470895 66.353815 66.395364 66.276261 66.266634 66.337632 66.333357 66.254544 66.334915 66.39312 66.477749 66.353008 66.336398 66.394838 66.331649 66.340424 66.392912 66.312108 66.377038 66.389878 66.308424 66.362581 66.396133 66.472 66.336933 66.391173 66.395915 66.31963 66.333062 66.396073 66.260799 66.321234 66.340619 66.451911 66.359775 66.287302 66.336735 66.307514 66.364649 66.329333 66.307045 66.37289 66.393101 66.313444 66.367882 66.393905 66.395381 66.282853 66.394381 66.338397 66.313975 66.325983 66.391083 66.306234 66.369011 66.339005 66.476569 66.293574 66.394657 66.395291 66.288634 66.39267 66.39587 66.26005 66.315103 66.394053 66.449631 66.353459 66.395406 66.392625 66.328048 66.390704 66.395765 66.304963 66.37689 66.306134 66.30794 66.367863 66.389206 66.395421 66.288689 66.338837 
