RUN=0
name=system_usb
width=0
height=0
fps=5
realfps=5
reads=200
time=5
samples=2e+02
start_time=1232.76
end_time=2232.85
energy=75670000 75670000 75670000 75670000 75648000 75648000 75648000 75615000 75615000 75615000 75583000 75583000 75583000 75551000 75551000 75551000 75551000 75529000 75529000 75529000 75497000 75497000 75497000 75464000 75464000 75464000 75464000 75432000 75432000 75432000 75388000 75388000 75388000 75356000 75356000 75356000 75356000 75324000 75324000 75324000 75302000 75302000 75302000 75270000 75270000 75270000 75237000 75237000 75237000 75237000 75205000 75205000 75205000 75183000 75183000 75183000 75151000 75151000 75151000 75151000 75118000 75118000 75118000 75075000 75075000 75075000 75043000 75043000 75043000 75010000 75010000 75010000 75010000 74988000 74988000 74988000 74956000 74956000 74956000 74924000 74924000 74924000 74924000 74891000 74891000 74891000 74870000 74870000 74870000 74816000 74816000 74816000 74816000 74794000 74794000 74794000 74761000 74761000 74761000 74729000 74729000 74729000 74697000 74697000 74697000 74697000 74664000 74664000 74664000 74643000 74643000 74643000 74610000 74610000 74610000 74610000 74578000 74578000 74578000 74534000 74534000 74534000 74502000 74502000 74502000 74502000 74470000 74470000 74470000 74448000 74448000 74448000 74416000 74416000 74416000 74383000 74383000 74383000 74383000 74351000 74351000 74351000 74329000 74329000 74329000 74297000 74297000 74297000 74297000 74253000 74253000 74253000 74221000 74221000 74221000 74189000 74189000 74189000 74189000 74156000 74156000 74156000 74134000 74134000 74134000 74102000 74102000 74102000 74070000 74070000 74070000 74070000 74037000 74037000 74037000 74005000 74005000 74005000 73962000 73962000 73962000 73962000 73940000 73940000 73940000 73907000 73907000 73907000 73875000 73875000 73875000 73875000 73843000 73843000 73843000 73810000 73810000 73810000 73789000 73789000 
power=7956000 7956000 7956000 7956000 7837000 7837000 7837000 7815000 7815000 7815000 7783000 7783000 7783000 7783000 7783000 7783000 7783000 7783000 7783000 7783000 7783000 7783000 7783000 7783000 7783000 7783000 7783000 7783000 7783000 7783000 7783000 7783000 7783000 7783000 7783000 7783000 7783000 7783000 7783000 7783000 7783000 7783000 7783000 7783000 7783000 7783000 7783000 7783000 7783000 7783000 7783000 7783000 7783000 7783000 7783000 7783000 7783000 7783000 7783000 7783000 7783000 7783000 7783000 7783000 7783000 7783000 7783000 7783000 7783000 7783000 7783000 7783000 7783000 7783000 7783000 7783000 7783000 7783000 7783000 7783000 7783000 7783000 7783000 7783000 7783000 7783000 7783000 7783000 7783000 7783000 7783000 7783000 7783000 7783000 7783000 7783000 7783000 7783000 7783000 7783000 7783000 7783000 7783000 7783000 7783000 7783000 7783000 7783000 7783000 7783000 7783000 7783000 7891000 7891000 7891000 7891000 7956000 7956000 7956000 7869000 7869000 7869000 7956000 7956000 7956000 7956000 7869000 7869000 7869000 7815000 7815000 7815000 7815000 7815000 7815000 7783000 7783000 7783000 7783000 7783000 7783000 7783000 7783000 7783000 7783000 7783000 7783000 7783000 7783000 7891000 7891000 7891000 7837000 7837000 7837000 7815000 7815000 7815000 7815000 7923000 7923000 7923000 7837000 7837000 7837000 7815000 7815000 7815000 7815000 7815000 7815000 7815000 7783000 7783000 7783000 7783000 7783000 7783000 7783000 7783000 7783000 7783000 7783000 7783000 7783000 7783000 7783000 7783000 7783000 7783000 7783000 7783000 7783000 7783000 7783000 7783000 7783000 7783000 7783000 7783000 
voltage=10810000 10810000 10810000 10810000 10810000 10810000 10810000 10810000 10810000 10810000 10810000 10810000 10810000 10810000 10810000 10810000 10810000 10810000 10810000 10810000 10810000 10810000 10810000 10810000 10810000 10810000 10810000 10810000 10810000 10810000 10810000 10810000 10810000 10810000 10810000 10810000 10810000 10810000 10810000 10810000 10810000 10810000 10810000 10810000 10810000 10810000 10810000 10810000 10810000 10810000 10810000 10810000 10810000 10810000 10810000 10810000 10810000 10810000 10810000 10810000 10810000 10810000 10810000 10810000 10810000 10810000 10810000 10810000 10810000 10810000 10810000 10810000 10810000 10810000 10810000 10810000 10810000 10810000 10810000 10810000 10810000 10810000 10810000 10810000 10810000 10810000 10810000 10810000 10810000 10810000 10810000 10810000 10810000 10810000 10810000 10810000 10810000 10810000 10810000 10810000 10810000 10810000 10810000 10810000 10810000 10810000 10810000 10810000 10810000 10810000 10810000 10810000 10810000 10810000 10810000 10810000 10810000 10810000 10810000 10810000 10810000 10810000 10810000 10810000 10810000 10810000 10810000 10810000 10810000 10810000 10810000 10810000 10810000 10810000 10810000 10810000 10810000 10810000 10810000 10810000 10810000 10810000 10810000 10810000 10810000 10810000 10810000 10810000 10810000 10810000 10810000 10810000 10810000 10810000 10810000 10810000 10810000 10810000 10810000 10810000 10810000 10810000 10810000 10810000 10810000 10810000 10810000 10810000 10810000 10810000 10810000 10810000 10810000 10810000 10810000 10810000 10810000 10810000 10810000 10810000 10810000 10810000 10810000 10810000 10810000 10810000 10810000 10810000 10810000 10810000 10810000 10810000 10810000 10810000 10810000 10810000 10810000 10810000 10810000 10810000 
captureT=
sleepT=
