RUN=0
name=system
width=0
height=0
fps=5
realfps=5
reads=200
time=5
samples=2e+02
start_time=181.517
end_time=1181.61
energy=77615000 77615000 77615000 77615000 77615000 77615000 77615000 77615000 77615000 77615000 77615000 77615000 77615000 77615000 77615000 77615000 77615000 77615000 77615000 77615000 77615000 77615000 77615000 77615000 77615000 77615000 77615000 77615000 77615000 77615000 77615000 77615000 77615000 77615000 77615000 77615000 77615000 77615000 77615000 77615000 77615000 77615000 77615000 77615000 77615000 77615000 77615000 77615000 77615000 77615000 77615000 77615000 77615000 77615000 77615000 77615000 77615000 77615000 77615000 77615000 77615000 77615000 77615000 77615000 77615000 77615000 77615000 77615000 77615000 77615000 77615000 77615000 77615000 77615000 77615000 77615000 77615000 77615000 77615000 77615000 77615000 77615000 77615000 77615000 76848000 76815000 76815000 76815000 76783000 76783000 76783000 76783000 76751000 76751000 76751000 76718000 76718000 76718000 76696000 76696000 76696000 76696000 76664000 76664000 76664000 76632000 76632000 76632000 76599000 76599000 76599000 76578000 76578000 76578000 76578000 76545000 76545000 76545000 76513000 76513000 76513000 76480000 76480000 76480000 76480000 76448000 76448000 76448000 76426000 76426000 76426000 76394000 76394000 76394000 76394000 76361000 76361000 76361000 76329000 76329000 76329000 76307000 76307000 76307000 76286000 76286000 76286000 76286000 76253000 76253000 76253000 76232000 76232000 76232000 76199000 76199000 76199000 76199000 76167000 76167000 76167000 76134000 76134000 76134000 76113000 76113000 76113000 76113000 76080000 76080000 76080000 76048000 76048000 76048000 76015000 76015000 76015000 75994000 75994000 75994000 75994000 75961000 75961000 75961000 75929000 75929000 75929000 75897000 75897000 75897000 75897000 75864000 75864000 75864000 75842000 75842000 75842000 75810000 75810000 75810000 
power=9112000 9112000 7372000 7372000 7372000 7372000 7372000 7372000 7372000 7372000 7372000 7372000 7372000 7372000 7372000 7372000 7372000 7372000 7372000 7372000 7372000 7372000 7372000 7372000 7372000 7372000 7372000 7372000 7372000 7372000 7372000 7372000 7372000 7372000 7372000 7372000 7372000 7372000 7372000 7372000 7372000 7372000 7372000 7372000 7372000 7372000 7372000 7372000 7372000 7372000 7372000 7372000 7372000 7372000 7372000 7372000 7372000 7372000 7372000 7372000 7372000 7372000 7372000 7372000 7372000 7372000 7372000 7372000 7372000 7372000 7372000 7372000 7372000 7372000 7372000 7372000 7372000 7372000 7372000 7372000 7372000 7372000 7372000 7372000 7372000 7372000 7372000 7372000 7372000 7372000 7372000 7372000 7372000 7372000 7372000 7372000 7372000 7372000 7372000 7372000 7372000 7372000 7372000 7372000 7372000 7372000 7372000 7372000 7372000 7372000 7372000 7372000 7372000 7372000 7372000 7372000 7372000 7372000 7372000 7372000 7372000 7372000 7372000 7372000 7372000 7372000 7372000 7372000 7372000 7372000 7372000 7372000 7372000 7372000 7372000 7372000 7372000 7372000 7372000 7372000 7372000 7372000 7372000 7372000 7372000 7372000 7372000 7372000 7318000 7318000 7318000 7318000 7318000 7318000 7318000 7318000 7318000 7318000 7318000 7318000 7318000 7199000 7199000 7199000 7253000 7253000 7253000 7253000 7275000 7275000 7275000 7275000 7275000 7275000 7318000 7318000 7318000 7318000 7318000 7318000 7318000 7318000 7318000 7318000 7318000 7318000 7318000 7318000 7318000 7318000 7318000 7318000 7318000 7318000 7318000 7318000 7318000 7318000 7318000 7318000 
voltage=10810000 10810000 10810000 10810000 10810000 10810000 10810000 10810000 10810000 10810000 10810000 10810000 10810000 10810000 10810000 10810000 10810000 10810000 10810000 10810000 10810000 10810000 10810000 10810000 10810000 10810000 10810000 10810000 10810000 10810000 10810000 10810000 10810000 10810000 10810000 10810000 10810000 10810000 10810000 10810000 10810000 10810000 10810000 10810000 10810000 10810000 10810000 10810000 10810000 10810000 10810000 10810000 10810000 10810000 10810000 10810000 10810000 10810000 10810000 10810000 10810000 10810000 10810000 10810000 10810000 10810000 10810000 10810000 10810000 10810000 10810000 10810000 10810000 10810000 10810000 10810000 10810000 10810000 10810000 10810000 10810000 10810000 10810000 10810000 10810000 10810000 10810000 10810000 10810000 10810000 10810000 10810000 10810000 10810000 10810000 10810000 10810000 10810000 10810000 10810000 10810000 10810000 10810000 10810000 10810000 10810000 10810000 10810000 10810000 10810000 10810000 10810000 10810000 10810000 10810000 10810000 10810000 10810000 10810000 10810000 10810000 10810000 10810000 10810000 10810000 10810000 10810000 10810000 10810000 10810000 10810000 10810000 10810000 10810000 10810000 10810000 10810000 10810000 10810000 10810000 10810000 10810000 10810000 10810000 10810000 10810000 10810000 10810000 10810000 10810000 10810000 10810000 10810000 10810000 10810000 10810000 10810000 10810000 10810000 10810000 10810000 10810000 10810000 10810000 10810000 10810000 10810000 10810000 10810000 10810000 10810000 10810000 10810000 10810000 10810000 10810000 10810000 10810000 10810000 10810000 10810000 10810000 10810000 10810000 10810000 10810000 10810000 10810000 10810000 10810000 10810000 10810000 10810000 10810000 10810000 10810000 10810000 10810000 10810000 10810000 
captureT=
sleepT=
