RUN=0
name=cam1
width=640
height=480
fps=25
realfps=0
reads=199
time=5
samples=2e+02
start_time=19062.5
end_time=20062.6
energy=35694000 35640000 35640000 35640000 35597000 35597000 35597000 35597000 35554000 35554000 35554000 35500000 35500000 35500000 35456000 35456000 35456000 35402000 35402000 35402000 35402000 35359000 35359000 35359000 35305000 35305000 35305000 35262000 35262000 35262000 35262000 35208000 35208000 35208000 35164000 35164000 35164000 35110000 35110000 35110000 35067000 35067000 35067000 35067000 35024000 35024000 35024000 34970000 34970000 34970000 34916000 34916000 34916000 34916000 34873000 34873000 34873000 34829000 34829000 34829000 34786000 34786000 34786000 34721000 34721000 34721000 34721000 34678000 34678000 34678000 34635000 34635000 34635000 34592000 34592000 34592000 34592000 34548000 34548000 34548000 34483000 34483000 34483000 34440000 34440000 34440000 34440000 34397000 34397000 34397000 34354000 34354000 34354000 34289000 34289000 34289000 34246000 34246000 34246000 34246000 34202000 34202000 34202000 34159000 34159000 34159000 34105000 34105000 34105000 34105000 34051000 34051000 34051000 34008000 34008000 34008000 33965000 33965000 33965000 33910000 33910000 33910000 33910000 33867000 33867000 33867000 33813000 33813000 33813000 33770000 33770000 33770000 33770000 33716000 33716000 33716000 33673000 33673000 33673000 33619000 33619000 33619000 33575000 33575000 33575000 33575000 33521000 33521000 33521000 33478000 33478000 33478000 33424000 33424000 33424000 33424000 33381000 33381000 33381000 33327000 33327000 33327000 33283000 33283000 33283000 33240000 33240000 33240000 33240000 33186000 33186000 33186000 33132000 33132000 33132000 33089000 33089000 33089000 33089000 33046000 33046000 33046000 32981000 32981000 32981000 32938000 32938000 32938000 32894000 32894000 32894000 32894000 32851000 32851000 32851000 32808000 32808000 32808000 32743000 
power=10842000 10626000 10626000 10626000 10582000 10582000 10582000 10582000 10604000 10604000 10604000 10604000 10604000 10604000 10637000 10637000 10637000 10637000 10637000 10637000 10637000 10637000 10637000 10637000 10637000 10637000 10637000 10637000 10637000 10637000 10637000 10637000 10637000 10637000 10637000 10637000 10637000 10637000 10637000 10637000 10637000 10637000 10637000 10637000 10637000 10637000 10637000 10637000 10637000 10637000 10637000 10637000 10637000 10637000 10637000 10637000 10637000 10637000 10637000 10637000 10637000 10637000 10637000 10637000 10637000 10637000 10637000 10637000 10637000 10637000 10637000 10637000 10637000 10637000 10637000 10637000 10637000 10637000 10637000 10637000 10637000 10637000 10637000 10637000 10637000 10637000 10637000 10637000 10637000 10637000 10637000 10637000 10637000 10637000 10637000 10637000 10637000 10637000 10637000 10637000 10637000 10637000 10637000 10637000 10637000 10637000 10637000 10637000 10637000 10637000 10539000 10539000 10539000 10539000 10539000 10539000 10539000 10539000 10539000 10539000 10539000 10539000 10539000 10539000 10539000 10539000 10539000 10539000 10539000 10539000 10539000 10539000 10539000 10539000 10539000 10539000 10539000 10539000 10539000 10539000 10539000 10539000 10539000 10539000 10539000 10539000 10539000 10539000 10539000 10637000 10637000 10637000 10582000 10582000 10582000 10582000 10561000 10561000 10561000 10561000 10561000 10561000 10539000 10539000 10539000 10539000 10539000 10539000 10539000 10539000 10539000 10539000 10539000 10539000 10539000 10539000 10539000 10539000 10539000 10539000 10539000 10539000 10539000 10539000 10539000 10539000 10539000 10539000 10539000 10539000 10539000 10539000 10539000 10539000 10539000 10539000 10539000 10539000 10539000 
voltage=10810000 10810000 10810000 10810000 10810000 10810000 10810000 10810000 10810000 10810000 10810000 10810000 10810000 10810000 10810000 10810000 10810000 10810000 10810000 10810000 10810000 10810000 10810000 10810000 10810000 10810000 10810000 10810000 10810000 10810000 10810000 10810000 10810000 10810000 10810000 10810000 10810000 10810000 10810000 10810000 10810000 10810000 10810000 10810000 10810000 10810000 10810000 10810000 10810000 10810000 10810000 10810000 10810000 10810000 10810000 10810000 10810000 10810000 10810000 10810000 10810000 10810000 10810000 10810000 10810000 10810000 10810000 10810000 10810000 10810000 10810000 10810000 10810000 10810000 10810000 10810000 10810000 10810000 10810000 10810000 10810000 10810000 10810000 10810000 10810000 10810000 10810000 10810000 10810000 10810000 10810000 10810000 10810000 10810000 10810000 10810000 10810000 10810000 10810000 10810000 10810000 10810000 10810000 10810000 10810000 10810000 10810000 10810000 10810000 10810000 10810000 10810000 10810000 10810000 10810000 10810000 10810000 10810000 10810000 10810000 10810000 10810000 10810000 10810000 10810000 10810000 10810000 10810000 10810000 10810000 10810000 10810000 10810000 10810000 10810000 10810000 10810000 10810000 10810000 10810000 10810000 10810000 10810000 10810000 10810000 10810000 10810000 10810000 10810000 10810000 10810000 10810000 10810000 10810000 10810000 10810000 10810000 10810000 10810000 10810000 10810000 10810000 10810000 10810000 10810000 10810000 10810000 10810000 10810000 10810000 10810000 10810000 10810000 10810000 10810000 10810000 10810000 10810000 10810000 10810000 10810000 10810000 10810000 10810000 10810000 10810000 10810000 10810000 10810000 10810000 10810000 10810000 10810000 10810000 10810000 10810000 10810000 10810000 10810000 
captureT=0.00025699774 0.00021599772 0.00025999907 0.00021600135 0.00022299719 0.00021500091 0.00022300082 0.00025700137 0.00022099994 0.00025999907 0.0002179986 0.00026000271 0.00021600135 0.00021600135 0.00025700137 0.00021500091 0.00025999907 0.0002179986 0.00021599772 0.00021599772 0.00025699774 0.00021800224 0.00025999907 0.00021500091 0.00026099951 0.00021500091 0.00021600135 0.00021599772 0.00021600135 0.00021600135 0.00021600135 0.00021899905 0.00021599772 0.00021600135 0.0002179986 0.00021500091 0.00026399721 0.00021800224 0.00021500091 0.0002179986 0.0002179986 0.00021500091 0.00021500091 0.00021600135 0.00026099951 0.00021499727 0.00021599772 0.00021500091 0.00021500091 0.00021500091 0.00021600135 0.00021500091 0.00021500091 0.00025400004 0.00021499727 0.00021499727 0.00026099951 0.00021600135 0.00021500091 0.00021800224 0.00021600135 0.00021500091 0.00021500091 0.00021500091 0.00021600135 0.00022300082 0.00025799818 0.00021600135 0.0002179986 0.00026099951 0.00021600135 0.00025999907 0.00021500091 0.00025700137 0.00021500091 0.00026000271 0.00021500091 0.0002179986 0.00021500091 0.00025400004 0.00021499727 0.00021599772 0.00021599772 0.00021500091 0.00021500091 0.00021499727 0.0002179986 0.00026099951 0.00021500091 0.00026100315 0.00021500091 0.00026099951 0.00021599772 0.00026099951 0.00021500091 0.00025400004 0.00021599772 0.00021499727 0.00021600135 0.00021499727 0.00021599772 0.00021800224 0.00026099951 0.00021599772 0.00026099951 0.00021500091 0.00026099951 0.00021500091 0.00022300082 0.00021500091 0.00021599772 0.00025999907 0.00021599772 0.00026000271 0.0002179986 0.00021500091 0.00026099951 0.00021500091 0.00021600135 0.00021499727 0.00026099951 0.00021800224 0.00021599772 0.00026100315 0.00021599772 0.00026099951 0.00021800224 0.00021500091 0.00026099951 0.00022599852 0.00021500091 0.00021600135 0.00021500091 0.00021499727 0.00022300082 0.00021599772 0.00021600135 0.00021500091 0.00021599772 0.00021599772 0.00026100315 0.00021500091 0.00021499727 0.00026099951 0.00021600135 0.00021500091 0.00021600135 0.00021500091 0.00021499727 0.00021600135 0.00026099951 0.00021599772 0.00026100315 0.00021800224 0.00025699774 0.00021599772 0.00022099994 0.0002179986 0.00026099951 0.00021499727 0.00021600135 0.00021800224 0.00021499727 0.00021499727 0.00026099951 0.00026100315 0.00025700137 0.00021600135 0.00026099951 0.00021500091 0.00026099951 0.00021600135 0.00025799818 0.00021500091 0.00021600135 0.00021599772 0.00025699774 0.00021499727 0.00025999907 0.00021800224 0.00026100315 0.00026100315 0.00021500091 0.00025999907 0.00021600135 0.00026099951 0.00021500091 0.00021599772 0.00026000271 0.00021500091 0.00021800224 0.0002179986 0.00026100315 0.00026099951 0.00021599772 0.00026099951 0.00021500091 0.00026099951 0.00021500091 
sleepT=39.544829 39.662654 39.668953 39.725706 39.741764 39.728028 39.699552 39.644695 39.752731 39.681614 39.73596 39.684505 39.730727 39.69424 39.679907 39.725138 39.670941 39.725195 39.694501 39.683601 39.677156 39.734664 39.683145 39.737857 39.681547 39.695935 39.735057 39.729168 39.730907 39.698391 39.688115 39.68703 39.727544 39.737401 39.736423 39.740667 39.684445 39.700634 39.735542 39.74088 39.727501 39.738564 39.697516 39.687739 39.681831 39.737682 39.736323 39.740454 39.726241 39.69681 39.737601 39.677695 39.737474 39.673487 39.695725 39.690484 39.683165 39.736927 39.737767 39.740281 39.740263 39.71014 39.738284 39.738672 39.727438 39.725161 39.645427 39.702667 39.73786 39.684304 39.725265 39.67588 39.731551 39.642479 39.729712 39.684752 39.728529 39.730027 39.686662 39.646676 39.73875 39.736729 39.729757 39.71964 39.731003 39.699076 39.729328 39.685981 39.738376 39.686249 39.692035 39.648224 39.73801 39.684722 39.736659 39.685811 39.739892 39.687917 39.735068 39.736539 39.739496 39.737376 39.642259 39.684877 39.685246 39.735935 39.684398 39.73585 39.739088 39.706078 39.739829 39.692702 39.740749 39.685441 39.69901 39.702429 39.684193 39.737111 39.728335 39.729722 39.676571 39.69892 39.738042 39.683632 39.740275 39.673868 39.696795 39.703541 39.649396 39.72115 39.737306 39.735398 39.731261 39.700988 39.739903 39.728799 39.731082 39.729807 39.689596 39.700092 39.67496 39.719053 39.669073 39.671916 39.730807 39.696838 39.665905 39.728622 39.730501 39.699173 39.631458 39.692318 39.673343 39.712882 39.674861 39.727514 39.730759 39.693291 39.676287 39.728835 39.73187 39.730667 39.676524 39.635078 39.67757 39.662255 39.668107 39.730268 39.675572 39.696216 39.675385 39.726734 39.675499 39.730522 39.687644 39.696659 39.676799 39.69981 39.661391 39.697479 39.675094 39.639412 39.702685 39.672692 39.695323 39.673691 39.68582 39.691444 39.675616 39.727898 39.731516 39.723127 39.675619 39.643328 39.727085 39.674008 39.730887 39.674235 39.687176 
