RUN=0
name=system
width=0
height=0
fps=5
realfps=5
reads=200
time=5
samples=2e+02
start_time=131.474
end_time=1131.58
energy=76599000 76599000 76599000 76599000 76578000 76578000 76578000 76545000 76545000 76545000 76513000 76513000 76513000 76513000 76480000 76480000 76480000 76448000 76448000 76448000 76426000 76426000 76426000 76426000 76394000 76394000 76394000 76361000 76361000 76361000 76329000 76329000 76329000 76329000 76307000 76307000 76307000 76275000 76275000 76275000 76242000 76242000 76242000 76242000 76210000 76210000 76210000 76188000 76188000 76188000 76156000 76156000 76156000 76124000 76124000 76124000 76124000 76091000 76091000 76091000 76059000 76059000 76059000 76037000 76037000 76037000 76037000 76005000 76005000 76005000 75972000 75972000 75972000 75940000 75940000 75940000 75940000 75918000 75918000 75918000 75886000 75886000 75886000 75853000 75853000 75853000 75853000 75821000 75821000 75821000 75788000 75788000 75788000 75767000 75767000 75767000 75767000 75734000 75734000 75734000 75702000 75702000 75702000 75670000 75670000 75670000 75648000 75648000 75648000 75648000 75615000 75615000 75615000 75583000 75583000 75583000 75551000 75551000 75551000 75551000 75529000 75529000 75529000 75497000 75497000 75497000 75464000 75464000 75464000 75464000 75432000 75432000 75432000 75399000 75399000 75399000 75378000 75378000 75378000 75345000 75345000 75345000 75345000 75313000 75313000 75313000 75280000 75280000 75280000 75259000 75259000 75259000 75259000 75226000 75226000 75226000 75194000 75194000 75194000 75161000 75161000 75161000 75161000 75129000 75129000 75129000 75107000 75107000 75107000 75075000 75075000 75075000 75043000 75043000 75043000 75043000 75010000 75010000 75010000 74988000 74988000 74988000 74956000 74956000 74956000 74956000 74924000 74924000 74924000 74891000 74891000 74891000 74870000 74870000 74870000 74870000 74837000 74837000 74837000 74805000 
power=9210000 9210000 9210000 9210000 8042000 8042000 8042000 7480000 7480000 7480000 7545000 7545000 7545000 7545000 7458000 7458000 7458000 7512000 7512000 7512000 7567000 7567000 7567000 7567000 7458000 7458000 7458000 7426000 7426000 7426000 7404000 7404000 7404000 7404000 7372000 7372000 7372000 7480000 7480000 7480000 7426000 7426000 7426000 7426000 7404000 7404000 7404000 7404000 7404000 7404000 7372000 7372000 7372000 7372000 7372000 7372000 7372000 7480000 7480000 7480000 7426000 7426000 7426000 7404000 7404000 7404000 7404000 7404000 7404000 7404000 7318000 7318000 7318000 7426000 7426000 7426000 7426000 7480000 7480000 7480000 7404000 7404000 7404000 7480000 7480000 7480000 7480000 7404000 7404000 7404000 7339000 7339000 7339000 7339000 7339000 7339000 7339000 7545000 7545000 7545000 7426000 7426000 7426000 7480000 7480000 7480000 7545000 7545000 7545000 7545000 7404000 7404000 7404000 7361000 7361000 7361000 7448000 7448000 7448000 7448000 7361000 7361000 7361000 7339000 7339000 7339000 7448000 7448000 7448000 7448000 7361000 7361000 7361000 7448000 7448000 7448000 7404000 7404000 7404000 7339000 7339000 7339000 7339000 7339000 7339000 7339000 7318000 7318000 7318000 7318000 7318000 7318000 7318000 7318000 7318000 7318000 7318000 7318000 7318000 7318000 7318000 7318000 7318000 7318000 7318000 7318000 7318000 7318000 7318000 7426000 7426000 7426000 7480000 7480000 7480000 7480000 7404000 7404000 7404000 7361000 7361000 7361000 7448000 7448000 7448000 7448000 7361000 7361000 7361000 7448000 7448000 7448000 7512000 7512000 7512000 7512000 7404000 7404000 7404000 7480000 
voltage=10810000 10810000 10810000 10810000 10810000 10810000 10810000 10810000 10810000 10810000 10810000 10810000 10810000 10810000 10810000 10810000 10810000 10810000 10810000 10810000 10810000 10810000 10810000 10810000 10810000 10810000 10810000 10810000 10810000 10810000 10810000 10810000 10810000 10810000 10810000 10810000 10810000 10810000 10810000 10810000 10810000 10810000 10810000 10810000 10810000 10810000 10810000 10810000 10810000 10810000 10810000 10810000 10810000 10810000 10810000 10810000 10810000 10810000 10810000 10810000 10810000 10810000 10810000 10810000 10810000 10810000 10810000 10810000 10810000 10810000 10810000 10810000 10810000 10810000 10810000 10810000 10810000 10810000 10810000 10810000 10810000 10810000 10810000 10810000 10810000 10810000 10810000 10810000 10810000 10810000 10810000 10810000 10810000 10810000 10810000 10810000 10810000 10810000 10810000 10810000 10810000 10810000 10810000 10810000 10810000 10810000 10810000 10810000 10810000 10810000 10810000 10810000 10810000 10810000 10810000 10810000 10810000 10810000 10810000 10810000 10810000 10810000 10810000 10810000 10810000 10810000 10810000 10810000 10810000 10810000 10810000 10810000 10810000 10810000 10810000 10810000 10810000 10810000 10810000 10810000 10810000 10810000 10810000 10810000 10810000 10810000 10810000 10810000 10810000 10810000 10810000 10810000 10810000 10810000 10810000 10810000 10810000 10810000 10810000 10810000 10810000 10810000 10810000 10810000 10810000 10810000 10810000 10810000 10810000 10810000 10810000 10810000 10810000 10810000 10810000 10810000 10810000 10810000 10810000 10810000 10810000 10810000 10810000 10810000 10810000 10810000 10810000 10810000 10810000 10810000 10810000 10810000 10810000 10810000 10810000 10810000 10810000 10810000 10810000 10810000 
captureT=
sleepT=
