RUN=0
name=cam1
width=640
height=480
fps=5
realfps=0
reads=199
time=5
samples=2e+02
start_time=3337.43
end_time=4337.8
energy=70827000 70827000 70827000 70783000 70783000 70783000 70740000 70740000 70740000 70697000 70697000 70697000 70697000 70654000 70654000 70654000 70610000 70610000 70610000 70567000 70567000 70567000 70513000 70513000 70513000 70513000 70470000 70470000 70470000 70427000 70427000 70427000 70383000 70383000 70383000 70383000 70340000 70340000 70340000 70308000 70308000 70308000 70265000 70265000 70265000 70265000 70221000 70221000 70221000 70167000 70167000 70167000 70124000 70124000 70124000 70124000 70081000 70081000 70081000 70037000 70037000 70037000 69994000 69994000 69994000 69994000 69951000 69951000 69951000 69908000 69908000 69908000 69854000 69854000 69854000 69854000 69810000 69810000 69810000 69767000 69767000 69767000 69735000 69735000 69735000 69692000 69692000 69692000 69692000 69648000 69648000 69648000 69605000 69605000 69605000 69562000 69562000 69562000 69562000 69508000 69508000 69508000 69465000 69465000 69465000 69421000 69421000 69421000 69421000 69378000 69378000 69378000 69335000 69335000 69335000 69292000 69292000 69292000 69292000 69248000 69248000 69248000 69216000 69216000 69216000 69173000 69173000 69173000 69173000 69119000 69119000 69119000 69075000 69075000 69075000 69032000 69032000 69032000 69032000 68989000 68989000 68989000 68946000 68946000 68946000 68902000 68902000 68902000 68848000 68848000 68848000 68848000 68805000 68805000 68805000 68762000 68762000 68762000 68719000 68719000 68719000 68719000 68675000 68675000 68675000 68643000 68643000 68643000 68600000 68600000 68600000 68600000 68557000 68557000 68557000 68513000 68513000 68513000 68459000 68459000 68459000 68459000 68416000 68416000 68416000 68373000 68373000 68373000 68330000 68330000 68330000 68330000 68286000 68286000 68286000 68243000 68243000 68243000 68189000 
power=10712000 10712000 10712000 10669000 10669000 10669000 10669000 10669000 10669000 10669000 10669000 10669000 10669000 10669000 10669000 10669000 10669000 10669000 10669000 10669000 10669000 10669000 10669000 10669000 10669000 10669000 10669000 10669000 10669000 10669000 10669000 10669000 10788000 10788000 10788000 10788000 10842000 10842000 10842000 10755000 10755000 10755000 10842000 10842000 10842000 10842000 10755000 10755000 10755000 10691000 10691000 10691000 10691000 10691000 10691000 10691000 10669000 10669000 10669000 10669000 10669000 10669000 10669000 10669000 10669000 10669000 10669000 10669000 10669000 10788000 10788000 10788000 10723000 10723000 10723000 10723000 10691000 10691000 10691000 10691000 10691000 10691000 10669000 10669000 10669000 10669000 10669000 10669000 10669000 10669000 10669000 10669000 10669000 10669000 10669000 10669000 10669000 10669000 10669000 10669000 10669000 10669000 10669000 10669000 10669000 10669000 10669000 10669000 10669000 10669000 10669000 10669000 10669000 10669000 10669000 10669000 10669000 10669000 10669000 10669000 10669000 10669000 10669000 10669000 10669000 10669000 10669000 10669000 10669000 10669000 10669000 10669000 10788000 10788000 10788000 10723000 10723000 10723000 10723000 10691000 10691000 10691000 10691000 10691000 10691000 10788000 10788000 10788000 10723000 10723000 10723000 10723000 10691000 10691000 10691000 10691000 10691000 10691000 10669000 10669000 10669000 10669000 10669000 10669000 10669000 10669000 10669000 10669000 10669000 10669000 10669000 10669000 10669000 10669000 10669000 10669000 10669000 10669000 10669000 10669000 10669000 10669000 10669000 10669000 10669000 10669000 10669000 10669000 10669000 10669000 10669000 10669000 10788000 10788000 10788000 10723000 10723000 10723000 10691000 
voltage=10810000 10810000 10810000 10810000 10810000 10810000 10810000 10810000 10810000 10810000 10810000 10810000 10810000 10810000 10810000 10810000 10810000 10810000 10810000 10810000 10810000 10810000 10810000 10810000 10810000 10810000 10810000 10810000 10810000 10810000 10810000 10810000 10810000 10810000 10810000 10810000 10810000 10810000 10810000 10810000 10810000 10810000 10810000 10810000 10810000 10810000 10810000 10810000 10810000 10810000 10810000 10810000 10810000 10810000 10810000 10810000 10810000 10810000 10810000 10810000 10810000 10810000 10810000 10810000 10810000 10810000 10810000 10810000 10810000 10810000 10810000 10810000 10810000 10810000 10810000 10810000 10810000 10810000 10810000 10810000 10810000 10810000 10810000 10810000 10810000 10810000 10810000 10810000 10810000 10810000 10810000 10810000 10810000 10810000 10810000 10810000 10810000 10810000 10810000 10810000 10810000 10810000 10810000 10810000 10810000 10810000 10810000 10810000 10810000 10810000 10810000 10810000 10810000 10810000 10810000 10810000 10810000 10810000 10810000 10810000 10810000 10810000 10810000 10810000 10810000 10810000 10810000 10810000 10810000 10810000 10810000 10810000 10810000 10810000 10810000 10810000 10810000 10810000 10810000 10810000 10810000 10810000 10810000 10810000 10810000 10810000 10810000 10810000 10810000 10810000 10810000 10810000 10810000 10810000 10810000 10810000 10810000 10810000 10810000 10810000 10810000 10810000 10810000 10810000 10810000 10810000 10810000 10810000 10810000 10810000 10810000 10810000 10810000 10810000 10810000 10810000 10810000 10810000 10810000 10810000 10810000 10810000 10810000 10810000 10810000 10810000 10810000 10810000 10810000 10810000 10810000 10810000 10810000 10810000 10810000 10810000 10810000 10810000 10810000 
captureT=0.00021100004 0.00026099997 0.00025999998 0.00021000005 0.00021999995 0.00025999998 0.00020800007 0.00021100004 0.00021799997 0.00021300002 0.00021300002 0.00026099997 0.00022799986 0.00021100004 0.00021799997 0.00025999998 0.00021100004 0.00022599988 0.00025999998 0.00021100004 0.00021800042 0.00026799989 0.00040900022 0.00022499989 0.00026399994 0.00021000005 0.0002099996 0.0002239999 0.00021000005 0.00021300002 0.00022099994 0.00022800032 0.00021300002 0.00022100039 0.00026099997 0.00021799997 0.00022600034 0.00026099997 0.00021300002 0.0002099996 0.00026099997 0.00021000005 0.00018799983 0.00022099994 0.00026099997 0.00021100004 0.00022099994 0.00026099997 0.00021300002 0.00022099994 0.00026100042 0.00021300002 0.00021100004 0.00021799997 0.00021300002 0.00021300002 0.00021799997 0.00022600034 0.00021300002 0.00022300037 0.00026099997 0.00026099997 0.000215 0.00021999995 0.00025999998 0.00021400001 0.00022299992 0.00022599988 0.00021000005 0.00023299981 0.0002239999 0.0002099996 0.00021000005 0.00025999998 0.00022600034 0.00021000005 0.00022300037 0.00026099997 0.00021300002 0.00022599988 0.00026099997 0.0002099996 0.00021799997 0.00026099997 0.00021399956 0.00046100013 0.00026099997 0.00022299992 0.00021300002 0.00022099994 0.00022799986 0.00021799997 0.00021999995 0.00025999998 0.00021100004 0.00021999995 0.00021999995 0.000215 0.00021300002 0.0002669999 0.00022499989 0.00021000005 0.00021999995 0.00026099997 0.00021300002 0.00019799973 0.00026099997 0.00021300002 0.00022599988 0.00026099997 0.00021100004 0.00022299992 0.00026099997 0.00021300002 0.0002099996 0.00021799997 0.00022799986 0.00021799997 0.00021799997 0.00026099997 0.000215 0.00022299992 0.00026099997 0.00021100004 0.00022300037 0.00026099997 0.00021300002 0.00021300002 0.00026099997 0.00022599988 0.00021299957 0.00021799997 0.00021799997 0.00022799986 0.00021100004 0.00021799997 0.00025999998 0.0002099996 0.00022099994 0.00026099997 0.00021300002 0.00021999995 0.00025999998 0.00021000005 0.00022499989 0.00022099994 0.00021799997 0.00022299992 0.00033400011 0.00026099997 0.00026099997 0.00021100004 0.00022800032 0.00026100042 0.00021000051 0.00021999949 0.00026099951 0.00021100004 0.00021300002 0.00021999949 0.00021000051 0.00021100004 0.00025999998 0.0002250008 0.00021300002 0.00026099951 0.00022799941 0.00021100004 0.00019799973 0.00025999998 0.00021000051 0.00021999949 0.00026100042 0.00021299911 0.00022399945 0.00026100042 0.00021300002 0.0002099996 0.00021999949 0.00021000051 0.00021100004 0.00022099994 0.00022600034 0.00021599953 0.00022299992 0.00022499989 0.00021100004 0.00022099994 0.00025999998 0.00021100004 0.00026699945 0.00026100042 0.00021000051 0.00021800042 0.00026099951 0.0002099996 0.00021300002 0.00026100042 0.00022499989 
sleepT=199.59652 199.55686 199.68059 199.66916 199.7148 199.67176 199.6564 199.73679 199.73579 199.60765 199.71408 199.68148 199.72448 199.65369 199.73413 199.68121 199.6452 199.73339 199.6815 199.65487 199.7059 199.67041 199.83143 199.67602 199.68466 199.59037 199.65649 199.72873 199.67847 199.6508 199.70894 199.73149 199.82697 199.68884 199.68777 199.73846 199.66107 199.61222 199.73651 199.65399 199.65537 199.67711 199.8207 199.70188 199.68662 199.73771 199.66717 199.68319 199.73987 199.63664 199.66365 199.73706 199.82403 199.7089 199.61145 199.72734 199.67244 199.73258 199.74024 199.65508 199.66965 199.61069 199.65314 199.7091 199.66868 199.73327 199.66081 199.73418 199.74085 199.66055 199.73806 199.68292 199.64563 199.60125 199.73424 199.73828 199.67079 199.68536 199.73916 199.65446 199.68585 199.73711 199.64911 199.65678 199.74056 199.83296 199.63144 199.73761 199.74054 199.65791 199.73731 199.73874 199.65333 199.6581 199.73156 199.83645 199.69732 199.60447 199.73566 199.60845 199.73635 199.7377 199.65887 199.65933 199.74112 199.82677 199.66247 199.73939 199.74082 199.59753 199.74025 199.72845 199.5991 199.65072 199.72663 199.82363 199.70638 199.7353 199.742 199.61709 199.74075 199.65706 199.60544 199.71766 199.72956 199.61189 199.71181 199.73635 199.67127 199.66831 199.73824 199.73926 199.59415 199.6656 199.73793 199.65667 199.6528 199.73862 199.73874 199.61962 199.74074 199.72564 199.60473 199.73618 199.73314 199.65809 199.71509 199.73582 199.82605 199.62161 199.68598 199.73916 199.66052 199.6812 199.74166 199.64373 199.65945 199.66263 199.83322 199.68851 199.67776 199.74095 199.61039 199.73743 199.7413 199.60301 199.71612 199.7367 199.82527 199.60564 199.73891 199.73404 199.60557 199.72948 199.67156 199.60526 199.71321 199.7296 199.82551 199.64647 199.74043 199.65272 199.66598 199.73788 199.74074 199.67158 199.69878 199.73905 199.59507 199.66273 199.64958 199.68432 199.66522 199.65006 199.68277 199.59176 199.71659 199.68449 199.66958 
