RUN=0
name=cam1
width=640
height=480
fps=25
realfps=0
reads=199
time=5
samples=2e+02
start_time=15956.4
end_time=16956.5
energy=36548000 36505000 36505000 36505000 36462000 36462000 36462000 36418000 36418000 36418000 36375000 36375000 36375000 36375000 36310000 36310000 36310000 36267000 36267000 36267000 36224000 36224000 36224000 36224000 36181000 36181000 36181000 36127000 36127000 36127000 36072000 36072000 36072000 36072000 36029000 36029000 36029000 35975000 35975000 35975000 35932000 35932000 35932000 35889000 35889000 35889000 35889000 35835000 35835000 35835000 35781000 35781000 35781000 35737000 35737000 35737000 35737000 35694000 35694000 35694000 35640000 35640000 35640000 35586000 35586000 35586000 35543000 35543000 35543000 35543000 35500000 35500000 35500000 35456000 35456000 35456000 35391000 35391000 35391000 35391000 35348000 35348000 35348000 35305000 35305000 35305000 35262000 35262000 35262000 35218000 35218000 35218000 35218000 35154000 35154000 35154000 35110000 35110000 35110000 35067000 35067000 35067000 35067000 35024000 35024000 35024000 34981000 34981000 34981000 34916000 34916000 34916000 34916000 34873000 34873000 34873000 34829000 34829000 34829000 34786000 34786000 34786000 34732000 34732000 34732000 34732000 34678000 34678000 34678000 34635000 34635000 34635000 34592000 34592000 34592000 34592000 34537000 34537000 34537000 34483000 34483000 34483000 34440000 34440000 34440000 34397000 34397000 34397000 34397000 34343000 34343000 34343000 34300000 34300000 34300000 34246000 34246000 34246000 34246000 34192000 34192000 34192000 34148000 34148000 34148000 34105000 34105000 34105000 34062000 34062000 34062000 34062000 33997000 33997000 33997000 33954000 33954000 33954000 33910000 33910000 33910000 33910000 33867000 33867000 33867000 33802000 33802000 33802000 33759000 33759000 33759000 33716000 33716000 33716000 33716000 33673000 33673000 33673000 33629000 
power=10972000 10734000 10734000 10734000 10691000 10691000 10691000 10604000 10604000 10604000 10658000 10658000 10658000 10658000 10604000 10604000 10604000 10658000 10658000 10658000 10712000 10712000 10712000 10712000 10712000 10712000 10712000 10745000 10745000 10745000 10745000 10745000 10745000 10745000 10637000 10637000 10637000 10691000 10691000 10691000 10604000 10604000 10604000 10658000 10658000 10658000 10658000 10712000 10712000 10712000 10604000 10604000 10604000 10691000 10691000 10691000 10691000 10712000 10712000 10712000 10712000 10712000 10712000 10745000 10745000 10745000 10745000 10745000 10745000 10745000 10745000 10745000 10745000 10745000 10745000 10745000 10637000 10637000 10637000 10637000 10691000 10691000 10691000 10712000 10712000 10712000 10712000 10712000 10712000 10745000 10745000 10745000 10745000 10745000 10745000 10745000 10745000 10745000 10745000 10745000 10745000 10745000 10745000 10745000 10745000 10745000 10745000 10745000 10745000 10745000 10745000 10745000 10745000 10745000 10745000 10745000 10745000 10745000 10745000 10745000 10745000 10745000 10745000 10745000 10745000 10745000 10745000 10745000 10745000 10745000 10745000 10745000 10745000 10745000 10745000 10745000 10745000 10745000 10745000 10745000 10745000 10745000 10745000 10745000 10745000 10745000 10745000 10745000 10745000 10745000 10745000 10745000 10745000 10745000 10745000 10745000 10745000 10745000 10745000 10637000 10637000 10637000 10637000 10637000 10637000 10637000 10637000 10637000 10637000 10637000 10637000 10637000 10637000 10637000 10637000 10637000 10637000 10637000 10637000 10637000 10637000 10637000 10637000 10637000 10637000 10637000 10637000 10637000 10637000 10637000 10637000 10637000 10637000 10637000 10637000 10637000 10637000 10637000 10637000 
voltage=10810000 10810000 10810000 10810000 10810000 10810000 10810000 10810000 10810000 10810000 10810000 10810000 10810000 10810000 10810000 10810000 10810000 10810000 10810000 10810000 10810000 10810000 10810000 10810000 10810000 10810000 10810000 10810000 10810000 10810000 10810000 10810000 10810000 10810000 10810000 10810000 10810000 10810000 10810000 10810000 10810000 10810000 10810000 10810000 10810000 10810000 10810000 10810000 10810000 10810000 10810000 10810000 10810000 10810000 10810000 10810000 10810000 10810000 10810000 10810000 10810000 10810000 10810000 10810000 10810000 10810000 10810000 10810000 10810000 10810000 10810000 10810000 10810000 10810000 10810000 10810000 10810000 10810000 10810000 10810000 10810000 10810000 10810000 10810000 10810000 10810000 10810000 10810000 10810000 10810000 10810000 10810000 10810000 10810000 10810000 10810000 10810000 10810000 10810000 10810000 10810000 10810000 10810000 10810000 10810000 10810000 10810000 10810000 10810000 10810000 10810000 10810000 10810000 10810000 10810000 10810000 10810000 10810000 10810000 10810000 10810000 10810000 10810000 10810000 10810000 10810000 10810000 10810000 10810000 10810000 10810000 10810000 10810000 10810000 10810000 10810000 10810000 10810000 10810000 10810000 10810000 10810000 10810000 10810000 10810000 10810000 10810000 10810000 10810000 10810000 10810000 10810000 10810000 10810000 10810000 10810000 10810000 10810000 10810000 10810000 10810000 10810000 10810000 10810000 10810000 10810000 10810000 10810000 10810000 10810000 10810000 10810000 10810000 10810000 10810000 10810000 10810000 10810000 10810000 10810000 10810000 10810000 10810000 10810000 10810000 10810000 10810000 10810000 10810000 10810000 10810000 10810000 10810000 10810000 10810000 10810000 10810000 10810000 10810000 
captureT=0.00026099951 0.00021600135 0.00021599953 0.00021599953 0.00021599953 0.00022100176 0.00021499909 0.00022299901 0.00022300082 0.00045800152 0.00044400076 0.00021499909 0.00021600135 0.00021500091 0.00021500091 0.00025999907 0.00021599953 0.00026099951 0.00021599953 0.00022399945 0.00021800042 0.00021800042 0.00021600135 0.00022099994 0.00022299901 0.00026099951 0.00021800042 0.00021500091 0.00026099951 0.00022099994 0.00026099951 0.00021600135 0.00026099951 0.00021500091 0.00026099951 0.0002179986 0.00021599953 0.00021600135 0.00021599953 0.00021599953 0.00021599953 0.00026099951 0.00022099994 0.00021800042 0.00021500091 0.00021499909 0.00026099951 0.0002179986 0.00021599953 0.00021500091 0.00021999949 0.00026099951 0.00022099994 0.0002179986 0.00021599953 0.00021899905 0.00021900087 0.00026099951 0.00022300082 0.00021800042 0.00021800042 0.00021499909 0.00026000089 0.00021599953 0.00026099951 0.00021599953 0.000258 0.00021800042 0.00026099951 0.00022300082 0.000258 0.00022099994 0.00026399903 0.00021599953 0.00021500091 0.00021800042 0.00021499909 0.00026099951 0.00021999949 0.00026099951 0.00022099994 0.00026400085 0.00021599953 0.00022099994 0.0002179986 0.00021599772 0.00021600135 0.00021600135 0.00025999907 0.00021500091 0.00025800182 0.00021500091 0.0002179986 0.00021600135 0.00026099951 0.00021599772 0.00022299719 0.00021600135 0.00021999949 0.00021600135 0.00021600135 0.00026099951 0.00021600135 0.00025999907 0.00021600135 0.00025999907 0.00021499727 0.0002179986 0.00021500091 0.00026699854 0.00021500091 0.00025699774 0.00021600135 0.00025799818 0.00021500091 0.00025699774 0.00021500091 0.00021500091 0.00022000313 0.00021600135 0.00021499727 0.00026100315 0.00026099951 0.00021599772 0.00021600135 0.00021500091 0.00022300082 0.00021500091 0.00021999949 0.00022300082 0.00021599772 0.00025999907 0.00022499808 0.00026100315 0.00021600135 0.00026099951 0.00021800224 0.0002179986 0.00021499727 0.00021499727 0.00021500091 0.00021600135 0.00021899905 0.00022099994 0.00025800182 0.00029399962 0.00025999907 0.00021800224 0.00021600135 0.00021500091 0.00021500091 0.0002179986 0.00021500091 0.00021600135 0.00021999949 0.0002179986 0.0002179986 0.00021500091 0.00021500091 0.00021499727 0.00026099951 0.0002179986 0.00022099994 0.00021500091 0.00021999949 0.00026099951 0.00030299998 0.00021899905 0.00026099951 0.00021800224 0.00020600055 0.00021500091 0.00021999949 0.00021600135 0.00020299922 0.00021999949 0.00025999907 0.00021600135 0.00025700137 0.00022000313 0.00026000271 0.00021500091 0.00021800224 0.00022300082 0.00026099951 0.00021500091 0.00026100315 0.00021999949 0.00025999907 0.00021999949 0.00021599772 0.00021499727 0.0002179986 0.00025700137 0.00021600135 0.00026099951 0.00021499727 0.00021800224 0.0002179986 
sleepT=39.541788 39.685576 39.693992 39.724729 39.636784 39.708724 39.730815 39.64499 39.706506 39.573273 39.826857 39.684612 39.667709 39.733098 39.668406 39.672044 39.735646 39.58953 39.719443 39.729032 39.812311 39.615186 39.73027 39.730045 39.681792 39.673303 39.726283 39.649299 39.653684 39.728523 39.585851 39.708301 39.671124 39.655599 39.62537 39.727549 39.73118 39.668338 39.718271 39.728942 39.644869 39.658991 39.731574 39.757378 39.684955 39.627293 39.675773 39.684268 39.728268 39.730136 39.669948 39.658783 39.731498 39.651426 39.705952 39.729375 39.731601 39.598843 39.727279 39.726785 39.661401 39.729637 39.674864 39.643927 39.641747 39.728932 39.801634 39.68497 39.675746 39.633314 39.611054 39.728373 39.675746 39.646616 39.710374 39.720211 39.645985 39.647485 39.730604 39.67454 39.680163 39.615192 39.729035 39.648226 39.701697 39.728355 39.648025 39.64787 39.676846 39.820158 39.628097 39.727607 39.673925 39.6473 39.676016 39.728927 39.660444 39.711451 39.728958 39.810378 39.707764 39.674212 39.73224 39.62651 39.730955 39.599519 39.646371 39.712421 39.72966 39.595706 39.690206 39.674192 39.731483 39.6242 39.72976 39.673941 39.646589 39.653948 39.72992 39.641213 39.703659 39.661844 39.789049 39.700847 39.672726 39.72585 39.664474 39.719757 39.718717 39.652128 39.657323 39.673534 39.659835 39.649427 39.71406 39.675749 39.680619 39.728847 39.731123 39.594196 39.719013 39.659373 39.661704 39.705924 39.673373 39.80925 39.641811 39.729729 39.672802 39.659196 39.730193 39.721311 39.659704 39.650306 39.742471 39.646158 39.641303 39.72895 39.720998 39.664704 39.673092 39.72997 39.668714 39.729867 39.730647 39.608795 39.730639 39.73026 39.797848 39.692203 39.715238 39.731138 39.687294 39.731148 39.748481 39.674466 39.66271 39.696183 39.781754 39.721862 39.684618 39.739619 39.703306 39.740118 39.687298 39.688088 39.686155 39.739745 39.64498 39.69115 39.736281 39.831715 39.705316 39.686175 39.737336 39.633657 39.735444 39.739909 39.695807 
