RUN=0
name=cam1
width=640
height=480
fps=5
realfps=0
reads=199
time=5
samples=2e+02
start_time=11750.1
end_time=12750.5
energy=49077000 49077000 49077000 49077000 49034000 49034000 49034000 48990000 48990000 48990000 48947000 48947000 48947000 48904000 48904000 48904000 48904000 48861000 48861000 48861000 48796000 48796000 48796000 48753000 48753000 48753000 48753000 48709000 48709000 48709000 48666000 48666000 48666000 48612000 48612000 48612000 48612000 48569000 48569000 48569000 48526000 48526000 48526000 48482000 48482000 48482000 48482000 48439000 48439000 48439000 48396000 48396000 48396000 48331000 48331000 48331000 48288000 48288000 48288000 48288000 48245000 48245000 48245000 48201000 48201000 48201000 48147000 48147000 48147000 48147000 48104000 48104000 48104000 48061000 48061000 48061000 48018000 48018000 48018000 48018000 47974000 47974000 47974000 47931000 47931000 47931000 47866000 47866000 47866000 47823000 47823000 47823000 47823000 47780000 47780000 47780000 47736000 47736000 47736000 47682000 47682000 47682000 47682000 47639000 47639000 47639000 47596000 47596000 47596000 47553000 47553000 47553000 47553000 47509000 47509000 47509000 47466000 47466000 47466000 47423000 47423000 47423000 47358000 47358000 47358000 47358000 47315000 47315000 47315000 47272000 47272000 47272000 47218000 47218000 47218000 47218000 47174000 47174000 47174000 47131000 47131000 47131000 47088000 47088000 47088000 47088000 47045000 47045000 47045000 47001000 47001000 47001000 46937000 46937000 46937000 46893000 46893000 46893000 46893000 46850000 46850000 46850000 46807000 46807000 46807000 46764000 46764000 46764000 46764000 46710000 46710000 46710000 46666000 46666000 46666000 46623000 46623000 46623000 46623000 46580000 46580000 46580000 46515000 46515000 46515000 46472000 46472000 46472000 46428000 46428000 46428000 46428000 46385000 46385000 46385000 46342000 46342000 46342000 46299000 
power=10723000 10723000 10723000 10723000 10701000 10701000 10701000 10701000 10701000 10701000 10593000 10593000 10593000 10647000 10647000 10647000 10647000 10669000 10669000 10669000 10669000 10669000 10669000 10701000 10701000 10701000 10701000 10701000 10701000 10701000 10701000 10701000 10701000 10701000 10701000 10701000 10701000 10701000 10701000 10701000 10701000 10701000 10701000 10701000 10701000 10701000 10701000 10701000 10701000 10701000 10701000 10701000 10701000 10701000 10701000 10701000 10701000 10701000 10701000 10701000 10701000 10701000 10701000 10701000 10701000 10701000 10701000 10701000 10701000 10701000 10701000 10701000 10701000 10701000 10701000 10701000 10701000 10701000 10701000 10701000 10701000 10701000 10701000 10701000 10701000 10701000 10701000 10701000 10701000 10701000 10701000 10701000 10701000 10701000 10701000 10701000 10701000 10701000 10701000 10701000 10701000 10701000 10701000 10701000 10701000 10701000 10701000 10701000 10701000 10701000 10701000 10701000 10701000 10701000 10701000 10701000 10701000 10701000 10701000 10701000 10701000 10701000 10701000 10701000 10701000 10701000 10701000 10701000 10701000 10701000 10701000 10701000 10799000 10799000 10799000 10799000 10745000 10745000 10745000 10723000 10723000 10723000 10723000 10723000 10723000 10723000 10701000 10701000 10701000 10701000 10701000 10701000 10701000 10701000 10701000 10799000 10799000 10799000 10799000 10745000 10745000 10745000 10626000 10626000 10626000 10626000 10626000 10626000 10626000 10604000 10604000 10604000 10604000 10604000 10604000 10604000 10604000 10604000 10604000 10701000 10701000 10701000 10766000 10766000 10766000 10680000 10680000 10680000 10647000 10647000 10647000 10647000 10626000 10626000 10626000 10701000 10701000 10701000 10766000 
voltage=10810000 10810000 10810000 10810000 10810000 10810000 10810000 10810000 10810000 10810000 10810000 10810000 10810000 10810000 10810000 10810000 10810000 10810000 10810000 10810000 10810000 10810000 10810000 10810000 10810000 10810000 10810000 10810000 10810000 10810000 10810000 10810000 10810000 10810000 10810000 10810000 10810000 10810000 10810000 10810000 10810000 10810000 10810000 10810000 10810000 10810000 10810000 10810000 10810000 10810000 10810000 10810000 10810000 10810000 10810000 10810000 10810000 10810000 10810000 10810000 10810000 10810000 10810000 10810000 10810000 10810000 10810000 10810000 10810000 10810000 10810000 10810000 10810000 10810000 10810000 10810000 10810000 10810000 10810000 10810000 10810000 10810000 10810000 10810000 10810000 10810000 10810000 10810000 10810000 10810000 10810000 10810000 10810000 10810000 10810000 10810000 10810000 10810000 10810000 10810000 10810000 10810000 10810000 10810000 10810000 10810000 10810000 10810000 10810000 10810000 10810000 10810000 10810000 10810000 10810000 10810000 10810000 10810000 10810000 10810000 10810000 10810000 10810000 10810000 10810000 10810000 10810000 10810000 10810000 10810000 10810000 10810000 10810000 10810000 10810000 10810000 10810000 10810000 10810000 10810000 10810000 10810000 10810000 10810000 10810000 10810000 10810000 10810000 10810000 10810000 10810000 10810000 10810000 10810000 10810000 10810000 10810000 10810000 10810000 10810000 10810000 10810000 10810000 10810000 10810000 10810000 10810000 10810000 10810000 10810000 10810000 10810000 10810000 10810000 10810000 10810000 10810000 10810000 10810000 10810000 10810000 10810000 10810000 10810000 10810000 10810000 10810000 10810000 10810000 10810000 10810000 10810000 10810000 10810000 10810000 10810000 10810000 10810000 10810000 
captureT=0.00022299901 0.00027399983 0.00022299901 0.00022299901 0.00022099994 0.00022299901 0.0002300003 0.00022499989 0.00027399983 0.00022499989 0.00022499989 0.00022300082 0.00022499989 0.00029799958 0.00022600034 0.00027399983 0.0002300003 0.00021999949 0.00027399983 0.00022799941 0.0002680008 0.00022599852 0.00022299901 0.00026799898 0.00022299901 0.00022299901 0.00027399983 0.00022499989 0.00022399945 0.00022600034 0.00027399983 0.00022299901 0.00022499989 0.00022299901 0.00022499989 0.00022300082 0.00027400165 0.00022299901 0.00022300082 0.00027399983 0.00027500027 0.00022299901 0.00022599852 0.00027399983 0.00022600034 0.00022600034 0.00022099994 0.00027399983 0.00022299901 0.00022099994 0.00027399983 0.00022300082 0.00022300082 0.00022299901 0.00027799979 0.00022499989 0.00022300082 0.00022299901 0.00027399983 0.00027100032 0.00022300082 0.00022299901 0.00024499968 0.00027399983 0.00021999949 0.00022399945 0.00039800034 0.00022300082 0.00022099994 0.00027399983 0.00022299901 0.00022300082 0.00022300082 0.00022300082 0.00021999949 0.00027499846 0.00020300104 0.00022099994 0.00022300082 0.00027400165 0.00022300082 0.00022299901 0.00027399983 0.00027399983 0.00022300082 0.00022600034 0.00022299901 0.00026999987 0.00022299901 0.00022600034 0.00022299901 0.00022300082 0.00022600034 0.00027399983 0.00027400165 0.00027399983 0.00024399924 0.00022099994 0.00022300082 0.00026700036 0.00022099994 0.00022300082 0.00027399983 0.00022299901 0.00022799941 0.00027399983 0.00022299901 0.00022000131 0.00027399983 0.00022600034 0.00022499989 0.00027499846 0.00022300082 0.00022299901 0.00027399983 0.00022499989 0.00022400127 0.00022600034 0.00027399983 0.00022300082 0.00022499989 0.00027399983 0.00022300082 0.00022599852 0.00026700036 0.00022499989 0.00022299901 0.00022299901 0.00027399983 0.00022099994 0.00022300082 0.00027399983 0.00022599852 0.00022300082 0.00027399983 0.00021999949 0.00021999949 0.00022299901 0.00022499989 0.00022299901 0.00022499989 0.00027399983 0.00022600034 0.00022300082 0.00022600034 0.00027399983 0.00022099994 0.00022499989 0.00027399983 0.00022300082 0.00021999949 0.00022600034 0.00022300082 0.00022299901 0.00022099994 0.00021999949 0.00022300082 0.00022299901 0.00027399983 0.00022299901 0.00021999949 0.00027399983 0.00022300082 0.00026999987 0.00027399983 0.00022600034 0.00022299901 0.00022299901 0.00022299901 0.00027399983 0.00022300082 0.00022600034 0.00022099994 0.00022800123 0.00022300082 0.00027399983 0.00022300082 0.00022300082 0.00022600034 0.00027399983 0.00022300082 0.00022300082 0.00027399983 0.00022600034 0.00022600034 0.00022299901 0.00027699934 0.00022299901 0.00022300082 0.00027399983 0.00022300082 0.00022099994 0.00022300082 0.00022499989 0.00022499989 0.00022300082 0.00027100032 0.00022300082 0.00022300082 
sleepT=199.59293 199.65275 199.6751 199.73666 199.69982 199.73817 199.72765 199.68033 199.67917 199.73794 199.68159 199.69221 199.73336 199.82351 199.70211 199.68427 199.72871 199.6803 199.68246 199.67661 199.62846 199.72437 199.67874 199.80562 199.70037 199.73787 199.68358 199.68348 199.72412 199.73893 199.62991 199.72379 199.73292 199.82461 199.66343 199.69048 199.68628 199.6946 199.65211 199.67703 199.64255 199.71698 199.73837 199.61497 199.71977 199.66802 199.7399 199.64375 199.73968 199.74109 199.63763 199.73951 199.70987 199.68261 199.67086 199.68203 199.83311 199.70216 199.68405 199.64333 199.68899 199.73987 199.73976 199.63961 199.70961 199.73593 199.79663 199.72505 199.73785 199.68746 199.63689 199.69984 199.74016 199.64223 199.71375 199.68705 199.69417 199.71159 199.73688 199.68752 199.69817 199.73984 199.68581 199.63221 199.6777 199.74135 199.68437 199.66739 199.67428 199.83555 199.70633 199.6846 199.73932 199.63237 199.68629 199.64567 199.65582 199.72283 199.73828 199.80172 199.72074 199.74011 199.68722 199.69823 199.73877 199.68699 199.6986 199.68368 199.68353 199.67157 199.72014 199.67784 199.68238 199.69436 199.68541 199.73997 199.68325 199.739 199.68752 199.68487 199.72378 199.6857 199.77434 199.70969 199.68396 199.74074 199.67506 199.74033 199.67151 199.67447 199.72513 199.6429 199.82038 199.71766 199.68581 199.73729 199.69413 199.73993 199.73885 199.68243 199.72313 199.68709 199.66914 199.68499 199.7386 199.6853 199.69842 199.73935 199.68637 199.62367 199.73935 199.74154 199.6135 199.71284 199.73788 199.83522 199.70485 199.74091 199.68649 199.69349 199.73868 199.6873 199.68185 199.67461 199.68589 199.82244 199.7173 199.69611 199.73903 199.63825 199.73738 199.74002 199.69961 199.66868 199.74041 199.60497 199.71951 199.727 199.74021 199.63999 199.73871 199.74129 199.63711 199.74043 199.73973 199.68012 199.66775 199.74174 199.83521 199.65009 199.73871 199.63176 199.68652 199.73835 199.67366 199.6915 199.66914 199.74058 199.81232 
