RUN=0
name=cam1
width=640
height=480
fps=25
realfps=0
reads=199
time=5
samples=2e+02
start_time=7802.31
end_time=8802.38
energy=61887000 61887000 61844000 61844000 61844000 61800000 61800000 61800000 61746000 61746000 61746000 61746000 61703000 61703000 61703000 61660000 61660000 61660000 61617000 61617000 61617000 61617000 61573000 61573000 61573000 61530000 61530000 61530000 61487000 61487000 61487000 61433000 61433000 61433000 61433000 61389000 61389000 61389000 61346000 61346000 61346000 61303000 61303000 61303000 61303000 61260000 61260000 61260000 61217000 61217000 61217000 61162000 61162000 61162000 61162000 61119000 61119000 61119000 61076000 61076000 61076000 61033000 61033000 61033000 60990000 60990000 60990000 60990000 60946000 60946000 60946000 60892000 60892000 60892000 60849000 60849000 60849000 60849000 60806000 60806000 60806000 60763000 60763000 60763000 60719000 60719000 60719000 60676000 60676000 60676000 60676000 60622000 60622000 60622000 60579000 60579000 60579000 60536000 60536000 60536000 60536000 60492000 60492000 60492000 60449000 60449000 60449000 60406000 60406000 60406000 60341000 60341000 60341000 60341000 60298000 60298000 60298000 60254000 60254000 60254000 60211000 60211000 60211000 60211000 60168000 60168000 60168000 60114000 60114000 60114000 60071000 60071000 60071000 60027000 60027000 60027000 60027000 59984000 59984000 59984000 59941000 59941000 59941000 59898000 59898000 59898000 59898000 59844000 59844000 59844000 59800000 59800000 59800000 59757000 59757000 59757000 59757000 59714000 59714000 59714000 59671000 59671000 59671000 59627000 59627000 59627000 59573000 59573000 59573000 59573000 59530000 59530000 59530000 59487000 59487000 59487000 59444000 59444000 59444000 59444000 59400000 59400000 59400000 59357000 59357000 59357000 59303000 59303000 59303000 59260000 59260000 59260000 59260000 59217000 59217000 59217000 59173000 59173000 59173000 
power=11145000 11145000 10896000 10896000 10896000 10755000 10755000 10755000 10755000 10755000 10755000 10755000 10755000 10755000 10755000 10755000 10755000 10755000 10755000 10755000 10755000 10755000 10755000 10755000 10755000 10755000 10755000 10755000 10755000 10755000 10755000 10755000 10755000 10755000 10755000 10755000 10755000 10755000 10755000 10755000 10755000 10755000 10755000 10755000 10755000 10755000 10755000 10755000 10647000 10647000 10647000 10701000 10701000 10701000 10701000 10723000 10723000 10723000 10723000 10723000 10723000 10755000 10755000 10755000 10755000 10755000 10755000 10755000 10755000 10755000 10755000 10755000 10755000 10755000 10755000 10755000 10755000 10755000 10755000 10755000 10755000 10755000 10755000 10755000 10755000 10755000 10755000 10755000 10755000 10755000 10755000 10755000 10755000 10755000 10755000 10755000 10755000 10755000 10755000 10755000 10755000 10755000 10755000 10755000 10755000 10755000 10755000 10755000 10755000 10755000 10755000 10755000 10755000 10755000 10755000 10755000 10755000 10755000 10755000 10755000 10755000 10755000 10755000 10755000 10755000 10755000 10755000 10755000 10755000 10755000 10755000 10755000 10755000 10755000 10755000 10755000 10755000 10755000 10755000 10755000 10755000 10755000 10755000 10755000 10755000 10755000 10755000 10755000 10755000 10755000 10755000 10755000 10755000 10669000 10669000 10669000 10669000 10669000 10669000 10669000 10669000 10669000 10669000 10669000 10669000 10669000 10669000 10669000 10669000 10669000 10669000 10669000 10669000 10669000 10669000 10669000 10669000 10669000 10669000 10669000 10669000 10669000 10669000 10669000 10669000 10669000 10669000 10669000 10669000 10669000 10669000 10669000 10669000 10669000 10669000 10669000 10669000 10669000 10669000 
voltage=10810000 10810000 10810000 10810000 10810000 10810000 10810000 10810000 10810000 10810000 10810000 10810000 10810000 10810000 10810000 10810000 10810000 10810000 10810000 10810000 10810000 10810000 10810000 10810000 10810000 10810000 10810000 10810000 10810000 10810000 10810000 10810000 10810000 10810000 10810000 10810000 10810000 10810000 10810000 10810000 10810000 10810000 10810000 10810000 10810000 10810000 10810000 10810000 10810000 10810000 10810000 10810000 10810000 10810000 10810000 10810000 10810000 10810000 10810000 10810000 10810000 10810000 10810000 10810000 10810000 10810000 10810000 10810000 10810000 10810000 10810000 10810000 10810000 10810000 10810000 10810000 10810000 10810000 10810000 10810000 10810000 10810000 10810000 10810000 10810000 10810000 10810000 10810000 10810000 10810000 10810000 10810000 10810000 10810000 10810000 10810000 10810000 10810000 10810000 10810000 10810000 10810000 10810000 10810000 10810000 10810000 10810000 10810000 10810000 10810000 10810000 10810000 10810000 10810000 10810000 10810000 10810000 10810000 10810000 10810000 10810000 10810000 10810000 10810000 10810000 10810000 10810000 10810000 10810000 10810000 10810000 10810000 10810000 10810000 10810000 10810000 10810000 10810000 10810000 10810000 10810000 10810000 10810000 10810000 10810000 10810000 10810000 10810000 10810000 10810000 10810000 10810000 10810000 10810000 10810000 10810000 10810000 10810000 10810000 10810000 10810000 10810000 10810000 10810000 10810000 10810000 10810000 10810000 10810000 10810000 10810000 10810000 10810000 10810000 10810000 10810000 10810000 10810000 10810000 10810000 10810000 10810000 10810000 10810000 10810000 10810000 10810000 10810000 10810000 10810000 10810000 10810000 10810000 10810000 10810000 10810000 10810000 10810000 10810000 
captureT=0.00026399994 0.00020000061 0.00021800042 0.00021100004 0.00021799951 0.0002099996 0.00026099951 0.00021100004 0.00026799989 0.00021799951 0.00026399994 0.0002200004 0.00026399994 0.00021799951 0.00022299992 0.00021799951 0.00021099913 0.00022100085 0.00021100004 0.00022100085 0.00021000051 0.00026400085 0.00021100004 0.00026399994 0.00020800053 0.00022099994 0.00022400036 0.00022099994 0.00026399994 0.00021599953 0.0002099996 0.00041099975 0.00021000051 0.00026399994 0.00021100004 0.00026399994 0.00021800042 0.00021599953 0.000258 0.0002099996 0.00021799951 0.00021000051 0.00026700036 0.00021100004 0.00026699945 0.0001569997 0.00026399994 0.0002099996 0.00021799951 0.00030999945 0.00021799951 0.00026100042 0.00021799951 0.00021100004 0.00026100042 0.00025099962 0.00026799989 0.00021000051 0.00021599953 0.00021799951 0.00021000051 0.00021799951 0.0002099996 0.00022099994 0.00018799983 0.00025999998 0.0002200004 0.00026399994 0.00021099913 0.00021599953 0.00021100004 0.00026700036 0.0002099996 0.00025999998 0.00021100004 0.00025700047 0.00022099994 0.00021999949 0.00021099913 0.00026099951 0.00021099913 0.00021900087 0.00020999869 0.00026799898 0.00021499909 0.00021100095 0.00021500091 0.00021000051 0.00021800042 0.00020999869 0.00026700036 0.00021099913 0.00025999907 0.00021100095 0.00021800042 0.00021099913 0.00021999949 0.00021099913 0.00026399903 0.00021100095 0.00021999949 0.00021099913 0.00021800042 0.00021100095 0.00021800042 0.00021800042 0.00026400085 0.00025999907 0.00021000051 0.00026399903 0.00021800042 0.00026699854 0.00021800042 0.00021000051 0.00026000089 0.00021099913 0.00026099951 0.00031499985 0.00026099951 0.00021000051 0.00025999907 0.00021099913 0.00026700036 0.00021000051 0.00021800042 0.00021099913 0.00026700036 0.00021100095 0.00026700036 0.00021000051 0.00021100095 0.00026100133 0.00021800042 0.00021599953 0.00021800042 0.00021100095 0.00022099994 0.00021100095 0.00021800042 0.00020999869 0.00025999907 0.00021000051 0.00026399903 0.00021100095 0.00026799898 0.00020799962 0.00026000089 0.00026100133 0.0002179986 0.00021100095 0.00026099951 0.00021100095 0.00026399903 0.00020999869 0.00021099913 0.00026700036 0.0002179986 0.00021000051 0.00021800042 0.00021000051 0.00025699956 0.00021100095 0.00021800042 0.00021000051 0.00021800042 0.00026099951 0.00021000051 0.00026399903 0.00020600055 0.00026399903 0.00020999869 0.00026399903 0.00020999869 0.00026400085 0.00020999869 0.00022099994 0.00022099994 0.00021100095 0.00026000089 0.00021000051 0.00021800042 0.00021800042 0.00022000131 0.00026099951 0.00026400085 0.00021099913 0.00026399903 0.00022099994 0.00032800017 0.00020999869 0.00021000051 0.00026099951 0.00020800144 0.00026399903 0.00020999869 0.00021599953 0.00021000051 0.00026400085 0.00021100095 
sleepT=39.547692 39.682757 39.644734 39.66491 39.718667 39.649321 39.642329 39.729042 39.784464 39.659666 39.669684 39.730308 39.51861 39.726057 39.709403 39.645451 39.688513 39.729118 39.815052 39.69728 39.663248 39.595191 39.602508 39.671693 39.665777 39.645255 39.729638 39.718649 39.5963 39.705614 39.724211 39.812997 39.662286 39.606449 39.724353 39.603746 39.64814 39.725662 39.61895 39.707962 39.705727 39.749647 39.648501 39.728531 39.672481 39.647673 39.671425 39.7271 39.666122 39.137732 39.727519 39.610392 39.052967 39.66918 39.673126 39.631666 39.673453 39.686905 39.690802 39.725707 39.726707 39.674519 39.703609 39.730779 39.800534 39.635779 39.727304 39.676795 39.688867 39.686619 39.728568 39.614593 39.709669 39.675258 39.679233 39.656218 39.716436 39.710712 39.68824 39.677938 39.730142 39.675463 39.727233 39.67624 39.672739 39.714027 39.725135 39.755782 39.695641 39.668662 39.662336 39.675717 39.672067 39.688338 39.675368 39.642691 39.72709 39.811812 39.65091 39.729135 39.729276 39.63021 39.712546 39.729516 39.669499 39.631534 39.677326 39.619679 39.707308 39.671154 39.788191 39.636133 39.729279 39.667078 39.621911 39.717318 39.675438 39.67774 39.65733 39.727451 39.786744 39.701679 39.676137 39.727323 39.68912 39.726839 39.676695 39.680198 39.641868 39.692376 39.658368 39.656003 39.719705 39.805862 39.690609 39.728195 39.730631 39.683847 39.724491 39.729759 39.620415 39.633391 39.674429 39.81719 39.654553 39.726389 39.674921 39.63475 39.728325 39.668396 39.614596 39.71241 39.674763 39.602469 39.703571 39.673961 39.722467 39.625637 39.695641 39.662236 39.624989 39.728684 39.728461 39.674654 39.710969 39.636982 39.814587 39.643151 39.764586 39.673898 39.685035 39.673263 39.729855 39.633647 39.708461 39.729283 39.658406 39.694857 39.66537 39.729098 39.681479 39.72581 39.731597 39.616577 39.673173 39.728057 39.593928 39.69606 39.700155 39.812539 39.683133 39.669149 39.728166 39.625557 39.72607 39.728095 39.659414 39.657149 39.728844 
