RUN=0
name=cam1
width=640
height=480
fps=15
realfps=0
reads=199
time=5
samples=2e+02
start_time=13853.6
end_time=14853.7
energy=42937000 42937000 42894000 42894000 42894000 42829000 42829000 42829000 42829000 42785000 42785000 42785000 42742000 42742000 42742000 42699000 42699000 42699000 42699000 42656000 42656000 42656000 42602000 42602000 42602000 42548000 42548000 42548000 42504000 42504000 42504000 42504000 42461000 42461000 42461000 42407000 42407000 42407000 42364000 42364000 42364000 42364000 42310000 42310000 42310000 42267000 42267000 42267000 42213000 42213000 42213000 42213000 42169000 42169000 42169000 42126000 42126000 42126000 42061000 42061000 42061000 42018000 42018000 42018000 42018000 41975000 41975000 41975000 41931000 41931000 41931000 41888000 41888000 41888000 41888000 41823000 41823000 41823000 41780000 41780000 41780000 41737000 41737000 41737000 41694000 41694000 41694000 41694000 41650000 41650000 41650000 41596000 41596000 41596000 41542000 41542000 41542000 41542000 41499000 41499000 41499000 41456000 41456000 41456000 41402000 41402000 41402000 41402000 41359000 41359000 41359000 41305000 41305000 41305000 41261000 41261000 41261000 41207000 41207000 41207000 41207000 41164000 41164000 41164000 41121000 41121000 41121000 41067000 41067000 41067000 41067000 41013000 41013000 41013000 40969000 40969000 40969000 40926000 40926000 40926000 40883000 40883000 40883000 40883000 40818000 40818000 40818000 40775000 40775000 40775000 40732000 40732000 40732000 40732000 40688000 40688000 40688000 40645000 40645000 40645000 40580000 40580000 40580000 40580000 40537000 40537000 40537000 40494000 40494000 40494000 40451000 40451000 40451000 40407000 40407000 40407000 40407000 40342000 40342000 40342000 40299000 40299000 40299000 40256000 40256000 40256000 40256000 40213000 40213000 40213000 40159000 40159000 40159000 40105000 40105000 40105000 40061000 40061000 40061000 
power=10907000 10907000 10799000 10799000 10799000 10745000 10745000 10745000 10745000 10831000 10831000 10831000 10885000 10885000 10885000 10907000 10907000 10907000 10907000 10831000 10831000 10831000 10885000 10885000 10885000 10907000 10907000 10907000 10907000 10907000 10907000 10907000 10831000 10831000 10831000 10777000 10777000 10777000 10745000 10745000 10745000 10745000 10831000 10831000 10831000 10777000 10777000 10777000 10853000 10853000 10853000 10853000 10799000 10799000 10799000 10853000 10853000 10853000 10907000 10907000 10907000 10799000 10799000 10799000 10799000 10885000 10885000 10885000 10907000 10907000 10907000 10799000 10799000 10799000 10799000 10885000 10885000 10885000 10799000 10799000 10799000 10853000 10853000 10853000 10799000 10799000 10799000 10799000 10745000 10745000 10745000 10853000 10853000 10853000 10885000 10885000 10885000 10885000 10799000 10799000 10799000 10885000 10885000 10885000 10907000 10907000 10907000 10907000 10907000 10907000 10907000 10939000 10939000 10939000 10939000 10939000 10939000 10939000 10939000 10939000 10939000 10831000 10831000 10831000 10885000 10885000 10885000 10907000 10907000 10907000 10907000 10907000 10907000 10907000 10939000 10939000 10939000 10831000 10831000 10831000 10885000 10885000 10885000 10885000 10907000 10907000 10907000 10701000 10701000 10701000 10788000 10788000 10788000 10788000 10810000 10810000 10810000 10810000 10810000 10810000 10842000 10842000 10842000 10842000 10842000 10842000 10842000 10734000 10734000 10734000 10788000 10788000 10788000 10810000 10810000 10810000 10810000 10810000 10810000 10810000 10842000 10842000 10842000 10842000 10842000 10842000 10842000 10842000 10842000 10842000 10842000 10842000 10842000 10842000 10842000 10842000 10734000 10734000 10734000 
voltage=10810000 10810000 10810000 10810000 10810000 10810000 10810000 10810000 10810000 10810000 10810000 10810000 10810000 10810000 10810000 10810000 10810000 10810000 10810000 10810000 10810000 10810000 10810000 10810000 10810000 10810000 10810000 10810000 10810000 10810000 10810000 10810000 10810000 10810000 10810000 10810000 10810000 10810000 10810000 10810000 10810000 10810000 10810000 10810000 10810000 10810000 10810000 10810000 10810000 10810000 10810000 10810000 10810000 10810000 10810000 10810000 10810000 10810000 10810000 10810000 10810000 10810000 10810000 10810000 10810000 10810000 10810000 10810000 10810000 10810000 10810000 10810000 10810000 10810000 10810000 10810000 10810000 10810000 10810000 10810000 10810000 10810000 10810000 10810000 10810000 10810000 10810000 10810000 10810000 10810000 10810000 10810000 10810000 10810000 10810000 10810000 10810000 10810000 10810000 10810000 10810000 10810000 10810000 10810000 10810000 10810000 10810000 10810000 10810000 10810000 10810000 10810000 10810000 10810000 10810000 10810000 10810000 10810000 10810000 10810000 10810000 10810000 10810000 10810000 10810000 10810000 10810000 10810000 10810000 10810000 10810000 10810000 10810000 10810000 10810000 10810000 10810000 10810000 10810000 10810000 10810000 10810000 10810000 10810000 10810000 10810000 10810000 10810000 10810000 10810000 10810000 10810000 10810000 10810000 10810000 10810000 10810000 10810000 10810000 10810000 10810000 10810000 10810000 10810000 10810000 10810000 10810000 10810000 10810000 10810000 10810000 10810000 10810000 10810000 10810000 10810000 10810000 10810000 10810000 10810000 10810000 10810000 10810000 10810000 10810000 10810000 10810000 10810000 10810000 10810000 10810000 10810000 10810000 10810000 10810000 10810000 10810000 10810000 10810000 
captureT=0.00021800042 0.00026399903 0.000258 0.00025999907 0.00021600135 0.00021599953 0.00021500091 0.0002179986 0.00021800042 0.00021499909 0.00021900087 0.00021499909 0.00021000051 0.00021800042 0.00026099951 0.000258 0.00026400085 0.00026400085 0.00021800042 0.00021499909 0.00021899905 0.00021800042 0.00021500091 0.0002179986 0.00021800042 0.00021500091 0.00021100095 0.00026100133 0.00026399903 0.00021500091 0.00021600135 0.0002179986 0.00020799962 0.00021000051 0.00021499909 0.00021599953 0.00021500091 0.00014500074 0.00021800042 0.00021599953 0.00022099994 0.00021499909 0.00025999907 0.00020799962 0.00020799962 0.00026400085 0.00025699956 0.00021800042 0.00022099994 0.00021800042 0.0002179986 0.00021599953 0.00021599953 0.0002179986 0.00021500091 0.00025999907 0.000258 0.0001949993 0.00022099994 0.00021800042 0.00021800042 0.00021499909 0.00021800042 0.00021599953 0.00021100095 0.00021500091 0.00026000089 0.00026099951 0.00026099951 0.00026099951 0.00021599953 0.00022099994 0.00020799962 0.00021599953 0.00026400085 0.00025999907 0.00021599953 0.00019600157 0.00022099994 0.00021600135 0.00021499909 0.00026100133 0.00020799962 0.00026099951 0.00025999907 0.00025699956 0.00021800042 0.00022099994 0.00025999907 0.00021500091 0.00021499909 0.00021800042 0.00021600135 0.00021800042 0.00021800042 0.00026399903 0.00021800042 0.00021499909 0.00021500091 0.00022099994 0.0002179986 0.00021800042 0.00021599953 0.00021500091 0.00021800042 0.00021600135 0.00025699956 0.00025699956 0.00026099951 0.00026100133 0.00021800042 0.00021800042 0.00021599953 0.00021899905 0.00021800042 0.00021500091 0.00021800042 0.00022099994 0.00026400085 0.00026399903 0.0002529996 0.00026099951 0.00021599953 0.00025400004 0.00026099951 0.00021800042 0.0002179986 0.00021599953 0.0002179986 0.00021599953 0.00021599953 0.00021599953 0.00021800042 0.00026099951 0.0002179986 0.00021600135 0.00021999949 0.00021599953 0.00021599953 0.00021500091 0.0002179986 0.00021800042 0.00021500091 0.00021800042 0.00021599953 0.0002179986 0.00021800042 0.0002179986 0.00020799962 0.0002179986 0.00026099951 0.00026400085 0.00021800042 0.00022099994 0.00021599953 0.00021800042 0.00021800042 0.00021600135 0.0002179986 0.00020799962 0.00021500091 0.00021499909 0.00026400085 0.00026099951 0.00026000089 0.00026099951 0.00021800042 0.00021499909 0.00021099913 0.00020800144 0.00021499909 0.00025699956 0.00025700137 0.00019500112 0.00021599953 0.00021500091 0.00022099994 0.00021500091 0.00021500091 0.00021599953 0.00021800042 0.00021800042 0.00021599953 0.0002179986 0.00021999949 0.00021800042 0.00021800042 0.00021800042 0.00021499909 0.00021000051 0.00022099994 0.00021499909 0.00019100116 0.00021800042 0.00021800042 0.00021600135 0.0002179986 0.00020799962 0.00021000051 
sleepT=66.268577 66.3292 66.258419 66.31163 66.395118 66.507719 66.346707 66.396562 66.33082 66.337058 66.333942 66.396522 66.240798 66.379918 66.340829 66.278887 66.305247 66.341531 66.396412 66.330216 66.389316 66.397248 66.3226 66.402975 66.396712 66.244249 66.311787 66.332124 66.468969 66.342058 66.39389 66.396775 66.250913 66.397572 66.339186 66.332421 66.37766 66.422146 66.48997 66.388607 66.400456 66.399073 66.305798 66.375712 65.888367 66.312027 66.303122 66.405564 66.351572 66.393858 66.406883 66.402063 66.36405 66.366243 66.397966 66.308906 66.354443 66.427396 66.355649 66.391762 66.408497 66.499885 66.365943 66.396867 66.335098 66.372587 66.354714 66.35458 66.296331 66.339489 66.362744 66.349376 66.330743 66.405334 66.355272 66.318901 66.407812 66.408281 66.355584 66.407409 66.409091 66.312511 66.302494 66.354172 66.481314 66.31859 66.407494 66.405323 66.309247 66.406524 66.408575 66.354451 66.395068 66.406755 66.489482 66.331633 66.409429 66.408963 66.366459 66.405005 66.409133 66.364264 66.395494 66.407151 66.352331 66.390922 66.295309 66.354941 66.313694 66.351231 66.406865 66.362486 66.407379 66.407494 66.349825 66.393038 66.407594 66.489516 66.31163 66.353844 66.356068 66.302921 66.407857 66.351816 66.300993 66.391622 66.408782 66.351885 66.376687 66.403985 66.365276 66.384805 66.41396 66.354878 66.359634 66.401527 66.409522 66.350604 66.392669 66.406855 66.50109 66.374539 66.366697 66.407446 66.33883 66.404993 66.39597 66.285216 66.336502 66.413925 66.468298 66.335312 66.408065 66.407516 66.364329 66.407023 66.408988 66.344524 66.320085 66.400965 66.363329 66.389439 66.355149 66.343829 66.313982 66.35463 66.358221 66.351236 66.345248 66.348121 66.364364 66.338313 66.354313 66.489043 66.386627 66.365594 66.387464 66.361906 66.368206 66.408296 66.354602 66.386013 66.407459 66.33585 66.387236 66.407093 66.409005 66.361542 66.39459 66.352154 66.353409 66.39759 66.410344 66.345579 66.390454 66.406065 66.500785 66.316634 66.409013 
