RUN=0
name=cam1
width=640
height=480
fps=25
realfps=0
reads=199
time=5
samples=2e+02
start_time=16652.7
end_time=17652.8
energy=37726000 37683000 37683000 37683000 37629000 37629000 37629000 37629000 37586000 37586000 37586000 37532000 37532000 37532000 37478000 37478000 37478000 37478000 37435000 37435000 37435000 37391000 37391000 37391000 37337000 37337000 37337000 37283000 37283000 37283000 37283000 37240000 37240000 37240000 37197000 37197000 37197000 37143000 37143000 37143000 37143000 37089000 37089000 37089000 37045000 37045000 37045000 37002000 37002000 37002000 36948000 36948000 36948000 36948000 36894000 36894000 36894000 36851000 36851000 36851000 36808000 36808000 36808000 36808000 36754000 36754000 36754000 36699000 36699000 36699000 36656000 36656000 36656000 36613000 36613000 36613000 36613000 36559000 36559000 36559000 36505000 36505000 36505000 36462000 36462000 36462000 36462000 36418000 36418000 36418000 36354000 36354000 36354000 36310000 36310000 36310000 36310000 36267000 36267000 36267000 36224000 36224000 36224000 36159000 36159000 36159000 36116000 36116000 36116000 36116000 36072000 36072000 36072000 36029000 36029000 36029000 35964000 35964000 35964000 35964000 35921000 35921000 35921000 35878000 35878000 35878000 35835000 35835000 35835000 35770000 35770000 35770000 35770000 35727000 35727000 35727000 35683000 35683000 35683000 35640000 35640000 35640000 35640000 35575000 35575000 35575000 35532000 35532000 35532000 35489000 35489000 35489000 35445000 35445000 35445000 35445000 35381000 35381000 35381000 35337000 35337000 35337000 35294000 35294000 35294000 35294000 35251000 35251000 35251000 35186000 35186000 35186000 35143000 35143000 35143000 35100000 35100000 35100000 35100000 35056000 35056000 35056000 34991000 34991000 34991000 34948000 34948000 34948000 34948000 34905000 34905000 34905000 34862000 34862000 34862000 34797000 34797000 34797000 34797000 
power=10972000 10788000 10788000 10788000 10658000 10658000 10658000 10658000 10637000 10637000 10637000 10637000 10637000 10637000 10734000 10734000 10734000 10734000 10788000 10788000 10788000 10810000 10810000 10810000 10734000 10734000 10734000 10788000 10788000 10788000 10788000 10810000 10810000 10810000 10810000 10810000 10810000 10734000 10734000 10734000 10734000 10788000 10788000 10788000 10810000 10810000 10810000 10810000 10810000 10810000 10842000 10842000 10842000 10842000 10734000 10734000 10734000 10788000 10788000 10788000 10712000 10712000 10712000 10712000 10658000 10658000 10658000 10658000 10658000 10658000 10734000 10734000 10734000 10788000 10788000 10788000 10788000 10712000 10712000 10712000 10680000 10680000 10680000 10658000 10658000 10658000 10658000 10637000 10637000 10637000 10734000 10734000 10734000 10680000 10680000 10680000 10680000 10658000 10658000 10658000 10755000 10755000 10755000 10680000 10680000 10680000 10658000 10658000 10658000 10658000 10658000 10658000 10658000 10734000 10734000 10734000 10788000 10788000 10788000 10788000 10810000 10810000 10810000 10842000 10842000 10842000 10842000 10842000 10842000 10734000 10734000 10734000 10734000 10680000 10680000 10680000 10658000 10658000 10658000 10734000 10734000 10734000 10734000 10680000 10680000 10680000 10755000 10755000 10755000 10810000 10810000 10810000 10810000 10810000 10810000 10810000 10842000 10842000 10842000 10842000 10842000 10842000 10734000 10734000 10734000 10734000 10788000 10788000 10788000 10712000 10712000 10712000 10658000 10658000 10658000 10755000 10755000 10755000 10755000 10788000 10788000 10788000 10810000 10810000 10810000 10842000 10842000 10842000 10842000 10734000 10734000 10734000 10788000 10788000 10788000 10712000 10712000 10712000 10712000 
voltage=10810000 10810000 10810000 10810000 10810000 10810000 10810000 10810000 10810000 10810000 10810000 10810000 10810000 10810000 10810000 10810000 10810000 10810000 10810000 10810000 10810000 10810000 10810000 10810000 10810000 10810000 10810000 10810000 10810000 10810000 10810000 10810000 10810000 10810000 10810000 10810000 10810000 10810000 10810000 10810000 10810000 10810000 10810000 10810000 10810000 10810000 10810000 10810000 10810000 10810000 10810000 10810000 10810000 10810000 10810000 10810000 10810000 10810000 10810000 10810000 10810000 10810000 10810000 10810000 10810000 10810000 10810000 10810000 10810000 10810000 10810000 10810000 10810000 10810000 10810000 10810000 10810000 10810000 10810000 10810000 10810000 10810000 10810000 10810000 10810000 10810000 10810000 10810000 10810000 10810000 10810000 10810000 10810000 10810000 10810000 10810000 10810000 10810000 10810000 10810000 10810000 10810000 10810000 10810000 10810000 10810000 10810000 10810000 10810000 10810000 10810000 10810000 10810000 10810000 10810000 10810000 10810000 10810000 10810000 10810000 10810000 10810000 10810000 10810000 10810000 10810000 10810000 10810000 10810000 10810000 10810000 10810000 10810000 10810000 10810000 10810000 10810000 10810000 10810000 10810000 10810000 10810000 10810000 10810000 10810000 10810000 10810000 10810000 10810000 10810000 10810000 10810000 10810000 10810000 10810000 10810000 10810000 10810000 10810000 10810000 10810000 10810000 10810000 10810000 10810000 10810000 10810000 10810000 10810000 10810000 10810000 10810000 10810000 10810000 10810000 10810000 10810000 10810000 10810000 10810000 10810000 10810000 10810000 10810000 10810000 10810000 10810000 10810000 10810000 10810000 10810000 10810000 10810000 10810000 10810000 10810000 10810000 10810000 10810000 
captureT=0.00026099951 0.00021800224 0.00026400085 0.0002179986 0.00024399924 0.00021500091 0.00022099994 0.00026000271 0.00021600135 0.00026099951 0.00021599772 0.00021800224 0.00026400085 0.00021500091 0.00021500091 0.0002179986 0.00022099994 0.00021499727 0.00026099951 0.00021500091 0.00022099994 0.00021599772 0.00021800224 0.00026400085 0.00022099994 0.00026399721 0.00022099994 0.00026099951 0.00021600135 0.0002179986 0.00021500091 0.00021599772 0.00021800224 0.0002179986 0.00022099994 0.00021500091 0.00021500091 0.00021999949 0.00021499727 0.00025400004 0.00022099994 0.00021600135 0.00026100315 0.00021800224 0.00026800262 0.00021500091 0.00022099994 0.00021599772 0.00021600135 0.00026099951 0.0002179986 0.00026399721 0.00021599772 0.00022099994 0.00021600135 0.00021500091 0.00025999907 0.00021499727 0.0002179986 0.00021800224 0.0002179986 0.0002179986 0.00021500091 0.00026100315 0.00021600135 0.00021500091 0.00026400085 0.0002179986 0.00026099951 0.00021500091 0.0001949993 0.00025799818 0.00021600135 0.00021500091 0.00026400085 0.00021599772 0.00021599772 0.00022099994 0.00021500091 0.00021800224 0.0002179986 0.00021599772 0.00021600135 0.00026099951 0.00022099994 0.00021600135 0.00021499727 0.00021500091 0.00021500091 0.00021499727 0.00021999949 0.0002179986 0.00021499727 0.00026099951 0.00026099951 0.00021599772 0.00026099951 0.00026399721 0.0002179986 0.00021600135 0.00021600135 0.00021599772 0.00025999907 0.0002179986 0.00022099994 0.00026099951 0.00021800224 0.0002179986 0.00021800224 0.00026099951 0.00021500091 0.00021499727 0.00021500091 0.0002179986 0.0002179986 0.00026400085 0.0002179986 0.00026400085 0.00021600135 0.00025999907 0.00021600135 0.00021800224 0.00021500091 0.00025999907 0.00021500091 0.00021600135 0.00021800224 0.00026100315 0.00021500091 0.00021599772 0.00026400085 0.00021500091 0.00026099951 0.0002179986 0.00025700137 0.00021600135 0.00025999907 0.00021600135 0.00025999907 0.00021800224 0.00021500091 0.00026400085 0.00021499727 0.00026099951 0.00021500091 0.00026400085 0.00021800224 0.00021500091 0.00025400004 0.00022300082 0.00021800224 0.00021500091 0.0002179986 0.0002179986 0.0002179986 0.00022099994 0.00026400085 0.00022099994 0.0003540008 0.00026099951 0.00021600135 0.00026099951 0.00021500091 0.0002179986 0.0002179986 0.0002179986 0.00021600135 0.0002179986 0.00021599772 0.0002179986 0.00025999907 0.00021600135 0.00025700137 0.00021600135 0.00021800224 0.00021500091 0.00021599772 0.0002179986 0.00021500091 0.00022099994 0.00021600135 0.00021500091 0.00026000271 0.0002179986 0.00026400085 0.00021600135 0.00022099994 0.00021599772 0.00021800224 0.00021599772 0.00025999907 0.00021500091 0.00026399721 0.00022099994 0.00025999907 0.00021600135 0.0002179986 0.00021999949 0.00021599772 
sleepT=39.546753 39.635027 39.638159 39.655534 39.776768 39.685381 39.723696 39.671201 39.184686 39.673533 39.727185 39.668727 39.654362 39.72411 39.674862 39.683782 39.722641 39.731141 39.632204 39.728336 39.727078 39.675541 39.662686 39.677611 39.671403 39.656481 39.724992 39.779412 39.693153 39.728551 39.722857 39.68495 39.715558 39.721371 39.675418 39.710481 39.727183 39.675827 39.705236 39.632464 39.727932 39.686215 39.672665 39.729577 39.620147 39.729166 39.71737 39.67311 39.650446 39.674941 39.804363 39.634473 39.729157 39.729917 39.677055 39.729223 39.673096 39.674263 39.72383 39.720285 39.815163 39.709463 39.725268 39.625079 39.676263 39.721757 39.674218 39.671887 39.658145 39.73073 39.676484 39.63472 39.727731 39.817561 39.632087 39.685571 39.741436 39.670303 39.666973 39.730537 39.672589 39.708014 39.729015 39.786553 39.675275 39.729168 39.730344 39.696271 39.66905 39.729176 39.672366 39.703627 39.731163 39.627672 39.656294 39.694832 39.668291 39.639425 39.729765 39.642438 39.662253 39.665145 39.676475 39.612203 39.712772 39.675746 39.811895 39.70997 39.69285 39.665464 39.698945 39.696438 39.733835 39.687554 39.707739 39.672123 39.656243 39.654232 39.730431 39.675405 39.68725 39.714762 39.729291 39.621621 39.724163 39.727549 39.659787 39.658633 39.716446 39.813293 39.633563 39.717702 39.675956 39.677682 39.663916 39.695659 39.626938 39.710268 39.675786 39.651182 39.646168 39.673363 39.730857 39.63068 39.729043 39.674933 39.669855 39.637248 39.673423 39.662245 39.709664 39.659464 39.81011 39.694416 39.727993 39.726892 39.619218 39.71393 39.676542 39.62171 39.71205 39.673073 39.820359 39.711038 39.669498 39.729168 39.683152 39.72692 39.670375 39.689225 39.583743 39.700611 39.593136 39.709479 39.734712 39.816028 39.679862 39.728559 39.72985 39.668425 39.671639 39.705712 39.587198 39.708476 39.663004 39.811922 39.713316 39.726173 39.730185 39.68597 39.674279 39.7307 39.611776 39.71123 39.593327 39.651759 39.71008 39.719394 39.745526 
