RUN=0
name=system
width=0
height=0
fps=5
realfps=5
reads=200
time=5
samples=2e+02
start_time=8594.33
end_time=9594.42
energy=56266000 56266000 56233000 56233000 56233000 56201000 56201000 56201000 56168000 56168000 56168000 56147000 56147000 56147000 56147000 56114000 56114000 56114000 56082000 56082000 56082000 56039000 56039000 56039000 56039000 56006000 56006000 56006000 55974000 55974000 55974000 55952000 55952000 55952000 55952000 55920000 55920000 55920000 55887000 55887000 55887000 55855000 55855000 55855000 55822000 55822000 55822000 55822000 55801000 55801000 55801000 55768000 55768000 55768000 55736000 55736000 55736000 55736000 55703000 55703000 55703000 55682000 55682000 55682000 55628000 55628000 55628000 55628000 55606000 55606000 55606000 55574000 55574000 55574000 55541000 55541000 55541000 55541000 55509000 55509000 55509000 55487000 55487000 55487000 55455000 55455000 55455000 55455000 55422000 55422000 55422000 55390000 55390000 55390000 55358000 55358000 55358000 55336000 55336000 55336000 55336000 55303000 55303000 55303000 55271000 55271000 55271000 55239000 55239000 55239000 55239000 55195000 55195000 55195000 55163000 55163000 55163000 55141000 55141000 55141000 55141000 55109000 55109000 55109000 55076000 55076000 55076000 55044000 55044000 55044000 55044000 55022000 55022000 55022000 54990000 54990000 54990000 54958000 54958000 54958000 54958000 54925000 54925000 54925000 54893000 54893000 54893000 54871000 54871000 54871000 54871000 54828000 54828000 54828000 54795000 54795000 54795000 54763000 54763000 54763000 54763000 54731000 54731000 54731000 54698000 54698000 54698000 54676000 54676000 54676000 54644000 54644000 54644000 54644000 54612000 54612000 54612000 54579000 54579000 54579000 54558000 54558000 54558000 54558000 54525000 54525000 54525000 54493000 54493000 54493000 54460000 54460000 54460000 54460000 54417000 54417000 54417000 54385000 54385000 54385000 
power=8010000 8010000 7599000 7599000 7599000 7404000 7404000 7404000 7404000 7404000 7404000 7404000 7404000 7404000 7404000 7404000 7404000 7404000 7404000 7404000 7404000 7404000 7404000 7404000 7404000 7404000 7404000 7404000 7404000 7404000 7404000 7404000 7404000 7404000 7404000 7404000 7404000 7404000 7404000 7404000 7404000 7285000 7285000 7285000 7339000 7339000 7339000 7339000 7253000 7253000 7253000 7307000 7307000 7307000 7361000 7361000 7361000 7361000 7253000 7253000 7253000 7339000 7339000 7339000 7361000 7361000 7361000 7361000 7361000 7361000 7361000 7285000 7285000 7285000 7339000 7339000 7339000 7339000 7253000 7253000 7253000 7307000 7307000 7307000 7361000 7361000 7361000 7361000 7361000 7361000 7361000 7404000 7404000 7404000 7404000 7404000 7404000 7285000 7285000 7285000 7285000 7339000 7339000 7339000 7361000 7361000 7361000 7361000 7361000 7361000 7361000 7404000 7404000 7404000 7404000 7404000 7404000 7285000 7285000 7285000 7285000 7339000 7339000 7339000 7361000 7361000 7361000 7361000 7361000 7361000 7361000 7285000 7285000 7285000 7339000 7339000 7339000 7361000 7361000 7361000 7361000 7361000 7361000 7361000 7285000 7285000 7285000 7339000 7339000 7339000 7339000 7361000 7361000 7361000 7361000 7361000 7361000 7404000 7404000 7404000 7404000 7404000 7404000 7404000 7404000 7404000 7404000 7404000 7404000 7404000 7404000 7404000 7404000 7404000 7404000 7404000 7404000 7404000 7404000 7404000 7404000 7404000 7404000 7404000 7404000 7404000 7404000 7404000 7404000 7404000 7285000 7285000 7285000 7285000 7339000 7339000 7339000 7361000 7361000 7361000 
voltage=10810000 10810000 10810000 10810000 10810000 10810000 10810000 10810000 10810000 10810000 10810000 10810000 10810000 10810000 10810000 10810000 10810000 10810000 10810000 10810000 10810000 10810000 10810000 10810000 10810000 10810000 10810000 10810000 10810000 10810000 10810000 10810000 10810000 10810000 10810000 10810000 10810000 10810000 10810000 10810000 10810000 10810000 10810000 10810000 10810000 10810000 10810000 10810000 10810000 10810000 10810000 10810000 10810000 10810000 10810000 10810000 10810000 10810000 10810000 10810000 10810000 10810000 10810000 10810000 10810000 10810000 10810000 10810000 10810000 10810000 10810000 10810000 10810000 10810000 10810000 10810000 10810000 10810000 10810000 10810000 10810000 10810000 10810000 10810000 10810000 10810000 10810000 10810000 10810000 10810000 10810000 10810000 10810000 10810000 10810000 10810000 10810000 10810000 10810000 10810000 10810000 10810000 10810000 10810000 10810000 10810000 10810000 10810000 10810000 10810000 10810000 10810000 10810000 10810000 10810000 10810000 10810000 10810000 10810000 10810000 10810000 10810000 10810000 10810000 10810000 10810000 10810000 10810000 10810000 10810000 10810000 10810000 10810000 10810000 10810000 10810000 10810000 10810000 10810000 10810000 10810000 10810000 10810000 10810000 10810000 10810000 10810000 10810000 10810000 10810000 10810000 10810000 10810000 10810000 10810000 10810000 10810000 10810000 10810000 10810000 10810000 10810000 10810000 10810000 10810000 10810000 10810000 10810000 10810000 10810000 10810000 10810000 10810000 10810000 10810000 10810000 10810000 10810000 10810000 10810000 10810000 10810000 10810000 10810000 10810000 10810000 10810000 10810000 10810000 10810000 10810000 10810000 10810000 10810000 10810000 10810000 10810000 10810000 10810000 10810000 
captureT=
sleepT=
