RUN=0
name=cam1
width=640
height=480
fps=15
realfps=0
reads=199
time=5
samples=2e+02
start_time=16958.2
end_time=17958.3
energy=42072000 42072000 42072000 42029000 42029000 42029000 41964000 41964000 41964000 41964000 41921000 41921000 41921000 41877000 41877000 41877000 41834000 41834000 41834000 41834000 41780000 41780000 41780000 41726000 41726000 41726000 41683000 41683000 41683000 41640000 41640000 41640000 41640000 41586000 41586000 41586000 41532000 41532000 41532000 41488000 41488000 41488000 41488000 41445000 41445000 41445000 41391000 41391000 41391000 41348000 41348000 41348000 41348000 41294000 41294000 41294000 41250000 41250000 41250000 41196000 41196000 41196000 41153000 41153000 41153000 41153000 41110000 41110000 41110000 41056000 41056000 41056000 41002000 41002000 41002000 41002000 40959000 40959000 40959000 40915000 40915000 40915000 40872000 40872000 40872000 40807000 40807000 40807000 40807000 40764000 40764000 40764000 40721000 40721000 40721000 40678000 40678000 40678000 40678000 40613000 40613000 40613000 40569000 40569000 40569000 40526000 40526000 40526000 40483000 40483000 40483000 40483000 40440000 40440000 40440000 40375000 40375000 40375000 40332000 40332000 40332000 40332000 40288000 40288000 40288000 40245000 40245000 40245000 40180000 40180000 40180000 40180000 40137000 40137000 40137000 40094000 40094000 40094000 40051000 40051000 40051000 39997000 39997000 39997000 39997000 39942000 39942000 39942000 39899000 39899000 39899000 39856000 39856000 39856000 39856000 39802000 39802000 39802000 39748000 39748000 39748000 39705000 39705000 39705000 39661000 39661000 39661000 39661000 39607000 39607000 39607000 39553000 39553000 39553000 39510000 39510000 39510000 39510000 39467000 39467000 39467000 39413000 39413000 39413000 39370000 39370000 39370000 39315000 39315000 39315000 39315000 39261000 39261000 39261000 39218000 39218000 39218000 39175000 39175000 
power=10842000 10842000 10842000 10745000 10745000 10745000 10745000 10745000 10745000 10745000 10745000 10745000 10745000 10745000 10745000 10745000 10745000 10745000 10745000 10745000 10745000 10745000 10745000 10745000 10745000 10745000 10745000 10745000 10745000 10745000 10745000 10745000 10745000 10745000 10745000 10745000 10745000 10745000 10745000 10745000 10745000 10745000 10745000 10745000 10745000 10745000 10745000 10745000 10745000 10745000 10745000 10745000 10745000 10745000 10745000 10745000 10745000 10745000 10745000 10745000 10745000 10745000 10745000 10745000 10745000 10745000 10745000 10745000 10745000 10745000 10745000 10745000 10745000 10745000 10745000 10745000 10745000 10745000 10745000 10745000 10745000 10745000 10745000 10745000 10745000 10745000 10745000 10745000 10745000 10745000 10745000 10745000 10745000 10745000 10745000 10745000 10745000 10745000 10745000 10745000 10745000 10745000 10745000 10745000 10745000 10745000 10745000 10745000 10745000 10745000 10745000 10745000 10745000 10745000 10745000 10745000 10745000 10745000 10745000 10745000 10745000 10745000 10745000 10745000 10745000 10745000 10745000 10745000 10745000 10745000 10745000 10745000 10745000 10745000 10745000 10745000 10745000 10745000 10745000 10745000 10745000 10745000 10745000 10745000 10745000 10745000 10745000 10745000 10745000 10745000 10745000 10745000 10745000 10745000 10745000 10745000 10745000 10745000 10745000 10745000 10745000 10842000 10842000 10842000 10788000 10788000 10788000 10788000 10766000 10766000 10766000 10766000 10766000 10766000 10745000 10745000 10745000 10745000 10842000 10842000 10842000 10788000 10788000 10788000 10766000 10766000 10766000 10766000 10766000 10766000 10766000 10745000 10745000 10745000 10745000 10745000 10745000 10745000 10745000 
voltage=10810000 10810000 10810000 10810000 10810000 10810000 10810000 10810000 10810000 10810000 10810000 10810000 10810000 10810000 10810000 10810000 10810000 10810000 10810000 10810000 10810000 10810000 10810000 10810000 10810000 10810000 10810000 10810000 10810000 10810000 10810000 10810000 10810000 10810000 10810000 10810000 10810000 10810000 10810000 10810000 10810000 10810000 10810000 10810000 10810000 10810000 10810000 10810000 10810000 10810000 10810000 10810000 10810000 10810000 10810000 10810000 10810000 10810000 10810000 10810000 10810000 10810000 10810000 10810000 10810000 10810000 10810000 10810000 10810000 10810000 10810000 10810000 10810000 10810000 10810000 10810000 10810000 10810000 10810000 10810000 10810000 10810000 10810000 10810000 10810000 10810000 10810000 10810000 10810000 10810000 10810000 10810000 10810000 10810000 10810000 10810000 10810000 10810000 10810000 10810000 10810000 10810000 10810000 10810000 10810000 10810000 10810000 10810000 10810000 10810000 10810000 10810000 10810000 10810000 10810000 10810000 10810000 10810000 10810000 10810000 10810000 10810000 10810000 10810000 10810000 10810000 10810000 10810000 10810000 10810000 10810000 10810000 10810000 10810000 10810000 10810000 10810000 10810000 10810000 10810000 10810000 10810000 10810000 10810000 10810000 10810000 10810000 10810000 10810000 10810000 10810000 10810000 10810000 10810000 10810000 10810000 10810000 10810000 10810000 10810000 10810000 10810000 10810000 10810000 10810000 10810000 10810000 10810000 10810000 10810000 10810000 10810000 10810000 10810000 10810000 10810000 10810000 10810000 10810000 10810000 10810000 10810000 10810000 10810000 10810000 10810000 10810000 10810000 10810000 10810000 10810000 10810000 10810000 10810000 10810000 10810000 10810000 10810000 10810000 
captureT=0.00025999907 0.00025999907 0.00022099994 0.00025999907 0.00021800224 0.00021800224 0.00021800224 0.00021800224 0.00020999869 0.00021300002 0.00026099951 0.00025999907 0.0002179986 0.00026099951 0.00022300082 0.00022099994 0.00021800224 0.00021999949 0.00022099994 0.00021999949 0.00021600135 0.00021300002 0.00022400127 0.00026099951 0.00022099994 0.00026099951 0.00026700218 0.00026099951 0.00025999907 0.0002179986 0.00025999907 0.00022099994 0.00025999907 0.00026099951 0.0002179986 0.00022099994 0.00021800224 0.0002179986 0.00026000271 0.00021999949 0.00022300082 0.00021800224 0.00022099994 0.00027399801 0.0002179986 0.00022100357 0.00022099994 0.00022099994 0.00022300082 0.00022799941 0.00022099994 0.00021300002 0.00021099913 0.00021099913 0.00021500091 0.00021800224 0.00022099994 0.00022099994 0.00022000313 0.00022299719 0.00022099994 0.00022300082 0.0002179986 0.00022300082 0.00020999869 0.00021300002 0.00022599852 0.00021800224 0.0002179986 0.00022300082 0.00026999987 0.00021800224 0.0002179986 0.0002179986 0.00022099994 0.00021800224 0.00021100277 0.00025999907 0.00021300002 0.00021800224 0.00022299719 0.00021800224 0.00022099994 0.00021800224 0.00022099994 0.00022099994 0.0002179986 0.0002179986 0.00022099994 0.00022099994 0.00021300002 0.00020999869 0.00026099951 0.00026099951 0.00021800224 0.00025999907 0.0002179986 0.0002179986 0.00022099994 0.00022300082 0.00022099994 0.00023600296 0.00021800224 0.00021800224 0.00026000271 0.00022500171 0.00022300082 0.00021800224 0.00022099994 0.00022099994 0.00021800224 0.00021800224 0.00022099994 0.00021899905 0.00021999949 0.00022099994 0.0002179986 0.00022099994 0.00022099994 0.00021000233 0.00021000233 0.00021099913 0.00021999949 0.00026099951 0.00026099951 0.00026099951 0.00025999907 0.00021800224 0.00026099951 0.00026100315 0.00026099951 0.00026099951 0.00022099994 0.0002179986 0.00022099994 0.0002179986 0.0002179986 0.00021999949 0.00022099994 0.00021800224 0.0002179986 0.00021999949 0.00021999949 0.00022099994 0.00022300082 0.00022300082 0.0002179986 0.00022299719 0.00021100277 0.00021099913 0.00021999949 0.00021800224 0.0002179986 0.00021999949 0.0002179986 0.0002179986 0.0002179986 0.00021800224 0.00021300002 0.00022499808 0.00026099951 0.00026099951 0.00026800262 0.00021800224 0.00021800224 0.0002179986 0.0002179986 0.00022099994 0.00020999869 0.00021600135 0.00021000233 0.00027100032 0.00022799941 0.00025999907 0.00026099951 0.00026099951 0.00025999907 0.00021999949 0.0002179986 0.00022300082 0.00022099994 0.00021999949 0.0002179986 0.00022099994 0.00022099994 0.00022399763 0.00021999949 0.00026099951 0.00026099951 0.0002179986 0.00021800224 0.00022099994 0.0002179986 0.00022300082 0.00025999907 0.00022099994 0.00026099951 0.00022099994 0.00022000313 
sleepT=66.218176 66.345474 66.350005 66.339312 66.394815 66.400188 66.404143 66.345515 66.348737 66.338547 66.347943 66.347012 66.403446 66.34139 66.350645 66.394885 66.398214 66.402517 66.403341 66.339489 66.378998 66.40178 66.406882 66.338674 66.403937 66.351134 66.312204 66.344759 66.348261 66.395139 66.332118 66.350837 66.320983 66.340428 66.399797 66.404569 66.404773 66.405642 66.311981 66.393868 66.40092 66.404855 66.403577 66.303867 66.368203 66.395161 66.389454 66.394509 66.395224 66.400905 66.360213 66.403923 66.402346 66.346526 66.403953 66.352604 66.370403 66.402216 66.394076 66.401785 66.403459 66.403359 66.369309 66.401081 66.388226 66.40212 66.403381 66.350464 66.369213 66.403196 66.33826 66.40084 66.403467 66.403717 66.351491 66.390752 66.399168 66.274915 66.339905 66.351732 66.365848 66.401534 66.400439 66.391617 66.393636 66.391965 66.354742 66.393251 66.398852 66.402181 66.362389 66.294798 66.318536 66.349888 66.400058 66.350647 66.393133 66.403146 66.369682 66.403394 66.394353 66.403584 66.400582 66.353053 66.317327 66.404183 66.402382 66.403461 66.397845 66.404837 66.369838 66.402865 66.398012 66.403634 66.403143 66.360103 66.368489 66.401802 66.386093 66.403472 66.402113 66.330672 66.364943 66.350416 66.34251 66.339887 66.338647 66.361093 66.304879 66.350603 66.349043 66.348913 66.403569 66.389542 66.369955 66.402857 66.40185 66.40176 66.388236 66.359996 66.370858 66.403958 66.402161 66.404577 66.404003 66.404935 66.370103 66.363223 66.391048 66.401965 66.404046 66.358679 66.363581 66.405073 66.399474 66.40474 66.40404 66.404765 66.304517 66.411359 66.34655 66.346703 66.348137 66.359745 66.369457 66.403983 66.40157 66.394286 66.403757 66.404541 66.302998 66.260495 66.402577 66.348235 66.348 66.303953 66.314163 66.404103 66.4007 66.404507 66.400396 66.404926 66.369216 66.402705 66.392521 66.399441 66.402848 66.297467 66.314433 66.400416 66.39996 66.403609 66.402931 66.404321 66.316255 66.404386 66.338139 66.403311 66.399875 
