RUN=0
name=cam1
width=640
height=480
fps=15
realfps=0
reads=199
time=5
samples=2e+02
start_time=5440.79
end_time=6440.92
energy=65043000 65043000 65043000 65000000 65000000 65000000 65000000 64957000 64957000 64957000 64914000 64914000 64914000 64870000 64870000 64870000 64870000 64816000 64816000 64816000 64773000 64773000 64773000 64730000 64730000 64730000 64687000 64687000 64687000 64687000 64643000 64643000 64643000 64600000 64600000 64600000 64546000 64546000 64546000 64546000 64503000 64503000 64503000 64460000 64460000 64460000 64416000 64416000 64416000 64416000 64373000 64373000 64373000 64330000 64330000 64330000 64287000 64287000 64287000 64287000 64233000 64233000 64233000 64189000 64189000 64189000 64146000 64146000 64146000 64103000 64103000 64103000 64103000 64060000 64060000 64060000 64016000 64016000 64016000 63962000 63962000 63962000 63962000 63919000 63919000 63919000 63876000 63876000 63876000 63833000 63833000 63833000 63833000 63800000 63800000 63800000 63746000 63746000 63746000 63692000 63692000 63692000 63692000 63649000 63649000 63649000 63606000 63606000 63606000 63562000 63562000 63562000 63562000 63519000 63519000 63519000 63476000 63476000 63476000 63422000 63422000 63422000 63379000 63379000 63379000 63379000 63335000 63335000 63335000 63292000 63292000 63292000 63249000 63249000 63249000 63249000 63206000 63206000 63206000 63162000 63162000 63162000 63108000 63108000 63108000 63108000 63065000 63065000 63065000 63022000 63022000 63022000 62979000 62979000 62979000 62979000 62935000 62935000 62935000 62892000 62892000 62892000 62838000 62838000 62838000 62838000 62795000 62795000 62795000 62762000 62762000 62762000 62719000 62719000 62719000 62676000 62676000 62676000 62676000 62633000 62633000 62633000 62589000 62589000 62589000 62525000 62525000 62525000 62525000 62481000 62481000 62481000 62438000 62438000 62438000 62395000 62395000 62395000 62395000 
power=10918000 10918000 10918000 10810000 10810000 10810000 10810000 10810000 10810000 10810000 10810000 10810000 10810000 10810000 10810000 10810000 10810000 10810000 10810000 10810000 10810000 10810000 10810000 10831000 10831000 10831000 10766000 10766000 10766000 10766000 10745000 10745000 10745000 10745000 10745000 10745000 10723000 10723000 10723000 10723000 10723000 10723000 10723000 10723000 10723000 10723000 10723000 10723000 10723000 10723000 10831000 10831000 10831000 10766000 10766000 10766000 10853000 10853000 10853000 10853000 10810000 10810000 10810000 10745000 10745000 10745000 10853000 10853000 10853000 10885000 10885000 10885000 10885000 10907000 10907000 10907000 10831000 10831000 10831000 10766000 10766000 10766000 10766000 10853000 10853000 10853000 10766000 10766000 10766000 10853000 10853000 10853000 10853000 10810000 10810000 10810000 10853000 10853000 10853000 10907000 10907000 10907000 10907000 10907000 10907000 10907000 10831000 10831000 10831000 10885000 10885000 10885000 10885000 10907000 10907000 10907000 10907000 10907000 10907000 10831000 10831000 10831000 10766000 10766000 10766000 10766000 10853000 10853000 10853000 10766000 10766000 10766000 10745000 10745000 10745000 10745000 10745000 10745000 10745000 10723000 10723000 10723000 10831000 10831000 10831000 10831000 10885000 10885000 10885000 10810000 10810000 10810000 10766000 10766000 10766000 10766000 10745000 10745000 10745000 10723000 10723000 10723000 10723000 10723000 10723000 10723000 10831000 10831000 10831000 10766000 10766000 10766000 10745000 10745000 10745000 10745000 10745000 10745000 10745000 10723000 10723000 10723000 10831000 10831000 10831000 10885000 10885000 10885000 10885000 10907000 10907000 10907000 10950000 10950000 10950000 10831000 10831000 10831000 10831000 
voltage=10810000 10810000 10810000 10810000 10810000 10810000 10810000 10810000 10810000 10810000 10810000 10810000 10810000 10810000 10810000 10810000 10810000 10810000 10810000 10810000 10810000 10810000 10810000 10810000 10810000 10810000 10810000 10810000 10810000 10810000 10810000 10810000 10810000 10810000 10810000 10810000 10810000 10810000 10810000 10810000 10810000 10810000 10810000 10810000 10810000 10810000 10810000 10810000 10810000 10810000 10810000 10810000 10810000 10810000 10810000 10810000 10810000 10810000 10810000 10810000 10810000 10810000 10810000 10810000 10810000 10810000 10810000 10810000 10810000 10810000 10810000 10810000 10810000 10810000 10810000 10810000 10810000 10810000 10810000 10810000 10810000 10810000 10810000 10810000 10810000 10810000 10810000 10810000 10810000 10810000 10810000 10810000 10810000 10810000 10810000 10810000 10810000 10810000 10810000 10810000 10810000 10810000 10810000 10810000 10810000 10810000 10810000 10810000 10810000 10810000 10810000 10810000 10810000 10810000 10810000 10810000 10810000 10810000 10810000 10810000 10810000 10810000 10810000 10810000 10810000 10810000 10810000 10810000 10810000 10810000 10810000 10810000 10810000 10810000 10810000 10810000 10810000 10810000 10810000 10810000 10810000 10810000 10810000 10810000 10810000 10810000 10810000 10810000 10810000 10810000 10810000 10810000 10810000 10810000 10810000 10810000 10810000 10810000 10810000 10810000 10810000 10810000 10810000 10810000 10810000 10810000 10810000 10810000 10810000 10810000 10810000 10810000 10810000 10810000 10810000 10810000 10810000 10810000 10810000 10810000 10810000 10810000 10810000 10810000 10810000 10810000 10810000 10810000 10810000 10810000 10810000 10810000 10810000 10810000 10810000 10810000 10810000 10810000 10810000 
captureT=0.00021800042 0.00022099994 0.00021599953 0.00021600044 0.00026399994 0.00026099951 0.00026100042 0.00021999949 0.00026100042 0.00021799951 0.00022099994 0.000215 0.00021799951 0.00021799951 0.00021599953 0.00021799951 0.00020800053 0.00026100042 0.0002200004 0.00021599953 0.00021600044 0.00021600044 0.00021600044 0.000215 0.00021799951 0.00026099951 0.00025999998 0.0002200004 0.000215 0.00022599943 0.00021599953 0.000215 0.00026399994 0.00026100042 0.00026099951 0.00021799951 0.00021800042 0.00026700036 0.00022099994 0.00021800042 0.000215 0.00021599953 0.00021599953 0.000215 0.00021800042 0.00021800042 0.00021899996 0.00021599953 0.00026099951 0.00020600055 0.00021799951 0.00021799951 0.000215 0.00021299911 0.00021799951 0.00021100004 0.00025999998 0.00028100021 0.00026099951 0.00026699945 0.00026100042 0.00021299911 0.00026399994 0.00021599953 0.00021599953 0.00021800042 0.00021799951 0.00021600044 0.00021599953 0.000215 0.00021899996 0.000215 0.00021799951 0.00021599953 0.00021799951 0.00021599953 0.00022099994 0.00021800042 0.00021600044 0.00026099951 0.00025400004 0.00026399994 0.00026399994 0.00021800042 0.000215 0.00021799951 0.00026399994 0.00021999949 0.00021800042 0.00021300002 0.00026100042 0.00025700047 0.00026100042 0.00025400004 0.0002200004 0.000215 0.00021599953 0.00021799951 0.000215 0.000215 0.00021799951 0.00021799951 0.000215 0.00021800042 0.000215 0.00021999949 0.00021799951 0.00021800042 0.00022099994 0.00021600044 0.00021600044 0.00021600044 0.00021600044 0.00026099951 0.00025999998 0.00025999998 0.00026099951 0.00021599953 0.00021599953 0.00021599953 0.000215 0.00021800042 0.00021599953 0.00021599953 0.00021800042 0.00021999949 0.00025400004 0.00021799951 0.00025699956 0.000258 0.00021600044 0.000215 0.00036900019 0.00021800042 0.00021999949 0.00022099994 0.00021799951 0.00021999949 0.000215 0.00021799951 0.000215 0.000215 0.00025700047 0.00021800042 0.00021799951 0.000215 0.00021600044 0.00021599953 0.00021799951 0.00021600044 0.00021899996 0.00021800042 0.00021799951 0.00021899996 0.00022099994 0.00021599953 0.00021800042 0.000215 0.00021599953 0.00032299977 0.00021599953 0.00022099994 0.00021800042 0.00022099994 0.00021599953 0.000215 0.00021799951 0.00021800042 0.00021600044 0.00025999998 0.00025700047 0.00021599953 0.00021800042 0.00021800042 0.000215 0.00021599953 0.00021800042 0.00021600044 0.00026099951 0.00021800042 0.00026399994 0.00026099951 0.00026399994 0.00026700036 0.00026099951 0.00046599962 0.00021800042 0.00021600044 0.00021800042 0.000215 0.00021799951 0.00021800042 0.00025700047 0.00025400004 0.00021799951 0.00021600044 0.000215 0.00026099951 0.00026100042 
sleepT=66.22762 66.343454 66.403547 66.323892 66.323219 66.342954 66.345544 66.358627 66.346516 66.405702 66.337349 66.402951 66.388258 66.311011 66.375908 66.331722 66.395431 66.295673 66.388028 66.39507 66.335842 66.402955 66.402556 66.321094 66.373243 66.314289 66.474052 66.348693 66.400905 66.40304 66.345188 66.404001 66.347151 66.260542 66.326797 66.406444 66.488712 66.308578 66.322007 66.39577 66.360229 66.404283 66.404641 66.32166 66.386604 66.407727 66.493907 66.36168 66.337838 66.364291 66.342321 66.393998 66.405552 66.262675 66.391442 66.407704 66.27707 66.333427 66.348572 66.355279 66.304809 66.367028 66.352481 66.317273 66.379251 66.39968 66.328422 66.376789 66.386905 66.497908 66.2879 66.348677 66.4072 66.332436 66.400243 66.40699 66.313218 66.384687 66.403566 66.478767 66.305818 66.353908 66.351124 66.334767 66.371647 66.349098 66.191676 66.326807 66.344073 66.489752 66.324839 66.355085 66.352003 66.30642 66.405371 66.399161 66.294163 66.379798 66.403211 66.316256 66.36302 66.400544 66.403474 66.354559 66.404266 66.397484 66.311481 66.388369 66.315541 66.310013 66.374323 66.405454 66.406672 66.285838 66.341942 66.344826 66.273681 66.403747 66.405015 66.325344 66.316567 66.390749 66.501669 66.35677 66.39193 66.344261 66.274597 66.406125 66.335613 66.272 66.384376 66.40792 66.486777 66.368033 66.403362 66.405479 66.322715 66.403392 66.331577 66.255712 66.344098 66.397484 66.453103 66.375625 66.318702 66.405818 66.343745 66.402662 66.396314 66.320161 66.37424 66.407617 66.323284 66.37521 66.404198 66.347827 66.313421 66.401221 66.405461 66.324244 66.402321 66.40493 66.309399 66.371647 66.401258 66.406575 66.287582 66.336782 66.334088 66.259693 66.34128 66.406073 66.313015 66.376654 66.332913 66.445649 66.29868 66.407218 66.354276 66.330669 66.282035 66.340668 66.258981 66.30132 66.341908 66.48884 66.357682 66.398617 66.40675 66.33351 66.403858 66.408672 66.258641 66.319296 66.393491 66.431251 66.373001 66.341407 66.341384 
