RUN=0
name=cam1
width=640
height=480
fps=15
realfps=0
reads=199
time=5
samples=2e+02
start_time=6663.58
end_time=7663.69
energy=69097000 69097000 69054000 69054000 69054000 69011000 69011000 69011000 68956000 68956000 68956000 68956000 68902000 68902000 68902000 68859000 68859000 68859000 68816000 68816000 68816000 68816000 68762000 68762000 68762000 68719000 68719000 68719000 68675000 68675000 68675000 68675000 68632000 68632000 68632000 68589000 68589000 68589000 68546000 68546000 68546000 68492000 68492000 68492000 68492000 68448000 68448000 68448000 68405000 68405000 68405000 68362000 68362000 68362000 68362000 68319000 68319000 68319000 68275000 68275000 68275000 68232000 68232000 68232000 68232000 68178000 68178000 68178000 68135000 68135000 68135000 68092000 68092000 68092000 68048000 68048000 68048000 68048000 68005000 68005000 68005000 67962000 67962000 67962000 67908000 67908000 67908000 67908000 67865000 67865000 67865000 67821000 67821000 67821000 67778000 67778000 67778000 67735000 67735000 67735000 67735000 67692000 67692000 67692000 67638000 67638000 67638000 67594000 67594000 67594000 67594000 67551000 67551000 67551000 67497000 67497000 67497000 67443000 67443000 67443000 67400000 67400000 67400000 67400000 67357000 67357000 67357000 67313000 67313000 67313000 67270000 67270000 67270000 67270000 67227000 67227000 67227000 67173000 67173000 67173000 67130000 67130000 67130000 67130000 67086000 67086000 67086000 67043000 67043000 67043000 67000000 67000000 67000000 66957000 66957000 66957000 66957000 66913000 66913000 66913000 66859000 66859000 66859000 66816000 66816000 66816000 66816000 66773000 66773000 66773000 66730000 66730000 66730000 66686000 66686000 66686000 66643000 66643000 66643000 66643000 66589000 66589000 66589000 66546000 66546000 66546000 66503000 66503000 66503000 66503000 66449000 66449000 66449000 66395000 66395000 66395000 66351000 66351000 66351000 
power=11209000 11209000 11123000 11123000 11123000 10950000 10950000 10950000 10950000 10950000 10950000 10950000 10950000 10950000 10950000 10950000 10950000 10950000 10950000 10950000 10950000 10950000 10950000 10950000 10950000 10950000 10950000 10950000 10950000 10950000 10950000 10950000 10950000 10950000 10950000 10950000 10950000 10950000 10950000 10950000 10950000 10950000 10950000 10950000 10950000 10950000 10950000 10950000 10950000 10950000 10950000 10950000 10950000 10950000 10950000 10950000 10950000 10950000 10950000 10950000 10950000 10950000 10950000 10950000 10950000 10950000 10950000 10950000 10950000 10950000 10950000 10950000 10950000 10950000 10950000 10950000 10950000 10950000 10950000 10950000 10950000 10950000 10950000 10950000 10950000 10950000 10950000 10950000 10950000 10950000 10950000 10950000 10950000 10950000 10950000 10950000 10950000 10950000 10950000 10950000 10950000 10950000 10950000 10950000 10950000 10950000 10950000 10950000 10950000 10950000 10950000 10950000 10950000 10950000 10950000 10950000 10950000 10950000 10950000 10950000 10950000 10950000 10950000 10950000 10950000 10950000 10950000 10950000 10950000 10950000 10950000 10950000 10950000 10950000 10950000 10950000 10950000 10950000 10950000 10950000 10950000 10950000 10950000 10950000 10950000 10950000 10950000 10950000 10950000 10950000 11058000 11058000 11058000 11004000 11004000 11004000 11004000 10972000 10972000 10972000 10972000 10972000 10972000 10950000 10950000 10950000 10950000 10950000 10950000 10950000 10950000 10950000 10950000 10950000 10950000 10950000 10950000 10950000 10950000 10950000 10950000 10950000 10950000 10950000 10950000 10950000 10950000 10950000 10950000 10950000 10950000 10950000 10950000 10950000 10950000 10950000 10950000 10950000 10950000 
voltage=10810000 10810000 10810000 10810000 10810000 10810000 10810000 10810000 10810000 10810000 10810000 10810000 10810000 10810000 10810000 10810000 10810000 10810000 10810000 10810000 10810000 10810000 10810000 10810000 10810000 10810000 10810000 10810000 10810000 10810000 10810000 10810000 10810000 10810000 10810000 10810000 10810000 10810000 10810000 10810000 10810000 10810000 10810000 10810000 10810000 10810000 10810000 10810000 10810000 10810000 10810000 10810000 10810000 10810000 10810000 10810000 10810000 10810000 10810000 10810000 10810000 10810000 10810000 10810000 10810000 10810000 10810000 10810000 10810000 10810000 10810000 10810000 10810000 10810000 10810000 10810000 10810000 10810000 10810000 10810000 10810000 10810000 10810000 10810000 10810000 10810000 10810000 10810000 10810000 10810000 10810000 10810000 10810000 10810000 10810000 10810000 10810000 10810000 10810000 10810000 10810000 10810000 10810000 10810000 10810000 10810000 10810000 10810000 10810000 10810000 10810000 10810000 10810000 10810000 10810000 10810000 10810000 10810000 10810000 10810000 10810000 10810000 10810000 10810000 10810000 10810000 10810000 10810000 10810000 10810000 10810000 10810000 10810000 10810000 10810000 10810000 10810000 10810000 10810000 10810000 10810000 10810000 10810000 10810000 10810000 10810000 10810000 10810000 10810000 10810000 10810000 10810000 10810000 10810000 10810000 10810000 10810000 10810000 10810000 10810000 10810000 10810000 10810000 10810000 10810000 10810000 10810000 10810000 10810000 10810000 10810000 10810000 10810000 10810000 10810000 10810000 10810000 10810000 10810000 10810000 10810000 10810000 10810000 10810000 10810000 10810000 10810000 10810000 10810000 10810000 10810000 10810000 10810000 10810000 10810000 10810000 10810000 10810000 10810000 
captureT=0.00021800042 0.00022299992 0.00021600044 0.000215 0.00021800042 0.00021599953 0.00021600044 0.000215 0.00021599953 0.00026100042 0.00026100042 0.00026100042 0.00026100042 0.00021799951 0.00026100042 0.00021599953 0.000215 0.00021600044 0.000215 0.000215 0.00021599953 0.00021600044 0.000215 0.00021599953 0.00021599953 0.00021599953 0.00025700047 0.00026099951 0.00025700047 0.00026100042 0.00025999998 0.00026399994 0.000215 0.0002200004 0.00025999998 0.00025999998 0.00025700047 0.000215 0.00025999998 0.00025699956 0.000215 0.00021599953 0.00021600044 0.00021600044 0.00021599953 0.000215 0.00021800042 0.00021599953 0.00021599953 0.000215 0.00021600044 0.00021800042 0.00021599953 0.00021799951 0.00021600044 0.000215 0.00021599953 0.00021600044 0.00022099994 0.00025699956 0.00025999998 0.00021600044 0.00021799951 0.000215 0.000215 0.00021599953 0.00021599953 0.000215 0.000215 0.00021800042 0.00021800042 0.00021799951 0.000215 0.00026100042 0.00021599953 0.00021600044 0.00021800042 0.00021800042 0.000215 0.00021599953 0.000215 0.00021600044 0.00020799962 0.000215 0.00025999998 0.00025999998 0.00025400004 0.00025999998 0.000215 0.00021599953 0.000215 0.00025999998 0.00025999998 0.00026099951 0.000258 0.00021800042 0.00026100042 0.000215 0.00021600044 0.000215 0.00021600044 0.00021599953 0.000215 0.00020800053 0.000215 0.00022400036 0.000258 0.00027999977 0.000215 0.00025999998 0.00025700047 0.00021600044 0.00021600044 0.00021600044 0.00021799951 0.00021599953 0.000215 0.00021599953 0.000215 0.00021600044 0.0002429997 0.00021600044 0.00025700047 0.000215 0.000215 0.00021799951 0.000215 0.000215 0.00021599953 0.000215 0.00025999998 0.00025999998 0.000215 0.00021599953 0.000215 0.00021599953 0.000215 0.000215 0.00021600044 0.000215 0.00026399994 0.00021600044 0.00021599953 0.00025999998 0.00026100042 0.000215 0.00021599953 0.00021799951 0.000215 0.00021800042 0.00025999998 0.00021800042 0.00027999977 0.00021600044 0.00023800021 0.00021600044 0.00021599953 0.000215 0.00020300013 0.00021600044 0.00042200008 0.00025999998 0.00026099951 0.00026100042 0.00020800053 0.00027999977 0.00026099951 0.00021599953 0.000215 0.000215 0.00020300013 0.000215 0.00022400036 0.00026099951 0.00021799951 0.00021599953 0.00042400006 0.00021599953 0.00026100042 0.00025699956 0.00025699956 0.00021600044 0.00021600044 0.000215 0.00022099994 0.00025999998 0.00025699956 0.00026100042 0.00026399994 0.00021600044 0.00025999998 0.00025700047 0.000215 0.00021599953 0.000215 0.000215 0.00021599953 0.00021600044 0.00021599953 
sleepT=66.202248 66.383634 66.321599 66.392627 66.390534 66.324474 66.377341 66.369241 66.409238 66.299008 66.339703 66.33887 66.267816 66.375311 66.274419 66.323789 66.370008 66.394409 66.47682 66.363026 66.395682 66.394985 66.345935 66.392256 66.393652 66.323872 66.260465 66.340081 66.256929 66.309998 66.335499 66.338623 66.287915 66.394264 66.344883 66.275526 66.289952 66.387945 66.261835 66.323172 66.396908 66.485712 66.34992 66.390902 66.396744 66.325672 66.395795 66.394569 66.300201 66.361502 66.323378 66.48278 66.364228 66.391875 66.396829 66.33858 66.395962 66.334968 66.324396 66.315623 66.343439 66.327005 66.327735 66.383532 66.384627 66.352293 66.396616 66.382883 66.285512 66.328111 66.334198 66.266472 66.375559 66.335556 66.482125 66.345882 66.392943 66.396201 66.329662 66.365609 66.298815 66.26621 66.379484 66.391399 66.257551 66.306574 66.279462 66.338494 66.340452 66.391527 66.397635 66.263937 66.340024 66.341721 66.260184 66.3657 66.341561 66.479582 66.325344 66.366149 66.364812 66.262567 66.33472 66.334412 66.260101 66.374571 66.341056 66.450597 66.361803 66.292455 66.273999 66.335945 66.398276 66.383797 66.316121 66.392587 66.397294 66.32024 66.369941 66.39187 66.502522 66.350073 66.27452 66.394662 66.314727 66.392178 66.378151 66.328587 66.356075 66.394569 66.45692 66.307085 66.394201 66.394759 66.327118 66.392396 66.397159 66.320863 66.338845 66.361306 66.268141 66.330201 66.29979 66.339683 66.28383 66.392246 66.329138 66.321903 66.393251 66.395258 66.258223 66.353783 65.586969 66.48089 66.355256 66.395065 66.396617 66.31404 66.365782 66.383667 66.286687 66.326517 66.342707 66.446446 66.400168 66.361785 66.351472 66.368519 66.405001 66.40573 66.353008 66.402372 66.344268 66.300645 66.387784 66.404727 66.488283 66.317907 66.352181 66.351249 66.311269 66.395105 66.282213 66.285434 66.379339 66.341371 66.451419 66.318299 66.342837 66.397206 66.306781 66.352529 66.405893 66.366699 66.362725 66.403176 66.347805 66.386918 66.405418 
