RUN=0
name=cam1
width=640
height=480
fps=5
realfps=0
reads=199
time=5
samples=2e+02
start_time=14853.3
end_time=15853.7
energy=48320000 48320000 48255000 48255000 48255000 48212000 48212000 48212000 48212000 48169000 48169000 48169000 48126000 48126000 48126000 48082000 48082000 48082000 48082000 48039000 48039000 48039000 47996000 47996000 47996000 47942000 47942000 47942000 47888000 47888000 47888000 47888000 47845000 47845000 47845000 47801000 47801000 47801000 47747000 47747000 47747000 47747000 47704000 47704000 47704000 47661000 47661000 47661000 47618000 47618000 47618000 47618000 47574000 47574000 47574000 47509000 47509000 47509000 47466000 47466000 47466000 47423000 47423000 47423000 47423000 47380000 47380000 47380000 47336000 47336000 47336000 47282000 47282000 47282000 47282000 47239000 47239000 47239000 47185000 47185000 47185000 47131000 47131000 47131000 47088000 47088000 47088000 47088000 47045000 47045000 47045000 47001000 47001000 47001000 46958000 46958000 46958000 46958000 46915000 46915000 46915000 46850000 46850000 46850000 46807000 46807000 46807000 46807000 46764000 46764000 46764000 46720000 46720000 46720000 46677000 46677000 46677000 46623000 46623000 46623000 46623000 46580000 46580000 46580000 46526000 46526000 46526000 46472000 46472000 46472000 46472000 46428000 46428000 46428000 46385000 46385000 46385000 46342000 46342000 46342000 46299000 46299000 46299000 46299000 46255000 46255000 46255000 46191000 46191000 46191000 46147000 46147000 46147000 46147000 46104000 46104000 46104000 46061000 46061000 46061000 46007000 46007000 46007000 46007000 45964000 45964000 45964000 45910000 45910000 45910000 45866000 45866000 45866000 45812000 45812000 45812000 45812000 45769000 45769000 45769000 45726000 45726000 45726000 45683000 45683000 45683000 45683000 45639000 45639000 45639000 45574000 45574000 45574000 45531000 45531000 45531000 45488000 45488000 45488000 
power=10734000 10734000 10582000 10582000 10582000 10626000 10626000 10626000 10626000 10669000 10669000 10669000 10691000 10691000 10691000 10604000 10604000 10604000 10604000 10669000 10669000 10669000 10691000 10691000 10691000 10582000 10582000 10582000 10669000 10669000 10669000 10669000 10691000 10691000 10691000 10582000 10582000 10582000 10550000 10550000 10550000 10550000 10626000 10626000 10626000 10669000 10669000 10669000 10691000 10691000 10691000 10691000 10723000 10723000 10723000 10604000 10604000 10604000 10669000 10669000 10669000 10691000 10691000 10691000 10691000 10691000 10691000 10691000 10723000 10723000 10723000 10723000 10723000 10723000 10723000 10723000 10723000 10723000 10604000 10604000 10604000 10669000 10669000 10669000 10582000 10582000 10582000 10582000 10626000 10626000 10626000 10691000 10691000 10691000 10691000 10691000 10691000 10691000 10604000 10604000 10604000 10669000 10669000 10669000 10691000 10691000 10691000 10691000 10691000 10691000 10691000 10723000 10723000 10723000 10604000 10604000 10604000 10669000 10669000 10669000 10669000 10582000 10582000 10582000 10626000 10626000 10626000 10691000 10691000 10691000 10691000 10691000 10691000 10691000 10723000 10723000 10723000 10723000 10723000 10723000 10723000 10723000 10723000 10723000 10723000 10723000 10723000 10723000 10723000 10723000 10723000 10723000 10723000 10723000 10723000 10723000 10723000 10723000 10723000 10723000 10723000 10723000 10723000 10723000 10723000 10723000 10723000 10723000 10723000 10723000 10723000 10723000 10723000 10723000 10723000 10723000 10723000 10831000 10831000 10831000 10777000 10777000 10777000 10745000 10745000 10745000 10745000 10745000 10745000 10745000 10723000 10723000 10723000 10723000 10723000 10723000 10723000 10723000 10723000 
voltage=10810000 10810000 10810000 10810000 10810000 10810000 10810000 10810000 10810000 10810000 10810000 10810000 10810000 10810000 10810000 10810000 10810000 10810000 10810000 10810000 10810000 10810000 10810000 10810000 10810000 10810000 10810000 10810000 10810000 10810000 10810000 10810000 10810000 10810000 10810000 10810000 10810000 10810000 10810000 10810000 10810000 10810000 10810000 10810000 10810000 10810000 10810000 10810000 10810000 10810000 10810000 10810000 10810000 10810000 10810000 10810000 10810000 10810000 10810000 10810000 10810000 10810000 10810000 10810000 10810000 10810000 10810000 10810000 10810000 10810000 10810000 10810000 10810000 10810000 10810000 10810000 10810000 10810000 10810000 10810000 10810000 10810000 10810000 10810000 10810000 10810000 10810000 10810000 10810000 10810000 10810000 10810000 10810000 10810000 10810000 10810000 10810000 10810000 10810000 10810000 10810000 10810000 10810000 10810000 10810000 10810000 10810000 10810000 10810000 10810000 10810000 10810000 10810000 10810000 10810000 10810000 10810000 10810000 10810000 10810000 10810000 10810000 10810000 10810000 10810000 10810000 10810000 10810000 10810000 10810000 10810000 10810000 10810000 10810000 10810000 10810000 10810000 10810000 10810000 10810000 10810000 10810000 10810000 10810000 10810000 10810000 10810000 10810000 10810000 10810000 10810000 10810000 10810000 10810000 10810000 10810000 10810000 10810000 10810000 10810000 10810000 10810000 10810000 10810000 10810000 10810000 10810000 10810000 10810000 10810000 10810000 10810000 10810000 10810000 10810000 10810000 10810000 10810000 10810000 10810000 10810000 10810000 10810000 10810000 10810000 10810000 10810000 10810000 10810000 10810000 10810000 10810000 10810000 10810000 10810000 10810000 10810000 10810000 10810000 
captureT=0.00021000051 0.00026000089 0.00026400085 0.00021099913 0.0002179986 0.00026099951 0.00020800144 0.00021800042 0.00026399903 0.00020799962 0.00021800042 0.00021800042 0.00021000051 0.00020799962 0.00026100133 0.00026399903 0.00021000051 0.00021800042 0.00026099951 0.00020999869 0.00021800042 0.00026000089 0.00021000051 0.0002179986 0.00026700036 0.00021000051 0.00020799962 0.00026000089 0.00021599953 0.00021000051 0.00021800042 0.00026700036 0.00021000051 0.00021800042 0.00026400085 0.00021099913 0.0002179986 0.00021800042 0.00026699854 0.00021099913 0.00021999949 0.00025999907 0.00021100095 0.00021800042 0.00026400085 0.00021800042 0.00021800042 0.00026700036 0.00026700036 0.00021099913 0.00022099994 0.00026399903 0.00021000051 0.00020599873 0.00021600135 0.00026099951 0.00020799962 0.00021899905 0.00026000089 0.00021000051 0.00021099913 0.00021999949 0.00026400085 0.00021099913 0.00021800042 0.00026099951 0.00021000051 0.00021099913 0.0002179986 0.00026399903 0.00021000051 0.00022599852 0.00021600135 0.00025999907 0.00021099913 0.00022099994 0.00021499909 0.00021000051 0.00021099913 0.00022099994 0.00026399903 0.00021000051 0.00021100095 0.00026000089 0.00026400085 0.00021100095 0.00021800042 0.00026100133 0.00021099913 0.00021800042 0.00021800042 0.00026400085 0.00021000051 0.00021800042 0.00023299981 0.00026400085 0.00022800123 0.00026799898 0.00023699977 0.00026700036 0.00026100133 0.00020999869 0.00021800042 0.00025999907 0.00021599953 0.0002179986 0.00021800042 0.00022099994 0.00020799962 0.00022099994 0.00025699956 0.00021100095 0.00022099994 0.00021800042 0.00022499989 0.00024800102 0.00022099994 0.00026000089 0.00021000051 0.00021999949 0.00025999907 0.00022300082 0.00020800144 0.00022100176 0.00025699956 0.00021100095 0.00021800042 0.00022099994 0.00022299901 0.00026399903 0.00022099994 0.00025999907 0.00021099913 0.00021800042 0.00025699956 0.00021899905 0.00021100095 0.00021800042 0.00025699956 0.00021000051 0.00021599953 0.00021800042 0.00022600034 0.00021000051 0.00021800042 0.00026399903 0.00021000051 0.00021000051 0.00021800042 0.00026000089 0.00021100095 0.00021800042 0.00026100133 0.00026099951 0.00021099913 0.00021800042 0.00025699956 0.00021000051 0.00020799962 0.00025699956 0.00026100133 0.00021099913 0.00021800042 0.00026099951 0.00022299901 0.00021099913 0.00021800042 0.00026000089 0.00020799962 0.00021800042 0.00026100133 0.00020999869 0.00021800042 0.00025700137 0.00021000051 0.0002179986 0.00026799898 0.00021099913 0.00021000051 0.00025699956 0.00026699854 0.00021000051 0.0002179986 0.00026400085 0.00021999949 0.00021099913 0.00022099994 0.00026099951 0.00020799962 0.00021099913 0.00021600135 0.00026099951 0.00021000051 0.00020799962 0.00022099994 0.00026700036 0.00021099913 0.00021800042 0.00021800042 
sleepT=199.61491 199.67602 199.68263 199.68401 199.724 199.6835 199.7359 199.73886 199.63008 199.69253 199.72198 199.73578 199.67177 199.71823 199.68217 199.63124 199.7357 199.73896 199.68379 199.73845 199.69773 199.64538 199.73279 199.72659 199.68307 199.66519 199.73535 199.63318 199.73201 199.737 199.72996 199.65106 199.69449 199.69257 199.67046 199.73801 199.73795 199.74074 199.67268 199.68328 199.73639 199.68831 199.73978 199.72561 199.63354 199.63234 199.72335 199.68429 199.6815 199.73889 199.71926 199.63669 199.6757 199.73783 199.73628 199.68458 199.69467 199.69278 199.67735 199.67952 199.73296 199.73902 199.6837 199.67101 199.72345 199.68463 199.73616 199.74057 199.69648 199.64065 199.73094 199.7363 199.7383 199.68522 199.73873 199.70269 199.72654 199.67408 199.72768 199.73646 199.64258 199.70564 199.73145 199.68305 199.6833 199.73822 199.73944 199.64708 199.66396 199.72571 199.73671 199.68362 199.69348 199.70301 199.68194 199.68039 199.68294 199.68435 199.68672 199.64455 199.67816 199.72671 199.73552 199.68388 199.67464 199.69435 199.7332 199.73678 199.73822 199.73943 199.68553 199.6988 199.72309 199.72599 199.73729 199.68533 199.69583 199.64911 199.74037 199.72413 199.6748 199.7391 199.73928 199.70275 199.68431 199.73767 199.72024 199.73645 199.6982 199.64999 199.73612 199.6805 199.73022 199.7393 199.68629 199.69981 199.73899 199.73847 199.68623 199.72746 199.69018 199.70272 199.73894 199.73474 199.74112 199.67502 199.73938 199.69922 199.73672 199.68453 199.73892 199.705 199.64669 199.64319 199.7357 199.73273 199.68613 199.67539 199.73804 199.64508 199.68526 199.73816 199.73866 199.68529 199.69468 199.70414 199.73011 199.68225 199.73863 199.74028 199.68682 199.70183 199.73646 199.6835 199.73972 199.72679 199.63905 199.69736 199.73769 199.68413 199.68306 199.73911 199.73824 199.64574 199.73767 199.73853 199.73939 199.67485 199.63521 199.70251 199.73833 199.68335 199.73538 199.73809 199.73673 199.64954 199.73647 199.72302 199.73999 
