RUN=0
name=cam1
width=640
height=480
fps=5
realfps=0
reads=199
time=5
samples=2e+02
start_time=3331.05
end_time=4331.44
energy=74513000 74513000 74459000 74459000 74459000 74416000 74416000 74416000 74416000 74372000 74372000 74372000 74329000 74329000 74329000 74286000 74286000 74286000 74286000 74243000 74243000 74243000 74189000 74189000 74189000 74145000 74145000 74145000 74145000 74102000 74102000 74102000 74059000 74059000 74059000 74026000 74026000 74026000 73983000 73983000 73983000 73983000 73940000 73940000 73940000 73897000 73897000 73897000 73853000 73853000 73853000 73853000 73799000 73799000 73799000 73756000 73756000 73756000 73713000 73713000 73713000 73713000 73670000 73670000 73670000 73626000 73626000 73626000 73583000 73583000 73583000 73583000 73529000 73529000 73529000 73486000 73486000 73486000 73443000 73443000 73443000 73443000 73410000 73410000 73410000 73367000 73367000 73367000 73324000 73324000 73324000 73324000 73280000 73280000 73280000 73237000 73237000 73237000 73194000 73194000 73194000 73140000 73140000 73140000 73140000 73097000 73097000 73097000 73053000 73053000 73053000 73010000 73010000 73010000 73010000 72967000 72967000 72967000 72924000 72924000 72924000 72870000 72870000 72870000 72870000 72826000 72826000 72826000 72783000 72783000 72783000 72740000 72740000 72740000 72740000 72708000 72708000 72708000 72664000 72664000 72664000 72621000 72621000 72621000 72621000 72578000 72578000 72578000 72535000 72535000 72535000 72481000 72481000 72481000 72481000 72437000 72437000 72437000 72394000 72394000 72394000 72351000 72351000 72351000 72308000 72308000 72308000 72308000 72264000 72264000 72264000 72210000 72210000 72210000 72167000 72167000 72167000 72167000 72124000 72124000 72124000 72081000 72081000 72081000 72037000 72037000 72037000 72037000 72005000 72005000 72005000 71962000 71962000 71962000 71918000 71918000 71918000 71918000 71864000 
power=10896000 10896000 10810000 10810000 10810000 10691000 10691000 10691000 10691000 10691000 10691000 10691000 10669000 10669000 10669000 10669000 10669000 10669000 10669000 10788000 10788000 10788000 10723000 10723000 10723000 10691000 10691000 10691000 10691000 10691000 10691000 10691000 10669000 10669000 10669000 10788000 10788000 10788000 10723000 10723000 10723000 10723000 10691000 10691000 10691000 10691000 10691000 10691000 10669000 10669000 10669000 10669000 10788000 10788000 10788000 10723000 10723000 10723000 10691000 10691000 10691000 10691000 10810000 10810000 10810000 10723000 10723000 10723000 10810000 10810000 10810000 10810000 10755000 10755000 10755000 10691000 10691000 10691000 10691000 10691000 10691000 10691000 10669000 10669000 10669000 10669000 10669000 10669000 10669000 10669000 10669000 10669000 10669000 10669000 10669000 10669000 10669000 10669000 10669000 10669000 10669000 10669000 10669000 10669000 10669000 10788000 10788000 10788000 10842000 10842000 10842000 10874000 10874000 10874000 10874000 10907000 10907000 10907000 10907000 10907000 10907000 10788000 10788000 10788000 10788000 10723000 10723000 10723000 10691000 10691000 10691000 10669000 10669000 10669000 10669000 10788000 10788000 10788000 10842000 10842000 10842000 10874000 10874000 10874000 10874000 10907000 10907000 10907000 10788000 10788000 10788000 10723000 10723000 10723000 10723000 10691000 10691000 10691000 10669000 10669000 10669000 10788000 10788000 10788000 10723000 10723000 10723000 10723000 10691000 10691000 10691000 10810000 10810000 10810000 10723000 10723000 10723000 10723000 10810000 10810000 10810000 10874000 10874000 10874000 10874000 10874000 10874000 10874000 10907000 10907000 10907000 10810000 10810000 10810000 10810000 10810000 10810000 10810000 10810000 
voltage=10810000 10810000 10810000 10810000 10810000 10810000 10810000 10810000 10810000 10810000 10810000 10810000 10810000 10810000 10810000 10810000 10810000 10810000 10810000 10810000 10810000 10810000 10810000 10810000 10810000 10810000 10810000 10810000 10810000 10810000 10810000 10810000 10810000 10810000 10810000 10810000 10810000 10810000 10810000 10810000 10810000 10810000 10810000 10810000 10810000 10810000 10810000 10810000 10810000 10810000 10810000 10810000 10810000 10810000 10810000 10810000 10810000 10810000 10810000 10810000 10810000 10810000 10810000 10810000 10810000 10810000 10810000 10810000 10810000 10810000 10810000 10810000 10810000 10810000 10810000 10810000 10810000 10810000 10810000 10810000 10810000 10810000 10810000 10810000 10810000 10810000 10810000 10810000 10810000 10810000 10810000 10810000 10810000 10810000 10810000 10810000 10810000 10810000 10810000 10810000 10810000 10810000 10810000 10810000 10810000 10810000 10810000 10810000 10810000 10810000 10810000 10810000 10810000 10810000 10810000 10810000 10810000 10810000 10810000 10810000 10810000 10810000 10810000 10810000 10810000 10810000 10810000 10810000 10810000 10810000 10810000 10810000 10810000 10810000 10810000 10810000 10810000 10810000 10810000 10810000 10810000 10810000 10810000 10810000 10810000 10810000 10810000 10810000 10810000 10810000 10810000 10810000 10810000 10810000 10810000 10810000 10810000 10810000 10810000 10810000 10810000 10810000 10810000 10810000 10810000 10810000 10810000 10810000 10810000 10810000 10810000 10810000 10810000 10810000 10810000 10810000 10810000 10810000 10810000 10810000 10810000 10810000 10810000 10810000 10810000 10810000 10810000 10810000 10810000 10810000 10810000 10810000 10810000 10810000 10810000 10810000 10810000 10810000 10810000 
captureT=0.00022599988 0.00022799986 0.00022999984 0.00022500035 0.0002669999 0.0002669999 0.00022599988 0.00022599988 0.00027400029 0.00022299992 0.00022799986 0.00022299992 0.00026799989 0.00022799986 0.00022799986 0.00026799989 0.00024800011 0.00022900031 0.00022599988 0.0002669999 0.00022599988 0.00022799986 0.00029100011 0.00022299992 0.00022499989 0.00022899985 0.00023099983 0.00023099983 0.00026799989 0.0002669999 0.00022799986 0.00022299992 0.0002669999 0.00022499989 0.00022599988 0.00026799989 0.00022499989 0.00022499989 0.00026700036 0.00023299981 0.00022299992 0.00026799989 0.00022899985 0.00022800032 0.00022499989 0.00023299981 0.00026799989 0.00023099983 0.00022999984 0.00027800024 0.00022800032 0.00022099994 0.00026700036 0.00023299981 0.00022299992 0.00022799986 0.00026800035 0.00023300026 0.00043399996 0.00023299981 0.00022500035 0.00022799986 0.00022800032 0.00023100029 0.00023699977 0.00045099978 0.00023299981 0.0002669999 0.00022999984 0.00022299992 0.00022499989 0.00023299981 0.00023299981 0.00026799989 0.00022799986 0.00022300037 0.00022300037 0.00026799989 0.00022499989 0.00023299981 0.00026799989 0.00022299992 0.00022999984 0.0002669999 0.00022799986 0.00033800006 0.0002669999 0.00022499989 0.00022300037 0.00022299992 0.00023099983 0.00023099983 0.00023299981 0.00022800032 0.00026799989 0.00022599988 0.00022499989 0.00026799989 0.00022900031 0.00023299981 0.00023099983 0.00051500001 0.00022499989 0.00023300026 0.00023099983 0.0002669999 0.00023299981 0.00022500035 0.00026799989 0.00022800032 0.00022299992 0.0002669999 0.00022799986 0.00022499989 0.00026799989 0.0002669999 0.00023100029 0.00022299992 0.0002669999 0.00022499989 0.00022800032 0.00023299981 0.00022599988 0.00022299992 0.0002669999 0.00022799986 0.00022799986 0.00022299992 0.00027399983 0.00022800032 0.00026799989 0.00023099983 0.00022599988 0.00022799986 0.00026700036 0.00026800035 0.00022799986 0.00022299992 0.00023299981 0.00022300037 0.00022599988 0.00026799989 0.00022799986 0.00022599988 0.00022799986 0.00026700036 0.00022499989 0.00022800032 0.00037799964 0.00023099983 0.00022599988 0.00022600034 0.00026699945 0.00022499989 0.00022499989 0.00026700036 0.00025999998 0.00022800032 0.0002300003 0.00026699945 0.00022800032 0.00022600034 0.00023100074 0.00026700036 0.00046100013 0.00022800032 0.00026700036 0.00022299992 0.00023299981 0.00026799989 0.00022499989 0.00022800032 0.00027399983 0.00023299981 0.00019799973 0.00026799989 0.00022999939 0.00022299992 0.0002250008 0.00026700036 0.00022299992 0.00022800032 0.00026799989 0.00022800032 0.00022299992 0.00022600034 0.00026799989 0.0002250008 0.00027399983 0.00022499989 0.00023099983 0.00026799989 0.00022299992 0.00022599943 0.00023299981 0.00026700036 0.00022299992 0.00022800032 0.00026700036 
sleepT=199.6069 199.73098 199.6808 199.61848 199.66712 199.61197 199.71207 199.7351 199.65957 199.69079 199.73368 199.7383 199.64118 199.71195 199.72445 199.58461 199.59867 199.73678 199.73619 199.6368 199.73282 199.73816 199.63865 199.73391 199.7361 199.67873 199.70825 199.65383 199.67426 199.64624 199.72779 199.73626 199.62854 199.73612 199.73594 199.62533 199.7149 199.73034 199.79717 199.59036 199.73162 199.68313 199.69195 199.72581 199.73481 199.67319 199.66784 199.73851 199.82136 199.64398 199.67846 199.65445 199.63735 199.71805 199.72631 199.65803 199.65827 199.67931 199.8008 199.70789 199.66526 199.73725 199.70232 199.64894 199.64986 199.63809 199.7105 199.68231 199.81945 199.71347 199.73658 199.66868 199.70195 199.68326 199.73831 199.62638 199.71069 199.67448 199.67286 199.71881 199.67272 199.73685 199.69741 199.68484 199.73619 199.67898 199.68076 199.64026 199.67155 199.71827 199.72553 199.73706 199.70249 199.73538 199.68327 199.68581 199.73592 199.68582 199.6102 199.65343 199.72527 199.79659 199.69239 199.73603 199.73628 199.62723 199.73325 199.73862 199.62654 199.72097 199.73466 199.79196 199.70053 199.74028 199.68388 199.55052 199.73554 199.73721 199.6327 199.7163 199.73577 199.81992 199.71794 199.65282 199.67514 199.69181 199.73382 199.72082 199.54351 199.71222 199.66884 199.82433 199.71643 199.7379 199.67114 199.59936 199.73264 199.73823 199.68182 199.66518 199.72025 199.61657 199.71683 199.73854 199.73715 199.64468 199.73777 199.65464 199.63346 199.72415 199.73713 199.67016 199.66713 199.72615 199.73612 199.64228 199.68375 199.66983 199.68539 199.61378 199.72105 199.65803 199.71722 199.683 199.82138 199.68675 199.67817 199.73855 199.69162 199.68352 199.72851 199.61302 199.65832 199.64938 199.80894 199.65597 199.73301 199.7389 199.68492 199.68296 199.73529 199.68375 199.66622 199.59861 199.81831 199.71376 199.68292 199.73656 199.62703 199.72571 199.7167 199.62326 199.7117 199.73769 199.82043 199.59886 199.71767 199.73445 199.64519 
