RUN=0
name=system
width=0
height=0
fps=5
realfps=5
reads=200
time=5
samples=2e+02
start_time=172.947
end_time=1173.05
energy=81950000 81950000 81950000 81950000 81950000 81950000 81950000 81950000 81950000 81950000 81950000 81950000 81950000 81950000 81950000 81950000 81950000 81950000 81950000 81950000 81950000 81950000 81118000 81118000 81085000 81085000 81085000 81085000 81064000 81064000 81064000 81042000 81042000 81042000 81010000 81010000 81010000 81010000 80988000 80988000 80988000 80956000 80956000 80956000 80923000 80923000 80923000 80923000 80891000 80891000 80891000 80858000 80858000 80858000 80837000 80837000 80837000 80837000 80804000 80804000 80804000 80772000 80772000 80772000 80739000 80739000 80739000 80718000 80718000 80718000 80718000 80685000 80685000 80685000 80653000 80653000 80653000 80620000 80620000 80620000 80620000 80599000 80599000 80599000 80566000 80566000 80566000 80534000 80534000 80534000 80534000 80502000 80502000 80502000 80469000 80469000 80469000 80448000 80448000 80448000 80448000 80415000 80415000 80415000 80383000 80383000 80383000 80350000 80350000 80350000 80350000 80329000 80329000 80329000 80296000 80296000 80296000 80264000 80264000 80264000 80264000 80231000 80231000 80231000 80199000 80199000 80199000 80177000 80177000 80177000 80145000 80145000 80145000 80145000 80112000 80112000 80112000 80080000 80080000 80080000 80058000 80058000 80058000 80058000 80026000 80026000 80026000 79994000 79994000 79994000 79961000 79961000 79961000 79961000 79939000 79939000 79939000 79907000 79907000 79907000 79875000 79875000 79875000 79875000 79842000 79842000 79842000 79810000 79810000 79810000 79788000 79788000 79788000 79788000 79756000 79756000 79756000 79723000 79723000 79723000 79691000 79691000 79691000 79669000 79669000 79669000 79669000 79637000 79637000 79637000 79604000 79604000 79604000 79572000 79572000 79572000 79572000 79539000 79539000 79539000 
power=8766000 8021000 8021000 8021000 8021000 7404000 7404000 7404000 7372000 7372000 7372000 7372000 7372000 7372000 7372000 7372000 7372000 7372000 7372000 7372000 7372000 7372000 7372000 7372000 7372000 7372000 7372000 7372000 7372000 7372000 7372000 7372000 7372000 7372000 7372000 7372000 7372000 7372000 7372000 7372000 7372000 7372000 7372000 7372000 7372000 7372000 7372000 7372000 7372000 7372000 7372000 7372000 7372000 7372000 7372000 7372000 7372000 7372000 7318000 7318000 7318000 7318000 7318000 7318000 7318000 7318000 7318000 7318000 7318000 7318000 7318000 7318000 7318000 7318000 7318000 7318000 7318000 7318000 7318000 7318000 7318000 7318000 7318000 7318000 7426000 7426000 7426000 7480000 7480000 7480000 7480000 7404000 7404000 7404000 7361000 7361000 7361000 7339000 7339000 7339000 7339000 7318000 7318000 7318000 7318000 7318000 7318000 7318000 7318000 7318000 7318000 7318000 7318000 7318000 7318000 7318000 7318000 7318000 7318000 7318000 7318000 7318000 7318000 7318000 7318000 7318000 7318000 7318000 7318000 7318000 7318000 7318000 7318000 7318000 7426000 7426000 7426000 7361000 7361000 7361000 7339000 7339000 7339000 7339000 7339000 7339000 7339000 7318000 7318000 7318000 7318000 7318000 7318000 7318000 7426000 7426000 7426000 7480000 7480000 7480000 7512000 7512000 7512000 7512000 7426000 7426000 7426000 7361000 7361000 7361000 7448000 7448000 7448000 7448000 7361000 7361000 7361000 7448000 7448000 7448000 7404000 7404000 7404000 7339000 7339000 7339000 7339000 7339000 7339000 7339000 7318000 7318000 7318000 7426000 7426000 7426000 7426000 7361000 7361000 7361000 
voltage=10810000 10810000 10810000 10810000 10810000 10810000 10810000 10810000 10810000 10810000 10810000 10810000 10810000 10810000 10810000 10810000 10810000 10810000 10810000 10810000 10810000 10810000 10810000 10810000 10810000 10810000 10810000 10810000 10810000 10810000 10810000 10810000 10810000 10810000 10810000 10810000 10810000 10810000 10810000 10810000 10810000 10810000 10810000 10810000 10810000 10810000 10810000 10810000 10810000 10810000 10810000 10810000 10810000 10810000 10810000 10810000 10810000 10810000 10810000 10810000 10810000 10810000 10810000 10810000 10810000 10810000 10810000 10810000 10810000 10810000 10810000 10810000 10810000 10810000 10810000 10810000 10810000 10810000 10810000 10810000 10810000 10810000 10810000 10810000 10810000 10810000 10810000 10810000 10810000 10810000 10810000 10810000 10810000 10810000 10810000 10810000 10810000 10810000 10810000 10810000 10810000 10810000 10810000 10810000 10810000 10810000 10810000 10810000 10810000 10810000 10810000 10810000 10810000 10810000 10810000 10810000 10810000 10810000 10810000 10810000 10810000 10810000 10810000 10810000 10810000 10810000 10810000 10810000 10810000 10810000 10810000 10810000 10810000 10810000 10810000 10810000 10810000 10810000 10810000 10810000 10810000 10810000 10810000 10810000 10810000 10810000 10810000 10810000 10810000 10810000 10810000 10810000 10810000 10810000 10810000 10810000 10810000 10810000 10810000 10810000 10810000 10810000 10810000 10810000 10810000 10810000 10810000 10810000 10810000 10810000 10810000 10810000 10810000 10810000 10810000 10810000 10810000 10810000 10810000 10810000 10810000 10810000 10810000 10810000 10810000 10810000 10810000 10810000 10810000 10810000 10810000 10810000 10810000 10810000 10810000 10810000 10810000 10810000 10810000 10810000 
captureT=
sleepT=
