RUN=0
name=system_usb
width=0
height=0
fps=5
realfps=5
reads=200
time=5
samples=2e+02
start_time=2452.52
end_time=3452.61
energy=79907000 79907000 79875000 79875000 79875000 79875000 79842000 79842000 79842000 79810000 79810000 79810000 79766000 79766000 79766000 79766000 79734000 79734000 79734000 79712000 79712000 79712000 79680000 79680000 79680000 79680000 79648000 79648000 79648000 79615000 79615000 79615000 79594000 79594000 79594000 79539000 79539000 79539000 79539000 79518000 79518000 79518000 79485000 79485000 79485000 79453000 79453000 79453000 79453000 79421000 79421000 79421000 79399000 79399000 79399000 79367000 79367000 79367000 79367000 79334000 79334000 79334000 79291000 79291000 79291000 79258000 79258000 79258000 79258000 79226000 79226000 79226000 79204000 79204000 79204000 79172000 79172000 79172000 79140000 79140000 79140000 79140000 79107000 79107000 79107000 79064000 79064000 79064000 79031000 79031000 79031000 79031000 79010000 79010000 79010000 78977000 78977000 78977000 78945000 78945000 78945000 78945000 78913000 78913000 78913000 78880000 78880000 78880000 78837000 78837000 78837000 78815000 78815000 78815000 78815000 78783000 78783000 78783000 78750000 78750000 78750000 78718000 78718000 78718000 78718000 78685000 78685000 78685000 78664000 78664000 78664000 78610000 78610000 78610000 78610000 78588000 78588000 78588000 78556000 78556000 78556000 78523000 78523000 78523000 78491000 78491000 78491000 78491000 78469000 78469000 78469000 78437000 78437000 78437000 78394000 78394000 78394000 78394000 78361000 78361000 78361000 78329000 78329000 78329000 78296000 78296000 78296000 78296000 78275000 78275000 78275000 78242000 78242000 78242000 78210000 78210000 78210000 78167000 78167000 78167000 78167000 78134000 78134000 78134000 78102000 78102000 78102000 78080000 78080000 78080000 78080000 78048000 78048000 78048000 78015000 78015000 78015000 77983000 77983000 77983000 
power=8096000 8096000 8096000 8096000 8096000 8096000 7837000 7837000 7837000 7891000 7891000 7891000 7956000 7956000 7956000 7956000 7977000 7977000 7977000 8021000 8021000 8021000 7891000 7891000 7891000 7891000 7956000 7956000 7956000 7977000 7977000 7977000 7977000 7977000 7977000 8021000 8021000 8021000 8021000 8021000 8021000 8021000 8021000 8021000 8021000 8021000 8021000 8021000 8021000 8021000 8021000 8021000 8021000 8021000 8021000 8021000 8021000 8021000 8021000 8021000 8021000 8021000 8021000 8021000 8021000 8021000 8021000 8021000 8021000 8021000 8021000 8021000 8021000 8021000 8021000 8021000 8021000 8021000 8021000 8021000 8021000 8021000 8021000 8021000 8021000 8021000 8021000 8021000 7891000 7891000 7891000 7891000 7956000 7956000 7956000 7977000 7977000 7977000 7977000 7977000 7977000 7977000 8021000 8021000 8021000 8021000 8021000 8021000 8021000 8021000 8021000 8021000 8021000 8021000 8021000 8021000 8021000 8021000 8021000 8021000 8021000 7891000 7891000 7891000 7891000 7956000 7956000 7956000 7977000 7977000 7977000 7977000 7977000 7977000 7977000 7891000 7891000 7891000 7956000 7956000 7956000 7977000 7977000 7977000 7977000 7977000 7977000 7977000 8021000 8021000 8021000 8021000 8021000 8021000 8021000 8021000 8021000 8021000 8021000 8021000 8021000 8021000 8021000 8021000 8021000 8021000 8021000 8021000 8021000 8021000 8021000 8021000 8021000 8021000 8021000 8021000 8021000 8021000 8021000 8021000 8021000 8021000 8021000 8021000 8021000 8021000 8021000 8021000 8021000 8021000 8021000 8021000 8021000 8021000 8021000 8021000 8021000 8021000 8021000 8021000 
voltage=10810000 10810000 10810000 10810000 10810000 10810000 10810000 10810000 10810000 10810000 10810000 10810000 10810000 10810000 10810000 10810000 10810000 10810000 10810000 10810000 10810000 10810000 10810000 10810000 10810000 10810000 10810000 10810000 10810000 10810000 10810000 10810000 10810000 10810000 10810000 10810000 10810000 10810000 10810000 10810000 10810000 10810000 10810000 10810000 10810000 10810000 10810000 10810000 10810000 10810000 10810000 10810000 10810000 10810000 10810000 10810000 10810000 10810000 10810000 10810000 10810000 10810000 10810000 10810000 10810000 10810000 10810000 10810000 10810000 10810000 10810000 10810000 10810000 10810000 10810000 10810000 10810000 10810000 10810000 10810000 10810000 10810000 10810000 10810000 10810000 10810000 10810000 10810000 10810000 10810000 10810000 10810000 10810000 10810000 10810000 10810000 10810000 10810000 10810000 10810000 10810000 10810000 10810000 10810000 10810000 10810000 10810000 10810000 10810000 10810000 10810000 10810000 10810000 10810000 10810000 10810000 10810000 10810000 10810000 10810000 10810000 10810000 10810000 10810000 10810000 10810000 10810000 10810000 10810000 10810000 10810000 10810000 10810000 10810000 10810000 10810000 10810000 10810000 10810000 10810000 10810000 10810000 10810000 10810000 10810000 10810000 10810000 10810000 10810000 10810000 10810000 10810000 10810000 10810000 10810000 10810000 10810000 10810000 10810000 10810000 10810000 10810000 10810000 10810000 10810000 10810000 10810000 10810000 10810000 10810000 10810000 10810000 10810000 10810000 10810000 10810000 10810000 10810000 10810000 10810000 10810000 10810000 10810000 10810000 10810000 10810000 10810000 10810000 10810000 10810000 10810000 10810000 10810000 10810000 10810000 10810000 10810000 10810000 10810000 10810000 
captureT=
sleepT=
