RUN=0
name=cpuidle
freq=1600
reads=200
time=5
samples=2e+02
start_time=10629.9
end_time=11630
energy=39997000 39997000 39997000 39997000 39964000 39964000 39964000 39921000 39921000 39921000 39888000 39888000 39888000 39888000 39867000 39867000 39867000 39813000 39813000 39813000 39791000 39791000 39791000 39791000 39759000 39759000 39759000 39726000 39726000 39726000 39683000 39683000 39683000 39683000 39651000 39651000 39651000 39618000 39618000 39618000 39575000 39575000 39575000 39575000 39553000 39553000 39553000 39521000 39521000 39521000 39488000 39488000 39488000 39488000 39445000 39445000 39445000 39413000 39413000 39413000 39380000 39380000 39380000 39380000 39337000 39337000 39337000 39305000 39305000 39305000 39283000 39283000 39283000 39283000 39251000 39251000 39251000 39207000 39207000 39207000 39175000 39175000 39175000 39175000 39143000 39143000 39143000 39110000 39110000 39110000 39067000 39067000 39067000 39067000 39034000 39034000 39034000 39013000 39013000 39013000 38980000 38980000 38980000 38980000 38937000 38937000 38937000 38905000 38905000 38905000 38872000 38872000 38872000 38872000 38840000 38840000 38840000 38797000 38797000 38797000 38764000 38764000 38764000 38764000 38743000 38743000 38743000 38710000 38710000 38710000 38667000 38667000 38667000 38667000 38634000 38634000 38634000 38602000 38602000 38602000 38570000 38570000 38570000 38570000 38526000 38526000 38526000 38494000 38494000 38494000 38472000 38472000 38472000 38472000 38440000 38440000 38440000 38397000 38397000 38397000 38364000 38364000 38364000 38364000 38332000 38332000 38332000 38299000 38299000 38299000 38256000 38256000 38256000 38256000 38224000 38224000 38224000 38202000 38202000 38202000 38170000 38170000 38170000 38170000 38126000 38126000 38126000 38094000 38094000 38094000 38062000 38062000 38062000 38062000 38029000 38029000 38029000 37986000 37986000 37986000 
power=8972000 8972000 8972000 8972000 7912000 7912000 7912000 7772000 7772000 7772000 7696000 7696000 7696000 7696000 7664000 7664000 7664000 7642000 7642000 7642000 7642000 7642000 7642000 7642000 7642000 7642000 7642000 7642000 7642000 7642000 7642000 7642000 7642000 7642000 7642000 7642000 7642000 7642000 7642000 7642000 7642000 7642000 7642000 7642000 7642000 7642000 7642000 7642000 7642000 7642000 7534000 7534000 7534000 7534000 7588000 7588000 7588000 7610000 7610000 7610000 7610000 7610000 7610000 7610000 7642000 7642000 7642000 7534000 7534000 7534000 7588000 7588000 7588000 7588000 7610000 7610000 7610000 7610000 7610000 7610000 7642000 7642000 7642000 7642000 7642000 7642000 7642000 7642000 7642000 7642000 7642000 7642000 7642000 7642000 7534000 7534000 7534000 7588000 7588000 7588000 7512000 7512000 7512000 7512000 7458000 7458000 7458000 7458000 7458000 7458000 7437000 7437000 7437000 7437000 7534000 7534000 7534000 7588000 7588000 7588000 7512000 7512000 7512000 7512000 7588000 7588000 7588000 7512000 7512000 7512000 7458000 7458000 7458000 7458000 7556000 7556000 7556000 7480000 7480000 7480000 7458000 7458000 7458000 7458000 7556000 7556000 7556000 7480000 7480000 7480000 7458000 7458000 7458000 7458000 7556000 7556000 7556000 7480000 7480000 7480000 7556000 7556000 7556000 7556000 7610000 7610000 7610000 7512000 7512000 7512000 7588000 7588000 7588000 7588000 7512000 7512000 7512000 7458000 7458000 7458000 7458000 7458000 7458000 7458000 7437000 7437000 7437000 7437000 7437000 7437000 7437000 7437000 7437000 7437000 7437000 7437000 7437000 7437000 7437000 7437000 
voltage=10810000 10810000 10810000 10810000 10810000 10810000 10810000 10810000 10810000 10810000 10810000 10810000 10810000 10810000 10810000 10810000 10810000 10810000 10810000 10810000 10810000 10810000 10810000 10810000 10810000 10810000 10810000 10810000 10810000 10810000 10810000 10810000 10810000 10810000 10810000 10810000 10810000 10810000 10810000 10810000 10810000 10810000 10810000 10810000 10810000 10810000 10810000 10810000 10810000 10810000 10810000 10810000 10810000 10810000 10810000 10810000 10810000 10810000 10810000 10810000 10810000 10810000 10810000 10810000 10810000 10810000 10810000 10810000 10810000 10810000 10810000 10810000 10810000 10810000 10810000 10810000 10810000 10810000 10810000 10810000 10810000 10810000 10810000 10810000 10810000 10810000 10810000 10810000 10810000 10810000 10810000 10810000 10810000 10810000 10810000 10810000 10810000 10810000 10810000 10810000 10810000 10810000 10810000 10810000 10810000 10810000 10810000 10810000 10810000 10810000 10810000 10810000 10810000 10810000 10810000 10810000 10810000 10810000 10810000 10810000 10810000 10810000 10810000 10810000 10810000 10810000 10810000 10810000 10810000 10810000 10810000 10810000 10810000 10810000 10810000 10810000 10810000 10810000 10810000 10810000 10810000 10810000 10810000 10810000 10810000 10810000 10810000 10810000 10810000 10810000 10810000 10810000 10810000 10810000 10810000 10810000 10810000 10810000 10810000 10810000 10810000 10810000 10810000 10810000 10810000 10810000 10810000 10810000 10810000 10810000 10810000 10810000 10810000 10810000 10810000 10810000 10810000 10810000 10810000 10810000 10810000 10810000 10810000 10810000 10810000 10810000 10810000 10810000 10810000 10810000 10810000 10810000 10810000 10810000 10810000 10810000 10810000 10810000 10810000 10810000 
