RUN=0
name=cpuidle
freq=2000
reads=200
time=5
samples=2e+02
start_time=13155.9
end_time=14155.9
energy=35889000 35867000 35867000 35867000 35835000 35835000 35835000 35835000 35791000 35791000 35791000 35759000 35759000 35759000 35716000 35716000 35716000 35716000 35683000 35683000 35683000 35651000 35651000 35651000 35608000 35608000 35608000 35608000 35575000 35575000 35575000 35554000 35554000 35554000 35521000 35521000 35521000 35521000 35478000 35478000 35478000 35445000 35445000 35445000 35413000 35413000 35413000 35413000 35370000 35370000 35370000 35337000 35337000 35337000 35305000 35305000 35305000 35305000 35262000 35262000 35262000 35229000 35229000 35229000 35208000 35208000 35208000 35208000 35164000 35164000 35164000 35132000 35132000 35132000 35100000 35100000 35100000 35100000 35067000 35067000 35067000 35024000 35024000 35024000 34991000 34991000 34991000 34991000 34970000 34970000 34970000 34916000 34916000 34916000 34894000 34894000 34894000 34894000 34862000 34862000 34862000 34819000 34819000 34819000 34786000 34786000 34786000 34786000 34754000 34754000 34754000 34721000 34721000 34721000 34678000 34678000 34678000 34678000 34646000 34646000 34646000 34624000 34624000 34624000 34570000 34570000 34570000 34570000 34548000 34548000 34548000 34516000 34516000 34516000 34483000 34483000 34483000 34440000 34440000 34440000 34440000 34408000 34408000 34408000 34375000 34375000 34375000 34332000 34332000 34332000 34332000 34310000 34310000 34310000 34278000 34278000 34278000 34246000 34246000 34246000 34246000 34202000 34202000 34202000 34170000 34170000 34170000 34137000 34137000 34137000 34137000 34094000 34094000 34094000 34062000 34062000 34062000 34040000 34040000 34040000 34040000 34008000 34008000 34008000 33965000 33965000 33965000 33932000 33932000 33932000 33932000 33900000 33900000 33900000 33856000 33856000 33856000 33824000 33824000 33824000 
power=10528000 8745000 8745000 8745000 7815000 7815000 7815000 7815000 7718000 7718000 7718000 7664000 7664000 7664000 7739000 7739000 7739000 7739000 7718000 7718000 7718000 7718000 7718000 7718000 7718000 7718000 7718000 7718000 7610000 7610000 7610000 7664000 7664000 7664000 7577000 7577000 7577000 7577000 7523000 7523000 7523000 7631000 7631000 7631000 7556000 7556000 7556000 7556000 7523000 7523000 7523000 7523000 7523000 7523000 7502000 7502000 7502000 7502000 7502000 7502000 7502000 7502000 7502000 7502000 7502000 7502000 7502000 7502000 7610000 7610000 7610000 7556000 7556000 7556000 7523000 7523000 7523000 7523000 7631000 7631000 7631000 7556000 7556000 7556000 7523000 7523000 7523000 7523000 7523000 7523000 7523000 7502000 7502000 7502000 7502000 7502000 7502000 7502000 7502000 7502000 7502000 7502000 7502000 7502000 7502000 7502000 7502000 7502000 7502000 7502000 7502000 7502000 7502000 7502000 7502000 7502000 7502000 7502000 7502000 7502000 7502000 7502000 7502000 7502000 7502000 7502000 7502000 7502000 7502000 7502000 7502000 7502000 7502000 7502000 7502000 7502000 7502000 7502000 7502000 7502000 7502000 7502000 7502000 7502000 7502000 7502000 7502000 7502000 7502000 7502000 7502000 7502000 7502000 7502000 7502000 7502000 7502000 7502000 7502000 7502000 7502000 7502000 7502000 7502000 7502000 7502000 7502000 7502000 7502000 7502000 7502000 7502000 7502000 7502000 7502000 7502000 7502000 7502000 7502000 7502000 7502000 7502000 7502000 7502000 7502000 7502000 7502000 7502000 7502000 7502000 7502000 7502000 7502000 7502000 7502000 7502000 7502000 7502000 7502000 7502000 
voltage=10810000 10810000 10810000 10810000 10810000 10810000 10810000 10810000 10810000 10810000 10810000 10810000 10810000 10810000 10810000 10810000 10810000 10810000 10810000 10810000 10810000 10810000 10810000 10810000 10810000 10810000 10810000 10810000 10810000 10810000 10810000 10810000 10810000 10810000 10810000 10810000 10810000 10810000 10810000 10810000 10810000 10810000 10810000 10810000 10810000 10810000 10810000 10810000 10810000 10810000 10810000 10810000 10810000 10810000 10810000 10810000 10810000 10810000 10810000 10810000 10810000 10810000 10810000 10810000 10810000 10810000 10810000 10810000 10810000 10810000 10810000 10810000 10810000 10810000 10810000 10810000 10810000 10810000 10810000 10810000 10810000 10810000 10810000 10810000 10810000 10810000 10810000 10810000 10810000 10810000 10810000 10810000 10810000 10810000 10810000 10810000 10810000 10810000 10810000 10810000 10810000 10810000 10810000 10810000 10810000 10810000 10810000 10810000 10810000 10810000 10810000 10810000 10810000 10810000 10810000 10810000 10810000 10810000 10810000 10810000 10810000 10810000 10810000 10810000 10810000 10810000 10810000 10810000 10810000 10810000 10810000 10810000 10810000 10810000 10810000 10810000 10810000 10810000 10810000 10810000 10810000 10810000 10810000 10810000 10810000 10810000 10810000 10810000 10810000 10810000 10810000 10810000 10810000 10810000 10810000 10810000 10810000 10810000 10810000 10810000 10810000 10810000 10810000 10810000 10810000 10810000 10810000 10810000 10810000 10810000 10810000 10810000 10810000 10810000 10810000 10810000 10810000 10810000 10810000 10810000 10810000 10810000 10810000 10810000 10810000 10810000 10810000 10810000 10810000 10810000 10810000 10810000 10810000 10810000 10810000 10810000 10810000 10810000 10810000 10810000 
