RUN=0
name=cpuact
freq=1600
reads=200
time=5
samples=2e+02
start_time=3306.94
end_time=4313.05
energy=72037000 71994000 71994000 71994000 71897000 71897000 71897000 71810000 71810000 71810000 71810000 71735000 71735000 71735000 71648000 71648000 71648000 71551000 71551000 71551000 71464000 71464000 71464000 71464000 71378000 71378000 71378000 71281000 71281000 71281000 71194000 71194000 71194000 71194000 71118000 71118000 71118000 71032000 71032000 71032000 70946000 70946000 70946000 70946000 70870000 70870000 70870000 70773000 70773000 70773000 70686000 70686000 70686000 70610000 70610000 70610000 70610000 70524000 70524000 70524000 70427000 70427000 70427000 70340000 70340000 70340000 70340000 70254000 70254000 70254000 70156000 70156000 70156000 70070000 70070000 70070000 69983000 69983000 69983000 69983000 69886000 69886000 69886000 69800000 69800000 69800000 69713000 69713000 69713000 69713000 69616000 69616000 69616000 69529000 69529000 69529000 69443000 69443000 69443000 69335000 69335000 69335000 69335000 69248000 69248000 69248000 69162000 69162000 69162000 69065000 69065000 69065000 69065000 68978000 68978000 68978000 68892000 68892000 68892000 68794000 68794000 68794000 68794000 68719000 68719000 68719000 68632000 68632000 68632000 68546000 68546000 68546000 68546000 68448000 68448000 68448000 68362000 68362000 68362000 68286000 68286000 68286000 68286000 68200000 68200000 68200000 68103000 68103000 68103000 68038000 68038000 68038000 68038000 67940000 67940000 67940000 67854000 67854000 67854000 67767000 67767000 67767000 67670000 67670000 67670000 67670000 67594000 67594000 67594000 67508000 67508000 67508000 67421000 67421000 67421000 67421000 67324000 67324000 67324000 67249000 67249000 67249000 67162000 67162000 67162000 67162000 67076000 67076000 67076000 66978000 66978000 66978000 66913000 66913000 66913000 66913000 66816000 66816000 66816000 66730000 
power=8442000 10582000 10582000 10582000 15620000 15620000 15620000 18268000 18268000 18268000 18268000 19901000 19901000 19901000 20949000 20949000 20949000 21101000 21101000 21101000 21263000 21263000 21263000 21263000 21468000 21468000 21468000 21576000 21576000 21576000 21338000 21338000 21338000 21338000 20863000 20863000 20863000 20603000 20603000 20603000 20452000 20452000 20452000 20452000 20355000 20355000 20355000 20355000 20355000 20355000 20463000 20463000 20463000 20528000 20528000 20528000 20528000 20549000 20549000 20549000 20582000 20582000 20582000 20917000 20917000 20917000 20917000 21317000 21317000 21317000 21630000 21630000 21630000 21641000 21641000 21641000 21717000 21717000 21717000 21717000 21749000 21749000 21749000 21641000 21641000 21641000 21576000 21576000 21576000 21576000 21663000 21663000 21663000 21695000 21695000 21695000 21717000 21717000 21717000 21749000 21749000 21749000 21749000 21749000 21749000 21749000 21749000 21749000 21749000 21749000 21749000 21749000 21749000 21749000 21749000 21749000 21641000 21641000 21641000 21133000 21133000 21133000 21133000 20874000 20874000 20874000 20733000 20733000 20733000 20625000 20625000 20625000 20625000 20506000 20506000 20506000 20452000 20452000 20452000 20430000 20430000 20430000 20430000 20409000 20409000 20409000 20506000 20506000 20506000 20571000 20571000 20571000 20571000 20484000 20484000 20484000 20571000 20571000 20571000 20593000 20593000 20593000 20593000 20593000 20593000 20593000 20506000 20506000 20506000 20571000 20571000 20571000 20593000 20593000 20593000 20593000 20409000 20409000 20409000 20441000 20441000 20441000 20441000 20441000 20441000 20441000 20441000 20441000 20441000 20441000 20441000 20441000 20441000 20441000 20441000 20441000 20441000 20441000 20441000 20441000 
voltage=10810000 10810000 10810000 10810000 10810000 10810000 10810000 10810000 10810000 10810000 10810000 10810000 10810000 10810000 10810000 10810000 10810000 10810000 10810000 10810000 10810000 10810000 10810000 10810000 10810000 10810000 10810000 10810000 10810000 10810000 10810000 10810000 10810000 10810000 10810000 10810000 10810000 10810000 10810000 10810000 10810000 10810000 10810000 10810000 10810000 10810000 10810000 10810000 10810000 10810000 10810000 10810000 10810000 10810000 10810000 10810000 10810000 10810000 10810000 10810000 10810000 10810000 10810000 10810000 10810000 10810000 10810000 10810000 10810000 10810000 10810000 10810000 10810000 10810000 10810000 10810000 10810000 10810000 10810000 10810000 10810000 10810000 10810000 10810000 10810000 10810000 10810000 10810000 10810000 10810000 10810000 10810000 10810000 10810000 10810000 10810000 10810000 10810000 10810000 10810000 10810000 10810000 10810000 10810000 10810000 10810000 10810000 10810000 10810000 10810000 10810000 10810000 10810000 10810000 10810000 10810000 10810000 10810000 10810000 10810000 10810000 10810000 10810000 10810000 10810000 10810000 10810000 10810000 10810000 10810000 10810000 10810000 10810000 10810000 10810000 10810000 10810000 10810000 10810000 10810000 10810000 10810000 10810000 10810000 10810000 10810000 10810000 10810000 10810000 10810000 10810000 10810000 10810000 10810000 10810000 10810000 10810000 10810000 10810000 10810000 10810000 10810000 10810000 10810000 10810000 10810000 10810000 10810000 10810000 10810000 10810000 10810000 10810000 10810000 10810000 10810000 10810000 10810000 10810000 10810000 10810000 10810000 10810000 10810000 10810000 10810000 10810000 10810000 10810000 10810000 10810000 10810000 10810000 10810000 10810000 10810000 10810000 10810000 10810000 10810000 
