RUN=0
name=cpuact
freq=2400
reads=200
time=5
samples=2e+02
start_time=15898.6
end_time=16905.2
energy=21414000 21414000 21414000 21306000 21306000 21306000 21198000 21198000 21198000 21101000 21101000 21101000 21101000 20993000 20993000 20993000 20884000 20884000 20884000 20776000 20776000 20776000 20776000 20657000 20657000 20657000 20560000 20560000 20560000 20452000 20452000 20452000 20333000 20333000 20333000 20333000 20225000 20225000 20225000 20117000 20117000 20117000 20020000 20020000 20020000 20020000 19901000 19901000 19901000 19793000 19793000 19793000 19685000 19685000 19685000 19685000 19566000 19566000 19566000 19458000 19458000 19458000 19339000 19339000 19339000 19339000 19241000 19241000 19241000 19133000 19133000 19133000 19014000 19014000 19014000 19014000 18906000 18906000 18906000 18798000 18798000 18798000 18701000 18701000 18701000 18701000 18593000 18593000 18593000 18506000 18506000 18506000 18398000 18398000 18398000 18398000 18290000 18290000 18290000 18193000 18193000 18193000 18085000 18085000 18085000 18085000 17977000 17977000 17977000 17868000 17868000 17868000 17782000 17782000 17782000 17782000 17674000 17674000 17674000 17577000 17577000 17577000 17468000 17468000 17468000 17360000 17360000 17360000 17360000 17263000 17263000 17263000 17155000 17155000 17155000 17047000 17047000 17047000 17047000 16960000 16960000 16960000 16852000 16852000 16852000 16744000 16744000 16744000 16647000 16647000 16647000 16647000 16539000 16539000 16539000 16431000 16431000 16431000 16333000 16333000 16333000 16333000 16236000 16236000 16236000 16139000 16139000 16139000 16031000 16031000 16031000 15923000 15923000 15923000 15923000 15815000 15815000 15815000 15717000 15717000 15717000 15609000 15609000 15609000 15609000 15501000 15501000 15501000 15404000 15404000 15404000 15296000 15296000 15296000 15209000 15209000 15209000 15209000 15101000 15101000 
power=7491000 7491000 7491000 14193000 14193000 14193000 18301000 18301000 18301000 20409000 20409000 20409000 20409000 22387000 22387000 22387000 22733000 22733000 22733000 22938000 22938000 22938000 22938000 23122000 23122000 23122000 23209000 23209000 23209000 23360000 23360000 23360000 23446000 23446000 23446000 23446000 23360000 23360000 23360000 23122000 23122000 23122000 23090000 23090000 23090000 23090000 23068000 23068000 23068000 23165000 23165000 23165000 23219000 23219000 23219000 23219000 23241000 23241000 23241000 23273000 23273000 23273000 23273000 23273000 23273000 23273000 23360000 23360000 23360000 23414000 23414000 23414000 23533000 23533000 23533000 23533000 22917000 22917000 22917000 22398000 22398000 22398000 22052000 22052000 22052000 22052000 21771000 21771000 21771000 21695000 21695000 21695000 21684000 21684000 21684000 21684000 21684000 21684000 21684000 21684000 21684000 21684000 21684000 21684000 21684000 21684000 21771000 21771000 21771000 21717000 21717000 21717000 21695000 21695000 21695000 21695000 21695000 21695000 21695000 21771000 21771000 21771000 21717000 21717000 21717000 21576000 21576000 21576000 21576000 21630000 21630000 21630000 21533000 21533000 21533000 21511000 21511000 21511000 21511000 21490000 21490000 21490000 21468000 21468000 21468000 21468000 21468000 21468000 21468000 21468000 21468000 21468000 21468000 21468000 21468000 21468000 21468000 21468000 21468000 21468000 21468000 21468000 21468000 21468000 21468000 21555000 21555000 21555000 21609000 21609000 21609000 21630000 21630000 21630000 21630000 21663000 21663000 21663000 21663000 21663000 21663000 21663000 21663000 21663000 21663000 21663000 21663000 21663000 21663000 21663000 21663000 21663000 21663000 21663000 21663000 21663000 21663000 21663000 21663000 21663000 
voltage=10810000 10810000 10810000 10810000 10810000 10810000 10810000 10810000 10810000 10810000 10810000 10810000 10810000 10810000 10810000 10810000 10810000 10810000 10810000 10810000 10810000 10810000 10810000 10810000 10810000 10810000 10810000 10810000 10810000 10810000 10810000 10810000 10810000 10810000 10810000 10810000 10810000 10810000 10810000 10810000 10810000 10810000 10810000 10810000 10810000 10810000 10810000 10810000 10810000 10810000 10810000 10810000 10810000 10810000 10810000 10810000 10810000 10810000 10810000 10810000 10810000 10810000 10810000 10810000 10810000 10810000 10810000 10810000 10810000 10810000 10810000 10810000 10810000 10810000 10810000 10810000 10810000 10810000 10810000 10810000 10810000 10810000 10810000 10810000 10810000 10810000 10810000 10810000 10810000 10810000 10810000 10810000 10810000 10810000 10810000 10810000 10810000 10810000 10810000 10810000 10810000 10810000 10810000 10810000 10810000 10810000 10810000 10810000 10810000 10810000 10810000 10810000 10810000 10810000 10810000 10810000 10810000 10810000 10810000 10810000 10810000 10810000 10810000 10810000 10810000 10810000 10810000 10810000 10810000 10810000 10810000 10810000 10810000 10810000 10810000 10810000 10810000 10810000 10810000 10810000 10810000 10810000 10810000 10810000 10810000 10810000 10810000 10810000 10810000 10810000 10810000 10810000 10810000 10810000 10810000 10810000 10810000 10810000 10810000 10810000 10810000 10810000 10810000 10810000 10810000 10810000 10810000 10810000 10810000 10810000 10810000 10810000 10810000 10810000 10810000 10810000 10810000 10810000 10810000 10810000 10810000 10810000 10810000 10810000 10810000 10810000 10810000 10810000 10810000 10810000 10810000 10810000 10810000 10810000 10810000 10810000 10810000 10810000 10810000 10810000 
