RUN=0
name=cpuidle
freq=2400
reads=200
time=5
samples=2e+02
start_time=15265.8
end_time=16265.8
energy=27630000 27587000 27587000 27587000 27587000 27565000 27565000 27565000 27511000 27511000 27511000 27489000 27489000 27489000 27489000 27457000 27457000 27457000 27414000 27414000 27414000 27381000 27381000 27381000 27381000 27349000 27349000 27349000 27306000 27306000 27306000 27273000 27273000 27273000 27273000 27230000 27230000 27230000 27197000 27197000 27197000 27197000 27165000 27165000 27165000 27122000 27122000 27122000 27100000 27100000 27100000 27100000 27068000 27068000 27068000 27025000 27025000 27025000 26992000 26992000 26992000 26992000 26960000 26960000 26960000 26916000 26916000 26916000 26884000 26884000 26884000 26884000 26852000 26852000 26852000 26808000 26808000 26808000 26776000 26776000 26776000 26776000 26733000 26733000 26733000 26700000 26700000 26700000 26679000 26679000 26679000 26679000 26635000 26635000 26635000 26603000 26603000 26603000 26570000 26570000 26570000 26570000 26527000 26527000 26527000 26495000 26495000 26495000 26462000 26462000 26462000 26462000 26419000 26419000 26419000 26387000 26387000 26387000 26365000 26365000 26365000 26365000 26311000 26311000 26311000 26289000 26289000 26289000 26257000 26257000 26257000 26257000 26214000 26214000 26214000 26181000 26181000 26181000 26149000 26149000 26149000 26149000 26106000 26106000 26106000 26073000 26073000 26073000 26041000 26041000 26041000 26041000 25998000 25998000 25998000 25976000 25976000 25976000 25944000 25944000 25944000 25944000 25900000 25900000 25900000 25868000 25868000 25868000 25835000 25835000 25835000 25835000 25792000 25792000 25792000 25760000 25760000 25760000 25727000 25727000 25727000 25727000 25684000 25684000 25684000 25652000 25652000 25652000 25630000 25630000 25630000 25630000 25576000 25576000 25576000 25554000 25554000 25554000 25522000 25522000 
power=10107000 8431000 8431000 8431000 8431000 7794000 7794000 7794000 7772000 7772000 7772000 7772000 7772000 7772000 7772000 7772000 7772000 7772000 7675000 7675000 7675000 7621000 7621000 7621000 7621000 7599000 7599000 7599000 7577000 7577000 7577000 7577000 7577000 7577000 7577000 7577000 7577000 7577000 7577000 7577000 7577000 7577000 7577000 7577000 7577000 7577000 7577000 7577000 7675000 7675000 7675000 7675000 7621000 7621000 7621000 7599000 7599000 7599000 7599000 7599000 7599000 7599000 7577000 7577000 7577000 7577000 7577000 7577000 7577000 7577000 7577000 7577000 7577000 7577000 7577000 7577000 7577000 7577000 7577000 7577000 7577000 7577000 7577000 7577000 7577000 7577000 7577000 7577000 7577000 7577000 7577000 7577000 7577000 7577000 7577000 7577000 7577000 7577000 7577000 7577000 7577000 7577000 7577000 7577000 7577000 7577000 7577000 7577000 7577000 7577000 7577000 7577000 7577000 7577000 7577000 7577000 7577000 7577000 7577000 7577000 7577000 7577000 7577000 7577000 7577000 7577000 7577000 7577000 7577000 7577000 7577000 7577000 7577000 7577000 7577000 7577000 7577000 7577000 7469000 7469000 7469000 7469000 7523000 7523000 7523000 7545000 7545000 7545000 7545000 7545000 7545000 7545000 7577000 7577000 7577000 7577000 7577000 7577000 7577000 7577000 7577000 7577000 7577000 7577000 7577000 7577000 7577000 7577000 7469000 7469000 7469000 7469000 7523000 7523000 7523000 7437000 7437000 7437000 7491000 7491000 7491000 7491000 7545000 7545000 7545000 7545000 7545000 7545000 7577000 7577000 7577000 7577000 7577000 7577000 7577000 7577000 7577000 7577000 7577000 7577000 
voltage=10810000 10810000 10810000 10810000 10810000 10810000 10810000 10810000 10810000 10810000 10810000 10810000 10810000 10810000 10810000 10810000 10810000 10810000 10810000 10810000 10810000 10810000 10810000 10810000 10810000 10810000 10810000 10810000 10810000 10810000 10810000 10810000 10810000 10810000 10810000 10810000 10810000 10810000 10810000 10810000 10810000 10810000 10810000 10810000 10810000 10810000 10810000 10810000 10810000 10810000 10810000 10810000 10810000 10810000 10810000 10810000 10810000 10810000 10810000 10810000 10810000 10810000 10810000 10810000 10810000 10810000 10810000 10810000 10810000 10810000 10810000 10810000 10810000 10810000 10810000 10810000 10810000 10810000 10810000 10810000 10810000 10810000 10810000 10810000 10810000 10810000 10810000 10810000 10810000 10810000 10810000 10810000 10810000 10810000 10810000 10810000 10810000 10810000 10810000 10810000 10810000 10810000 10810000 10810000 10810000 10810000 10810000 10810000 10810000 10810000 10810000 10810000 10810000 10810000 10810000 10810000 10810000 10810000 10810000 10810000 10810000 10810000 10810000 10810000 10810000 10810000 10810000 10810000 10810000 10810000 10810000 10810000 10810000 10810000 10810000 10810000 10810000 10810000 10810000 10810000 10810000 10810000 10810000 10810000 10810000 10810000 10810000 10810000 10810000 10810000 10810000 10810000 10810000 10810000 10810000 10810000 10810000 10810000 10810000 10810000 10810000 10810000 10810000 10810000 10810000 10810000 10810000 10810000 10810000 10810000 10810000 10810000 10810000 10810000 10810000 10810000 10810000 10810000 10810000 10810000 10810000 10810000 10810000 10810000 10810000 10810000 10810000 10810000 10810000 10810000 10810000 10810000 10810000 10810000 10810000 10810000 10810000 10810000 10810000 10810000 
