RUN=0
name=cpuact
freq=2000
reads=200
time=5
samples=2e+02
start_time=13790.5
end_time=14796.2
energy=29900000 29824000 29824000 29824000 29824000 29727000 29727000 29727000 29630000 29630000 29630000 29532000 29532000 29532000 29532000 29435000 29435000 29435000 29327000 29327000 29327000 29230000 29230000 29230000 29230000 29132000 29132000 29132000 29024000 29024000 29024000 28916000 28916000 28916000 28916000 28830000 28830000 28830000 28722000 28722000 28722000 28624000 28624000 28624000 28624000 28527000 28527000 28527000 28430000 28430000 28430000 28322000 28322000 28322000 28322000 28214000 28214000 28214000 28127000 28127000 28127000 28019000 28019000 28019000 27911000 27911000 27911000 27911000 27814000 27814000 27814000 27706000 27706000 27706000 27619000 27619000 27619000 27619000 27511000 27511000 27511000 27403000 27403000 27403000 27306000 27306000 27306000 27306000 27197000 27197000 27197000 27089000 27089000 27089000 27003000 27003000 27003000 27003000 26895000 26895000 26895000 26787000 26787000 26787000 26689000 26689000 26689000 26581000 26581000 26581000 26581000 26473000 26473000 26473000 26376000 26376000 26376000 26279000 26279000 26279000 26279000 26181000 26181000 26181000 26073000 26073000 26073000 25965000 25965000 25965000 25965000 25857000 25857000 25857000 25760000 25760000 25760000 25652000 25652000 25652000 25652000 25544000 25544000 25544000 25457000 25457000 25457000 25349000 25349000 25349000 25252000 25252000 25252000 25252000 25144000 25144000 25144000 25035000 25035000 25035000 24938000 24938000 24938000 24938000 24841000 24841000 24841000 24733000 24733000 24733000 24635000 24635000 24635000 24527000 24527000 24527000 24527000 24419000 24419000 24419000 24322000 24322000 24322000 24214000 24214000 24214000 24214000 24127000 24127000 24127000 24019000 24019000 24019000 23911000 23911000 23911000 23911000 23814000 23814000 23814000 
power=7545000 11199000 11199000 11199000 11199000 16117000 16117000 16117000 18625000 18625000 18625000 20420000 20420000 20420000 20420000 21338000 21338000 21338000 21544000 21544000 21544000 21717000 21717000 21717000 21717000 21825000 21825000 21825000 21879000 21879000 21879000 21998000 21998000 21998000 21998000 21955000 21955000 21955000 21933000 21933000 21933000 21933000 21933000 21933000 21933000 21911000 21911000 21911000 21911000 21911000 21911000 21695000 21695000 21695000 21695000 21695000 21695000 21695000 21695000 21695000 21695000 21695000 21695000 21695000 21792000 21792000 21792000 21792000 21847000 21847000 21847000 21868000 21868000 21868000 21998000 21998000 21998000 21998000 22052000 22052000 22052000 22074000 22074000 22074000 22106000 22106000 22106000 22106000 22106000 22106000 22106000 22106000 22106000 22106000 22106000 22106000 22106000 22106000 22106000 22106000 22106000 22106000 22106000 22106000 22106000 22106000 22106000 22106000 22106000 22106000 22106000 22106000 22106000 22106000 22203000 22203000 22203000 22246000 22246000 22246000 22246000 22268000 22268000 22268000 22301000 22301000 22301000 22203000 22203000 22203000 22203000 22149000 22149000 22149000 22128000 22128000 22128000 21890000 21890000 21890000 21890000 21890000 21890000 21890000 21890000 21890000 21890000 21890000 21890000 21890000 21890000 21890000 21890000 21890000 21890000 21890000 21890000 21890000 21890000 21890000 21890000 21890000 21890000 21890000 21890000 21890000 21890000 21890000 21890000 21890000 21890000 21890000 21890000 21890000 21890000 21890000 21890000 21890000 21890000 21890000 21890000 21890000 21890000 21890000 21890000 21890000 21890000 21890000 21890000 21890000 21890000 21890000 21890000 21890000 21890000 21890000 21890000 21890000 21890000 21890000 
voltage=10810000 10810000 10810000 10810000 10810000 10810000 10810000 10810000 10810000 10810000 10810000 10810000 10810000 10810000 10810000 10810000 10810000 10810000 10810000 10810000 10810000 10810000 10810000 10810000 10810000 10810000 10810000 10810000 10810000 10810000 10810000 10810000 10810000 10810000 10810000 10810000 10810000 10810000 10810000 10810000 10810000 10810000 10810000 10810000 10810000 10810000 10810000 10810000 10810000 10810000 10810000 10810000 10810000 10810000 10810000 10810000 10810000 10810000 10810000 10810000 10810000 10810000 10810000 10810000 10810000 10810000 10810000 10810000 10810000 10810000 10810000 10810000 10810000 10810000 10810000 10810000 10810000 10810000 10810000 10810000 10810000 10810000 10810000 10810000 10810000 10810000 10810000 10810000 10810000 10810000 10810000 10810000 10810000 10810000 10810000 10810000 10810000 10810000 10810000 10810000 10810000 10810000 10810000 10810000 10810000 10810000 10810000 10810000 10810000 10810000 10810000 10810000 10810000 10810000 10810000 10810000 10810000 10810000 10810000 10810000 10810000 10810000 10810000 10810000 10810000 10810000 10810000 10810000 10810000 10810000 10810000 10810000 10810000 10810000 10810000 10810000 10810000 10810000 10810000 10810000 10810000 10810000 10810000 10810000 10810000 10810000 10810000 10810000 10810000 10810000 10810000 10810000 10810000 10810000 10810000 10810000 10810000 10810000 10810000 10810000 10810000 10810000 10810000 10810000 10810000 10810000 10810000 10810000 10810000 10810000 10810000 10810000 10810000 10810000 10810000 10810000 10810000 10810000 10810000 10810000 10810000 10810000 10810000 10810000 10810000 10810000 10810000 10810000 10810000 10810000 10810000 10810000 10810000 10810000 10810000 10810000 10810000 10810000 10810000 10810000 
