RUN=0
name=cpuact
freq=1600
reads=200
time=5
samples=2e+02
start_time=3662.95
end_time=4668.76
energy=72405000 72405000 72405000 72329000 72329000 72329000 72329000 72243000 72243000 72243000 72167000 72167000 72167000 72081000 72081000 72081000 72005000 72005000 72005000 72005000 71918000 71918000 71918000 71843000 71843000 71843000 71745000 71745000 71745000 71745000 71659000 71659000 71659000 71583000 71583000 71583000 71497000 71497000 71497000 71497000 71410000 71410000 71410000 71335000 71335000 71335000 71237000 71237000 71237000 71237000 71151000 71151000 71151000 71075000 71075000 71075000 70989000 70989000 70989000 70989000 70891000 70891000 70891000 70805000 70805000 70805000 70729000 70729000 70729000 70643000 70643000 70643000 70643000 70546000 70546000 70546000 70459000 70459000 70459000 70373000 70373000 70373000 70373000 70297000 70297000 70297000 70210000 70210000 70210000 70113000 70113000 70113000 70113000 70027000 70027000 70027000 69940000 69940000 69940000 69865000 69865000 69865000 69865000 69767000 69767000 69767000 69681000 69681000 69681000 69594000 69594000 69594000 69497000 69497000 69497000 69497000 69411000 69411000 69411000 69335000 69335000 69335000 69248000 69248000 69248000 69248000 69162000 69162000 69162000 69065000 69065000 69065000 68989000 68989000 68989000 68989000 68902000 68902000 68902000 68816000 68816000 68816000 68719000 68719000 68719000 68719000 68643000 68643000 68643000 68557000 68557000 68557000 68470000 68470000 68470000 68373000 68373000 68373000 68373000 68286000 68286000 68286000 68211000 68211000 68211000 68124000 68124000 68124000 68124000 68038000 68038000 68038000 67940000 67940000 67940000 67865000 67865000 67865000 67865000 67778000 67778000 67778000 67692000 67692000 67692000 67594000 67594000 67594000 67508000 67508000 67508000 67508000 67432000 67432000 67432000 67346000 67346000 67346000 67249000 67249000 
power=8291000 8291000 8291000 13966000 13966000 13966000 13966000 16982000 16982000 16982000 18722000 18722000 18722000 20149000 20149000 20149000 20203000 20203000 20203000 20203000 20193000 20193000 20193000 20355000 20355000 20355000 20430000 20430000 20430000 20430000 20495000 20495000 20495000 20528000 20528000 20528000 20528000 20528000 20528000 20528000 20528000 20528000 20528000 20528000 20528000 20528000 20528000 20528000 20528000 20528000 20528000 20528000 20528000 20647000 20647000 20647000 20701000 20701000 20701000 20701000 20722000 20722000 20722000 20766000 20766000 20766000 20863000 20863000 20863000 20744000 20744000 20744000 20744000 20766000 20766000 20766000 20809000 20809000 20809000 20809000 20809000 20809000 20809000 20809000 20809000 20809000 20917000 20917000 20917000 20982000 20982000 20982000 20982000 21003000 21003000 21003000 20917000 20917000 20917000 20863000 20863000 20863000 20863000 20830000 20830000 20830000 20809000 20809000 20809000 20809000 20809000 20809000 20809000 20809000 20809000 20809000 20809000 20809000 20809000 20809000 20809000 20809000 20809000 20809000 20809000 20809000 20809000 20809000 20809000 20809000 20809000 20809000 20690000 20690000 20690000 20690000 20744000 20744000 20744000 20668000 20668000 20668000 20539000 20539000 20539000 20539000 20593000 20593000 20593000 20593000 20593000 20593000 20625000 20625000 20625000 20625000 20625000 20625000 20625000 20625000 20625000 20625000 20625000 20625000 20625000 20625000 20625000 20625000 20625000 20625000 20625000 20625000 20625000 20625000 20625000 20625000 20625000 20625000 20625000 20625000 20625000 20625000 20625000 20625000 20625000 20625000 20625000 20625000 20625000 20625000 20625000 20625000 20625000 20625000 20625000 20625000 20625000 20625000 20625000 20625000 
voltage=10810000 10810000 10810000 10810000 10810000 10810000 10810000 10810000 10810000 10810000 10810000 10810000 10810000 10810000 10810000 10810000 10810000 10810000 10810000 10810000 10810000 10810000 10810000 10810000 10810000 10810000 10810000 10810000 10810000 10810000 10810000 10810000 10810000 10810000 10810000 10810000 10810000 10810000 10810000 10810000 10810000 10810000 10810000 10810000 10810000 10810000 10810000 10810000 10810000 10810000 10810000 10810000 10810000 10810000 10810000 10810000 10810000 10810000 10810000 10810000 10810000 10810000 10810000 10810000 10810000 10810000 10810000 10810000 10810000 10810000 10810000 10810000 10810000 10810000 10810000 10810000 10810000 10810000 10810000 10810000 10810000 10810000 10810000 10810000 10810000 10810000 10810000 10810000 10810000 10810000 10810000 10810000 10810000 10810000 10810000 10810000 10810000 10810000 10810000 10810000 10810000 10810000 10810000 10810000 10810000 10810000 10810000 10810000 10810000 10810000 10810000 10810000 10810000 10810000 10810000 10810000 10810000 10810000 10810000 10810000 10810000 10810000 10810000 10810000 10810000 10810000 10810000 10810000 10810000 10810000 10810000 10810000 10810000 10810000 10810000 10810000 10810000 10810000 10810000 10810000 10810000 10810000 10810000 10810000 10810000 10810000 10810000 10810000 10810000 10810000 10810000 10810000 10810000 10810000 10810000 10810000 10810000 10810000 10810000 10810000 10810000 10810000 10810000 10810000 10810000 10810000 10810000 10810000 10810000 10810000 10810000 10810000 10810000 10810000 10810000 10810000 10810000 10810000 10810000 10810000 10810000 10810000 10810000 10810000 10810000 10810000 10810000 10810000 10810000 10810000 10810000 10810000 10810000 10810000 10810000 10810000 10810000 10810000 10810000 10810000 
