RUN=0
name=cpuidle
freq=1600
reads=200
time=5
samples=2e+02
start_time=2611.67
end_time=3611.75
energy=74361000 74361000 74361000 74361000 74329000 74329000 74329000 74297000 74297000 74297000 74264000 74264000 74264000 74264000 74243000 74243000 74243000 74210000 74210000 74210000 74167000 74167000 74167000 74167000 74134000 74134000 74134000 74102000 74102000 74102000 74070000 74070000 74070000 74070000 74048000 74048000 74048000 74016000 74016000 74016000 73983000 73983000 73983000 73983000 73951000 73951000 73951000 73918000 73918000 73918000 73897000 73897000 73897000 73897000 73864000 73864000 73864000 73832000 73832000 73832000 73799000 73799000 73799000 73799000 73778000 73778000 73778000 73745000 73745000 73745000 73713000 73713000 73713000 73713000 73680000 73680000 73680000 73659000 73659000 73659000 73659000 73626000 73626000 73626000 73583000 73583000 73583000 73551000 73551000 73551000 73551000 73518000 73518000 73518000 73486000 73486000 73486000 73453000 73453000 73453000 73453000 73432000 73432000 73432000 73399000 73399000 73399000 73367000 73367000 73367000 73367000 73335000 73335000 73335000 73313000 73313000 73313000 73280000 73280000 73280000 73280000 73248000 73248000 73248000 73216000 73216000 73216000 73194000 73194000 73194000 73194000 73162000 73162000 73162000 73129000 73129000 73129000 73097000 73097000 73097000 73097000 73064000 73064000 73064000 73043000 73043000 73043000 73010000 73010000 73010000 72978000 72978000 72978000 72978000 72945000 72945000 72945000 72924000 72924000 72924000 72891000 72891000 72891000 72891000 72859000 72859000 72859000 72816000 72816000 72816000 72783000 72783000 72783000 72783000 72751000 72751000 72751000 72729000 72729000 72729000 72697000 72697000 72697000 72697000 72664000 72664000 72664000 72632000 72632000 72632000 72599000 72599000 72599000 72599000 72578000 72578000 72578000 72545000 72545000 72545000 
power=8983000 8983000 8983000 8983000 7804000 7804000 7804000 7707000 7707000 7707000 7685000 7685000 7685000 7685000 7653000 7653000 7653000 7653000 7653000 7653000 7653000 7653000 7653000 7653000 7653000 7653000 7653000 7653000 7653000 7653000 7534000 7534000 7534000 7534000 7480000 7480000 7480000 7567000 7567000 7567000 7480000 7480000 7480000 7480000 7448000 7448000 7448000 7448000 7448000 7448000 7415000 7415000 7415000 7415000 7415000 7415000 7415000 7415000 7415000 7415000 7415000 7415000 7415000 7415000 7415000 7415000 7415000 7415000 7415000 7415000 7534000 7534000 7534000 7534000 7480000 7480000 7480000 7448000 7448000 7448000 7448000 7448000 7448000 7448000 7415000 7415000 7415000 7415000 7415000 7415000 7415000 7415000 7415000 7415000 7415000 7415000 7415000 7415000 7415000 7415000 7415000 7415000 7415000 7415000 7415000 7415000 7415000 7415000 7415000 7415000 7415000 7415000 7415000 7415000 7415000 7415000 7415000 7415000 7415000 7415000 7415000 7415000 7415000 7415000 7415000 7415000 7415000 7415000 7415000 7415000 7415000 7415000 7415000 7415000 7415000 7415000 7415000 7415000 7415000 7415000 7415000 7415000 7415000 7415000 7415000 7415000 7415000 7415000 7415000 7415000 7415000 7415000 7415000 7415000 7415000 7415000 7415000 7415000 7415000 7415000 7415000 7415000 7415000 7415000 7415000 7415000 7415000 7415000 7415000 7415000 7534000 7534000 7534000 7534000 7480000 7480000 7480000 7448000 7448000 7448000 7448000 7448000 7448000 7448000 7415000 7415000 7415000 7415000 7415000 7415000 7415000 7415000 7415000 7415000 7415000 7415000 7415000 7415000 7415000 7415000 
voltage=10810000 10810000 10810000 10810000 10810000 10810000 10810000 10810000 10810000 10810000 10810000 10810000 10810000 10810000 10810000 10810000 10810000 10810000 10810000 10810000 10810000 10810000 10810000 10810000 10810000 10810000 10810000 10810000 10810000 10810000 10810000 10810000 10810000 10810000 10810000 10810000 10810000 10810000 10810000 10810000 10810000 10810000 10810000 10810000 10810000 10810000 10810000 10810000 10810000 10810000 10810000 10810000 10810000 10810000 10810000 10810000 10810000 10810000 10810000 10810000 10810000 10810000 10810000 10810000 10810000 10810000 10810000 10810000 10810000 10810000 10810000 10810000 10810000 10810000 10810000 10810000 10810000 10810000 10810000 10810000 10810000 10810000 10810000 10810000 10810000 10810000 10810000 10810000 10810000 10810000 10810000 10810000 10810000 10810000 10810000 10810000 10810000 10810000 10810000 10810000 10810000 10810000 10810000 10810000 10810000 10810000 10810000 10810000 10810000 10810000 10810000 10810000 10810000 10810000 10810000 10810000 10810000 10810000 10810000 10810000 10810000 10810000 10810000 10810000 10810000 10810000 10810000 10810000 10810000 10810000 10810000 10810000 10810000 10810000 10810000 10810000 10810000 10810000 10810000 10810000 10810000 10810000 10810000 10810000 10810000 10810000 10810000 10810000 10810000 10810000 10810000 10810000 10810000 10810000 10810000 10810000 10810000 10810000 10810000 10810000 10810000 10810000 10810000 10810000 10810000 10810000 10810000 10810000 10810000 10810000 10810000 10810000 10810000 10810000 10810000 10810000 10810000 10810000 10810000 10810000 10810000 10810000 10810000 10810000 10810000 10810000 10810000 10810000 10810000 10810000 10810000 10810000 10810000 10810000 10810000 10810000 10810000 10810000 10810000 10810000 
