RUN=0
name=cpuidle
freq=2400
reads=200
time=5
samples=2e+02
start_time=6409.23
end_time=7409.3
energy=55541000 55509000 55509000 55509000 55466000 55466000 55466000 55466000 55433000 55433000 55433000 55412000 55412000 55412000 55379000 55379000 55379000 55379000 55347000 55347000 55347000 55314000 55314000 55314000 55271000 55271000 55271000 55271000 55239000 55239000 55239000 55217000 55217000 55217000 55185000 55185000 55185000 55185000 55152000 55152000 55152000 55109000 55109000 55109000 55076000 55076000 55076000 55076000 55044000 55044000 55044000 55022000 55022000 55022000 54990000 54990000 54990000 54990000 54958000 54958000 54958000 54914000 54914000 54914000 54882000 54882000 54882000 54882000 54849000 54849000 54849000 54828000 54828000 54828000 54795000 54795000 54795000 54795000 54763000 54763000 54763000 54720000 54720000 54720000 54687000 54687000 54687000 54687000 54655000 54655000 54655000 54633000 54633000 54633000 54601000 54601000 54601000 54601000 54568000 54568000 54568000 54536000 54536000 54536000 54493000 54493000 54493000 54493000 54460000 54460000 54460000 54428000 54428000 54428000 54406000 54406000 54406000 54406000 54374000 54374000 54374000 54341000 54341000 54341000 54298000 54298000 54298000 54298000 54266000 54266000 54266000 54233000 54233000 54233000 54212000 54212000 54212000 54212000 54179000 54179000 54179000 54147000 54147000 54147000 54114000 54114000 54114000 54114000 54071000 54071000 54071000 54039000 54039000 54039000 54017000 54017000 54017000 54017000 53985000 53985000 53985000 53952000 53952000 53952000 53920000 53920000 53920000 53920000 53898000 53898000 53898000 53844000 53844000 53844000 53822000 53822000 53822000 53822000 53790000 53790000 53790000 53758000 53758000 53758000 53725000 53725000 53725000 53704000 53704000 53704000 53704000 53671000 53671000 53671000 53628000 53628000 53628000 53595000 53595000 53595000 
power=10355000 8712000 8712000 8712000 7804000 7804000 7804000 7804000 7783000 7783000 7783000 7783000 7783000 7783000 7664000 7664000 7664000 7664000 7610000 7610000 7610000 7577000 7577000 7577000 7556000 7556000 7556000 7556000 7556000 7556000 7556000 7556000 7556000 7556000 7556000 7556000 7556000 7556000 7556000 7556000 7556000 7556000 7556000 7556000 7621000 7621000 7621000 7621000 7621000 7621000 7621000 7621000 7621000 7621000 7621000 7621000 7621000 7621000 7621000 7621000 7621000 7621000 7621000 7621000 7621000 7621000 7621000 7621000 7621000 7621000 7621000 7621000 7621000 7621000 7621000 7621000 7621000 7621000 7621000 7621000 7621000 7621000 7621000 7621000 7621000 7621000 7621000 7621000 7621000 7621000 7621000 7621000 7621000 7621000 7621000 7621000 7621000 7621000 7621000 7621000 7621000 7621000 7621000 7621000 7621000 7621000 7621000 7621000 7621000 7621000 7621000 7621000 7621000 7621000 7621000 7621000 7621000 7621000 7621000 7621000 7621000 7621000 7621000 7621000 7621000 7621000 7621000 7621000 7621000 7621000 7621000 7621000 7621000 7621000 7621000 7621000 7621000 7621000 7621000 7621000 7621000 7621000 7621000 7621000 7621000 7621000 7621000 7621000 7621000 7621000 7621000 7556000 7556000 7556000 7556000 7556000 7556000 7556000 7556000 7556000 7556000 7556000 7556000 7556000 7556000 7556000 7556000 7556000 7556000 7556000 7556000 7556000 7556000 7556000 7556000 7556000 7556000 7556000 7556000 7556000 7556000 7556000 7556000 7556000 7437000 7437000 7437000 7491000 7491000 7491000 7491000 7523000 7523000 7523000 7523000 7523000 7523000 7556000 7556000 7556000 
voltage=10810000 10810000 10810000 10810000 10810000 10810000 10810000 10810000 10810000 10810000 10810000 10810000 10810000 10810000 10810000 10810000 10810000 10810000 10810000 10810000 10810000 10810000 10810000 10810000 10810000 10810000 10810000 10810000 10810000 10810000 10810000 10810000 10810000 10810000 10810000 10810000 10810000 10810000 10810000 10810000 10810000 10810000 10810000 10810000 10810000 10810000 10810000 10810000 10810000 10810000 10810000 10810000 10810000 10810000 10810000 10810000 10810000 10810000 10810000 10810000 10810000 10810000 10810000 10810000 10810000 10810000 10810000 10810000 10810000 10810000 10810000 10810000 10810000 10810000 10810000 10810000 10810000 10810000 10810000 10810000 10810000 10810000 10810000 10810000 10810000 10810000 10810000 10810000 10810000 10810000 10810000 10810000 10810000 10810000 10810000 10810000 10810000 10810000 10810000 10810000 10810000 10810000 10810000 10810000 10810000 10810000 10810000 10810000 10810000 10810000 10810000 10810000 10810000 10810000 10810000 10810000 10810000 10810000 10810000 10810000 10810000 10810000 10810000 10810000 10810000 10810000 10810000 10810000 10810000 10810000 10810000 10810000 10810000 10810000 10810000 10810000 10810000 10810000 10810000 10810000 10810000 10810000 10810000 10810000 10810000 10810000 10810000 10810000 10810000 10810000 10810000 10810000 10810000 10810000 10810000 10810000 10810000 10810000 10810000 10810000 10810000 10810000 10810000 10810000 10810000 10810000 10810000 10810000 10810000 10810000 10810000 10810000 10810000 10810000 10810000 10810000 10810000 10810000 10810000 10810000 10810000 10810000 10810000 10810000 10810000 10810000 10810000 10810000 10810000 10810000 10810000 10810000 10810000 10810000 10810000 10810000 10810000 10810000 10810000 10810000 
