RUN=0
name=cpuidle
freq=2000
reads=200
time=5
samples=2e+02
start_time=12739.2
end_time=13739.3
energy=32051000 32051000 32008000 32008000 32008000 31975000 31975000 31975000 31975000 31943000 31943000 31943000 31900000 31900000 31900000 31878000 31878000 31878000 31878000 31846000 31846000 31846000 31803000 31803000 31803000 31770000 31770000 31770000 31770000 31738000 31738000 31738000 31705000 31705000 31705000 31662000 31662000 31662000 31662000 31630000 31630000 31630000 31608000 31608000 31608000 31554000 31554000 31554000 31554000 31532000 31532000 31532000 31500000 31500000 31500000 31457000 31457000 31457000 31457000 31424000 31424000 31424000 31392000 31392000 31392000 31359000 31359000 31359000 31359000 31316000 31316000 31316000 31284000 31284000 31284000 31262000 31262000 31262000 31262000 31230000 31230000 31230000 31186000 31186000 31186000 31154000 31154000 31154000 31121000 31121000 31121000 31121000 31078000 31078000 31078000 31046000 31046000 31046000 31024000 31024000 31024000 31024000 30992000 30992000 30992000 30949000 30949000 30949000 30916000 30916000 30916000 30916000 30884000 30884000 30884000 30840000 30840000 30840000 30808000 30808000 30808000 30808000 30776000 30776000 30776000 30754000 30754000 30754000 30700000 30700000 30700000 30700000 30678000 30678000 30678000 30646000 30646000 30646000 30613000 30613000 30613000 30613000 30570000 30570000 30570000 30538000 30538000 30538000 30505000 30505000 30505000 30505000 30484000 30484000 30484000 30430000 30430000 30430000 30408000 30408000 30408000 30408000 30376000 30376000 30376000 30332000 30332000 30332000 30300000 30300000 30300000 30300000 30268000 30268000 30268000 30235000 30235000 30235000 30192000 30192000 30192000 30192000 30159000 30159000 30159000 30138000 30138000 30138000 30095000 30095000 30095000 30095000 30062000 30062000 30062000 30030000 30030000 30030000 29997000 29997000 
power=9761000 9761000 8161000 8161000 8161000 7739000 7739000 7739000 7739000 7718000 7718000 7718000 7718000 7718000 7718000 7610000 7610000 7610000 7610000 7664000 7664000 7664000 7685000 7685000 7685000 7577000 7577000 7577000 7577000 7556000 7556000 7556000 7523000 7523000 7523000 7502000 7502000 7502000 7502000 7502000 7502000 7502000 7502000 7502000 7502000 7502000 7502000 7502000 7502000 7502000 7502000 7502000 7502000 7502000 7502000 7502000 7502000 7502000 7502000 7502000 7502000 7502000 7502000 7502000 7502000 7502000 7502000 7502000 7502000 7502000 7502000 7502000 7502000 7502000 7502000 7502000 7502000 7502000 7502000 7502000 7502000 7502000 7502000 7502000 7502000 7502000 7502000 7502000 7502000 7502000 7502000 7502000 7502000 7502000 7502000 7502000 7502000 7502000 7502000 7502000 7502000 7502000 7502000 7502000 7502000 7502000 7502000 7502000 7502000 7502000 7502000 7502000 7502000 7502000 7502000 7502000 7502000 7502000 7502000 7502000 7502000 7502000 7502000 7502000 7502000 7502000 7502000 7502000 7502000 7502000 7502000 7502000 7502000 7502000 7502000 7394000 7394000 7394000 7448000 7448000 7448000 7448000 7469000 7469000 7469000 7469000 7469000 7469000 7502000 7502000 7502000 7502000 7502000 7502000 7502000 7502000 7502000 7502000 7502000 7502000 7502000 7502000 7610000 7610000 7610000 7664000 7664000 7664000 7577000 7577000 7577000 7577000 7556000 7556000 7556000 7523000 7523000 7523000 7394000 7394000 7394000 7394000 7448000 7448000 7448000 7469000 7469000 7469000 7469000 7469000 7469000 7469000 7502000 7502000 7502000 7502000 7502000 7502000 7502000 7502000 
voltage=10810000 10810000 10810000 10810000 10810000 10810000 10810000 10810000 10810000 10810000 10810000 10810000 10810000 10810000 10810000 10810000 10810000 10810000 10810000 10810000 10810000 10810000 10810000 10810000 10810000 10810000 10810000 10810000 10810000 10810000 10810000 10810000 10810000 10810000 10810000 10810000 10810000 10810000 10810000 10810000 10810000 10810000 10810000 10810000 10810000 10810000 10810000 10810000 10810000 10810000 10810000 10810000 10810000 10810000 10810000 10810000 10810000 10810000 10810000 10810000 10810000 10810000 10810000 10810000 10810000 10810000 10810000 10810000 10810000 10810000 10810000 10810000 10810000 10810000 10810000 10810000 10810000 10810000 10810000 10810000 10810000 10810000 10810000 10810000 10810000 10810000 10810000 10810000 10810000 10810000 10810000 10810000 10810000 10810000 10810000 10810000 10810000 10810000 10810000 10810000 10810000 10810000 10810000 10810000 10810000 10810000 10810000 10810000 10810000 10810000 10810000 10810000 10810000 10810000 10810000 10810000 10810000 10810000 10810000 10810000 10810000 10810000 10810000 10810000 10810000 10810000 10810000 10810000 10810000 10810000 10810000 10810000 10810000 10810000 10810000 10810000 10810000 10810000 10810000 10810000 10810000 10810000 10810000 10810000 10810000 10810000 10810000 10810000 10810000 10810000 10810000 10810000 10810000 10810000 10810000 10810000 10810000 10810000 10810000 10810000 10810000 10810000 10810000 10810000 10810000 10810000 10810000 10810000 10810000 10810000 10810000 10810000 10810000 10810000 10810000 10810000 10810000 10810000 10810000 10810000 10810000 10810000 10810000 10810000 10810000 10810000 10810000 10810000 10810000 10810000 10810000 10810000 10810000 10810000 10810000 10810000 10810000 10810000 10810000 10810000 
