RUN=0
name=cpuidle
freq=1200
reads=200
time=5
samples=2e+02
start_time=8939.84
end_time=9939.93
energy=51379000 51379000 51379000 51336000 51336000 51336000 51304000 51304000 51304000 51271000 51271000 51271000 51271000 51239000 51239000 51239000 51196000 51196000 51196000 51174000 51174000 51174000 51174000 51142000 51142000 51142000 51109000 51109000 51109000 51066000 51066000 51066000 51066000 51034000 51034000 51034000 51001000 51001000 51001000 50969000 50969000 50969000 50969000 50947000 50947000 50947000 50904000 50904000 50904000 50871000 50871000 50871000 50871000 50839000 50839000 50839000 50807000 50807000 50807000 50763000 50763000 50763000 50763000 50731000 50731000 50731000 50709000 50709000 50709000 50677000 50677000 50677000 50644000 50644000 50644000 50644000 50601000 50601000 50601000 50569000 50569000 50569000 50536000 50536000 50536000 50536000 50504000 50504000 50504000 50482000 50482000 50482000 50439000 50439000 50439000 50439000 50407000 50407000 50407000 50374000 50374000 50374000 50342000 50342000 50342000 50342000 50309000 50309000 50309000 50266000 50266000 50266000 50244000 50244000 50244000 50244000 50212000 50212000 50212000 50180000 50180000 50180000 50147000 50147000 50147000 50147000 50104000 50104000 50104000 50071000 50071000 50071000 50050000 50050000 50050000 50050000 50017000 50017000 50017000 49985000 49985000 49985000 49942000 49942000 49942000 49942000 49909000 49909000 49909000 49877000 49877000 49877000 49844000 49844000 49844000 49844000 49823000 49823000 49823000 49780000 49780000 49780000 49747000 49747000 49747000 49747000 49715000 49715000 49715000 49682000 49682000 49682000 49650000 49650000 49650000 49650000 49607000 49607000 49607000 49585000 49585000 49585000 49553000 49553000 49553000 49553000 49520000 49520000 49520000 49488000 49488000 49488000 49444000 49444000 49444000 49444000 49412000 49412000 49412000 49380000 
power=9631000 9631000 9631000 7891000 7891000 7891000 7707000 7707000 7707000 7621000 7621000 7621000 7621000 7599000 7599000 7599000 7577000 7577000 7577000 7577000 7577000 7577000 7577000 7577000 7577000 7577000 7577000 7577000 7577000 7577000 7577000 7577000 7577000 7642000 7642000 7642000 7642000 7642000 7642000 7642000 7642000 7642000 7642000 7642000 7642000 7642000 7642000 7642000 7642000 7642000 7642000 7642000 7642000 7642000 7642000 7642000 7739000 7739000 7739000 7685000 7685000 7685000 7685000 7664000 7664000 7664000 7664000 7664000 7664000 7642000 7642000 7642000 7642000 7642000 7642000 7642000 7642000 7642000 7642000 7642000 7642000 7642000 7642000 7642000 7642000 7642000 7642000 7642000 7642000 7642000 7642000 7642000 7534000 7534000 7534000 7534000 7480000 7480000 7480000 7556000 7556000 7556000 7588000 7588000 7588000 7588000 7610000 7610000 7610000 7534000 7534000 7534000 7588000 7588000 7588000 7588000 7610000 7610000 7610000 7610000 7610000 7610000 7642000 7642000 7642000 7642000 7534000 7534000 7534000 7588000 7588000 7588000 7545000 7545000 7545000 7545000 7545000 7545000 7545000 7577000 7577000 7577000 7577000 7577000 7577000 7577000 7469000 7469000 7469000 7404000 7404000 7404000 7491000 7491000 7491000 7491000 7523000 7523000 7523000 7545000 7545000 7545000 7577000 7577000 7577000 7577000 7577000 7577000 7577000 7469000 7469000 7469000 7404000 7404000 7404000 7404000 7491000 7491000 7491000 7621000 7621000 7621000 7491000 7491000 7491000 7491000 7545000 7545000 7545000 7567000 7567000 7567000 7545000 7545000 7545000 7545000 7577000 7577000 7577000 7577000 
voltage=10810000 10810000 10810000 10810000 10810000 10810000 10810000 10810000 10810000 10810000 10810000 10810000 10810000 10810000 10810000 10810000 10810000 10810000 10810000 10810000 10810000 10810000 10810000 10810000 10810000 10810000 10810000 10810000 10810000 10810000 10810000 10810000 10810000 10810000 10810000 10810000 10810000 10810000 10810000 10810000 10810000 10810000 10810000 10810000 10810000 10810000 10810000 10810000 10810000 10810000 10810000 10810000 10810000 10810000 10810000 10810000 10810000 10810000 10810000 10810000 10810000 10810000 10810000 10810000 10810000 10810000 10810000 10810000 10810000 10810000 10810000 10810000 10810000 10810000 10810000 10810000 10810000 10810000 10810000 10810000 10810000 10810000 10810000 10810000 10810000 10810000 10810000 10810000 10810000 10810000 10810000 10810000 10810000 10810000 10810000 10810000 10810000 10810000 10810000 10810000 10810000 10810000 10810000 10810000 10810000 10810000 10810000 10810000 10810000 10810000 10810000 10810000 10810000 10810000 10810000 10810000 10810000 10810000 10810000 10810000 10810000 10810000 10810000 10810000 10810000 10810000 10810000 10810000 10810000 10810000 10810000 10810000 10810000 10810000 10810000 10810000 10810000 10810000 10810000 10810000 10810000 10810000 10810000 10810000 10810000 10810000 10810000 10810000 10810000 10810000 10810000 10810000 10810000 10810000 10810000 10810000 10810000 10810000 10810000 10810000 10810000 10810000 10810000 10810000 10810000 10810000 10810000 10810000 10810000 10810000 10810000 10810000 10810000 10810000 10810000 10810000 10810000 10810000 10810000 10810000 10810000 10810000 10810000 10810000 10810000 10810000 10810000 10810000 10810000 10810000 10810000 10810000 10810000 10810000 10810000 10810000 10810000 10810000 10810000 10810000 
