RUN=0
name=cpuact
freq=1200
reads=200
time=5
samples=2e+02
start_time=1137.4
end_time=2140.54
energy=75324000 75280000 75280000 75280000 75194000 75194000 75194000 75194000 75118000 75118000 75118000 75043000 75043000 75043000 74967000 74967000 74967000 74967000 74891000 74891000 74891000 74816000 74816000 74816000 74729000 74729000 74729000 74729000 74653000 74653000 74653000 74578000 74578000 74578000 74491000 74491000 74491000 74416000 74416000 74416000 74416000 74340000 74340000 74340000 74264000 74264000 74264000 74178000 74178000 74178000 74178000 74102000 74102000 74102000 74026000 74026000 74026000 73940000 73940000 73940000 73940000 73864000 73864000 73864000 73789000 73789000 73789000 73691000 73691000 73691000 73691000 73616000 73616000 73616000 73540000 73540000 73540000 73453000 73453000 73453000 73453000 73378000 73378000 73378000 73302000 73302000 73302000 73216000 73216000 73216000 73216000 73140000 73140000 73140000 73053000 73053000 73053000 72978000 72978000 72978000 72978000 72902000 72902000 72902000 72816000 72816000 72816000 72740000 72740000 72740000 72740000 72643000 72643000 72643000 72567000 72567000 72567000 72491000 72491000 72491000 72491000 72405000 72405000 72405000 72329000 72329000 72329000 72243000 72243000 72243000 72243000 72167000 72167000 72167000 72081000 72081000 72081000 72005000 72005000 72005000 71929000 71929000 71929000 71929000 71832000 71832000 71832000 71756000 71756000 71756000 71670000 71670000 71670000 71670000 71594000 71594000 71594000 71508000 71508000 71508000 71432000 71432000 71432000 71432000 71356000 71356000 71356000 71270000 71270000 71270000 71194000 71194000 71194000 71097000 71097000 71097000 71097000 71032000 71032000 71032000 70956000 70956000 70956000 70859000 70859000 70859000 70859000 70783000 70783000 70783000 70697000 70697000 70697000 70621000 70621000 70621000 70621000 70535000 70535000 70535000 
power=7458000 10258000 10258000 10258000 14528000 14528000 14528000 14528000 16841000 16841000 16841000 18355000 18355000 18355000 19144000 19144000 19144000 19144000 19306000 19306000 19306000 19198000 19198000 19198000 19220000 19220000 19220000 19220000 19371000 19371000 19371000 19425000 19425000 19425000 19447000 19447000 19447000 19490000 19490000 19490000 19490000 19490000 19490000 19490000 19490000 19490000 19490000 19490000 19490000 19490000 19490000 19490000 19490000 19490000 19490000 19490000 19490000 19490000 19490000 19490000 19490000 19490000 19490000 19490000 19609000 19609000 19609000 19663000 19663000 19663000 19663000 19685000 19685000 19685000 19728000 19728000 19728000 19836000 19836000 19836000 19836000 19771000 19771000 19771000 19749000 19749000 19749000 19857000 19857000 19857000 19857000 19609000 19609000 19609000 19685000 19685000 19685000 19749000 19749000 19749000 19749000 19749000 19749000 19749000 19782000 19782000 19782000 19782000 19782000 19782000 19782000 19782000 19782000 19782000 19782000 19782000 19782000 19782000 19782000 19782000 19782000 19782000 19782000 19782000 19782000 19782000 19782000 19901000 19901000 19901000 19901000 19847000 19847000 19847000 19803000 19803000 19803000 19803000 19803000 19803000 19782000 19782000 19782000 19782000 19782000 19782000 19782000 19782000 19782000 19782000 19782000 19782000 19782000 19782000 19782000 19782000 19782000 19782000 19782000 19782000 19782000 19782000 19782000 19782000 19782000 19782000 19782000 19782000 19782000 19782000 19782000 19782000 19782000 19782000 19782000 19782000 19782000 19782000 19782000 19782000 19782000 19782000 19782000 19782000 19782000 19782000 19782000 19901000 19901000 19901000 19847000 19847000 19847000 19803000 19803000 19803000 19803000 19803000 19803000 19803000 
voltage=10810000 10810000 10810000 10810000 10810000 10810000 10810000 10810000 10810000 10810000 10810000 10810000 10810000 10810000 10810000 10810000 10810000 10810000 10810000 10810000 10810000 10810000 10810000 10810000 10810000 10810000 10810000 10810000 10810000 10810000 10810000 10810000 10810000 10810000 10810000 10810000 10810000 10810000 10810000 10810000 10810000 10810000 10810000 10810000 10810000 10810000 10810000 10810000 10810000 10810000 10810000 10810000 10810000 10810000 10810000 10810000 10810000 10810000 10810000 10810000 10810000 10810000 10810000 10810000 10810000 10810000 10810000 10810000 10810000 10810000 10810000 10810000 10810000 10810000 10810000 10810000 10810000 10810000 10810000 10810000 10810000 10810000 10810000 10810000 10810000 10810000 10810000 10810000 10810000 10810000 10810000 10810000 10810000 10810000 10810000 10810000 10810000 10810000 10810000 10810000 10810000 10810000 10810000 10810000 10810000 10810000 10810000 10810000 10810000 10810000 10810000 10810000 10810000 10810000 10810000 10810000 10810000 10810000 10810000 10810000 10810000 10810000 10810000 10810000 10810000 10810000 10810000 10810000 10810000 10810000 10810000 10810000 10810000 10810000 10810000 10810000 10810000 10810000 10810000 10810000 10810000 10810000 10810000 10810000 10810000 10810000 10810000 10810000 10810000 10810000 10810000 10810000 10810000 10810000 10810000 10810000 10810000 10810000 10810000 10810000 10810000 10810000 10810000 10810000 10810000 10810000 10810000 10810000 10810000 10810000 10810000 10810000 10810000 10810000 10810000 10810000 10810000 10810000 10810000 10810000 10810000 10810000 10810000 10810000 10810000 10810000 10810000 10810000 10810000 10810000 10810000 10810000 10810000 10810000 10810000 10810000 10810000 10810000 10810000 10810000 
