RUN=0
name=cpuact
freq=1600
reads=200
time=5
samples=2e+02
start_time=4461.75
end_time=5466.74
energy=70405000 70405000 70405000 70308000 70308000 70308000 70232000 70232000 70232000 70146000 70146000 70146000 70146000 70070000 70070000 70070000 69983000 69983000 69983000 69908000 69908000 69908000 69821000 69821000 69821000 69821000 69724000 69724000 69724000 69648000 69648000 69648000 69562000 69562000 69562000 69562000 69475000 69475000 69475000 69400000 69400000 69400000 69302000 69302000 69302000 69216000 69216000 69216000 69216000 69140000 69140000 69140000 69054000 69054000 69054000 68956000 68956000 68956000 68956000 68870000 68870000 68870000 68794000 68794000 68794000 68708000 68708000 68708000 68708000 68621000 68621000 68621000 68524000 68524000 68524000 68448000 68448000 68448000 68362000 68362000 68362000 68362000 68275000 68275000 68275000 68178000 68178000 68178000 68092000 68092000 68092000 68092000 68016000 68016000 68016000 67930000 67930000 67930000 67832000 67832000 67832000 67832000 67746000 67746000 67746000 67670000 67670000 67670000 67584000 67584000 67584000 67584000 67497000 67497000 67497000 67400000 67400000 67400000 67324000 67324000 67324000 67238000 67238000 67238000 67238000 67151000 67151000 67151000 67054000 67054000 67054000 66967000 66967000 66967000 66967000 66892000 66892000 66892000 66805000 66805000 66805000 66708000 66708000 66708000 66708000 66622000 66622000 66622000 66546000 66546000 66546000 66459000 66459000 66459000 66459000 66373000 66373000 66373000 66276000 66276000 66276000 66200000 66200000 66200000 66200000 66113000 66113000 66113000 66027000 66027000 66027000 65930000 65930000 65930000 65930000 65854000 65854000 65854000 65768000 65768000 65768000 65681000 65681000 65681000 65681000 65584000 65584000 65584000 65519000 65519000 65519000 65422000 65422000 65422000 65422000 65335000 65335000 65335000 65249000 65249000 
power=7339000 7339000 7339000 13090000 13090000 13090000 16442000 16442000 16442000 18128000 18128000 18128000 18128000 19836000 19836000 19836000 20009000 20009000 20009000 20149000 20149000 20149000 20355000 20355000 20355000 20355000 20430000 20430000 20430000 20495000 20495000 20495000 20355000 20355000 20355000 20355000 20355000 20355000 20355000 20355000 20355000 20355000 20355000 20355000 20355000 20463000 20463000 20463000 20463000 20409000 20409000 20409000 20495000 20495000 20495000 20549000 20549000 20549000 20549000 20549000 20549000 20549000 20582000 20582000 20582000 20582000 20582000 20582000 20582000 20690000 20690000 20690000 20744000 20744000 20744000 20766000 20766000 20766000 20809000 20809000 20809000 20809000 20625000 20625000 20625000 20625000 20625000 20625000 20625000 20625000 20625000 20625000 20625000 20625000 20625000 20625000 20625000 20625000 20625000 20625000 20625000 20625000 20625000 20625000 20625000 20625000 20625000 20625000 20625000 20625000 20625000 20625000 20625000 20625000 20625000 20625000 20625000 20625000 20625000 20625000 20625000 20625000 20625000 20625000 20625000 20625000 20625000 20625000 20625000 20625000 20625000 20506000 20506000 20506000 20506000 20452000 20452000 20452000 20430000 20430000 20430000 20506000 20506000 20506000 20506000 20452000 20452000 20452000 20539000 20539000 20539000 20484000 20484000 20484000 20484000 20539000 20539000 20539000 20593000 20593000 20593000 20593000 20593000 20593000 20593000 20625000 20625000 20625000 20625000 20625000 20625000 20506000 20506000 20506000 20506000 20387000 20387000 20387000 20409000 20409000 20409000 20409000 20409000 20409000 20409000 20441000 20441000 20441000 20441000 20441000 20441000 20441000 20441000 20441000 20441000 20441000 20441000 20441000 20441000 20441000 
voltage=10810000 10810000 10810000 10810000 10810000 10810000 10810000 10810000 10810000 10810000 10810000 10810000 10810000 10810000 10810000 10810000 10810000 10810000 10810000 10810000 10810000 10810000 10810000 10810000 10810000 10810000 10810000 10810000 10810000 10810000 10810000 10810000 10810000 10810000 10810000 10810000 10810000 10810000 10810000 10810000 10810000 10810000 10810000 10810000 10810000 10810000 10810000 10810000 10810000 10810000 10810000 10810000 10810000 10810000 10810000 10810000 10810000 10810000 10810000 10810000 10810000 10810000 10810000 10810000 10810000 10810000 10810000 10810000 10810000 10810000 10810000 10810000 10810000 10810000 10810000 10810000 10810000 10810000 10810000 10810000 10810000 10810000 10810000 10810000 10810000 10810000 10810000 10810000 10810000 10810000 10810000 10810000 10810000 10810000 10810000 10810000 10810000 10810000 10810000 10810000 10810000 10810000 10810000 10810000 10810000 10810000 10810000 10810000 10810000 10810000 10810000 10810000 10810000 10810000 10810000 10810000 10810000 10810000 10810000 10810000 10810000 10810000 10810000 10810000 10810000 10810000 10810000 10810000 10810000 10810000 10810000 10810000 10810000 10810000 10810000 10810000 10810000 10810000 10810000 10810000 10810000 10810000 10810000 10810000 10810000 10810000 10810000 10810000 10810000 10810000 10810000 10810000 10810000 10810000 10810000 10810000 10810000 10810000 10810000 10810000 10810000 10810000 10810000 10810000 10810000 10810000 10810000 10810000 10810000 10810000 10810000 10810000 10810000 10810000 10810000 10810000 10810000 10810000 10810000 10810000 10810000 10810000 10810000 10810000 10810000 10810000 10810000 10810000 10810000 10810000 10810000 10810000 10810000 10810000 10810000 10810000 10810000 10810000 10810000 10810000 
