RUN=0
name=cpuact
freq=2400
reads=200
time=5
samples=2e+02
start_time=7879.35
end_time=8888.58
energy=57325000 57325000 57249000 57249000 57249000 57249000 57163000 57163000 57163000 57055000 57055000 57055000 56968000 56968000 56968000 56968000 56860000 56860000 56860000 56763000 56763000 56763000 56666000 56666000 56666000 56666000 56568000 56568000 56568000 56460000 56460000 56460000 56374000 56374000 56374000 56374000 56266000 56266000 56266000 56157000 56157000 56157000 56060000 56060000 56060000 56060000 55963000 55963000 55963000 55866000 55866000 55866000 55757000 55757000 55757000 55671000 55671000 55671000 55671000 55574000 55574000 55574000 55487000 55487000 55487000 55379000 55379000 55379000 55379000 55293000 55293000 55293000 55206000 55206000 55206000 55098000 55098000 55098000 55098000 55001000 55001000 55001000 54914000 54914000 54914000 54806000 54806000 54806000 54720000 54720000 54720000 54720000 54633000 54633000 54633000 54525000 54525000 54525000 54439000 54439000 54439000 54439000 54341000 54341000 54341000 54244000 54244000 54244000 54147000 54147000 54147000 54147000 54060000 54060000 54060000 53952000 53952000 53952000 53866000 53866000 53866000 53758000 53758000 53758000 53758000 53671000 53671000 53671000 53585000 53585000 53585000 53477000 53477000 53477000 53390000 53390000 53390000 53390000 53293000 53293000 53293000 53196000 53196000 53196000 53098000 53098000 53098000 53098000 53012000 53012000 53012000 52904000 52904000 52904000 52817000 52817000 52817000 52731000 52731000 52731000 52731000 52623000 52623000 52623000 52536000 52536000 52536000 52428000 52428000 52428000 52342000 52342000 52342000 52342000 52244000 52244000 52244000 52147000 52147000 52147000 52050000 52050000 52050000 52050000 51952000 51952000 51952000 51855000 51855000 51855000 51769000 51769000 51769000 51660000 51660000 51660000 51660000 51574000 51574000 51574000 
power=7599000 7599000 13371000 13371000 13371000 13371000 17890000 17890000 17890000 20106000 20106000 20106000 22138000 22138000 22138000 22138000 22733000 22733000 22733000 22949000 22949000 22949000 23057000 23057000 23057000 23057000 23219000 23219000 23219000 23317000 23317000 23317000 23338000 23338000 23338000 23338000 23371000 23371000 23371000 23371000 23371000 23371000 23155000 23155000 23155000 23155000 23155000 23155000 23155000 23155000 23155000 23155000 22938000 22938000 22938000 22182000 22182000 22182000 22182000 21803000 21803000 21803000 21587000 21587000 21587000 21533000 21533000 21533000 21533000 21587000 21587000 21587000 21609000 21609000 21609000 21641000 21641000 21641000 21641000 21641000 21641000 21641000 22182000 22182000 22182000 22019000 22019000 22019000 21944000 21944000 21944000 21944000 21965000 21965000 21965000 21857000 21857000 21857000 21857000 21857000 21857000 21857000 21857000 21857000 21857000 21857000 21857000 21857000 21857000 21857000 21857000 21857000 21857000 21857000 21857000 21857000 21857000 21857000 21663000 21663000 21663000 21663000 21663000 21663000 21663000 21663000 21663000 21663000 21663000 21663000 21663000 21663000 21663000 21663000 21663000 21663000 21663000 21663000 21663000 21663000 21663000 21663000 21663000 21663000 21663000 21663000 21663000 21663000 21663000 21663000 21663000 21663000 21663000 21663000 21663000 21663000 21663000 21663000 21663000 21663000 21663000 21663000 21663000 21663000 21663000 21663000 21663000 21663000 21663000 21663000 21663000 21663000 21663000 21663000 21760000 21760000 21760000 21814000 21814000 21814000 21836000 21836000 21836000 21836000 21868000 21868000 21868000 21868000 21868000 21868000 21868000 21868000 21868000 21868000 21868000 21868000 21868000 21868000 21868000 21868000 
voltage=10810000 10810000 10810000 10810000 10810000 10810000 10810000 10810000 10810000 10810000 10810000 10810000 10810000 10810000 10810000 10810000 10810000 10810000 10810000 10810000 10810000 10810000 10810000 10810000 10810000 10810000 10810000 10810000 10810000 10810000 10810000 10810000 10810000 10810000 10810000 10810000 10810000 10810000 10810000 10810000 10810000 10810000 10810000 10810000 10810000 10810000 10810000 10810000 10810000 10810000 10810000 10810000 10810000 10810000 10810000 10810000 10810000 10810000 10810000 10810000 10810000 10810000 10810000 10810000 10810000 10810000 10810000 10810000 10810000 10810000 10810000 10810000 10810000 10810000 10810000 10810000 10810000 10810000 10810000 10810000 10810000 10810000 10810000 10810000 10810000 10810000 10810000 10810000 10810000 10810000 10810000 10810000 10810000 10810000 10810000 10810000 10810000 10810000 10810000 10810000 10810000 10810000 10810000 10810000 10810000 10810000 10810000 10810000 10810000 10810000 10810000 10810000 10810000 10810000 10810000 10810000 10810000 10810000 10810000 10810000 10810000 10810000 10810000 10810000 10810000 10810000 10810000 10810000 10810000 10810000 10810000 10810000 10810000 10810000 10810000 10810000 10810000 10810000 10810000 10810000 10810000 10810000 10810000 10810000 10810000 10810000 10810000 10810000 10810000 10810000 10810000 10810000 10810000 10810000 10810000 10810000 10810000 10810000 10810000 10810000 10810000 10810000 10810000 10810000 10810000 10810000 10810000 10810000 10810000 10810000 10810000 10810000 10810000 10810000 10810000 10810000 10810000 10810000 10810000 10810000 10810000 10810000 10810000 10810000 10810000 10810000 10810000 10810000 10810000 10810000 10810000 10810000 10810000 10810000 10810000 10810000 10810000 10810000 10810000 10810000 
