RUN=0
name=cpuidle
freq=1200
reads=200
time=5
samples=2e+02
start_time=500.513
end_time=1500.6
energy=81226000 81226000 81193000 81193000 81193000 81161000 81161000 81161000 81129000 81129000 81129000 81107000 81107000 81107000 81107000 81075000 81075000 81075000 81042000 81042000 81042000 81010000 81010000 81010000 81010000 80988000 80988000 80988000 80956000 80956000 80956000 80923000 80923000 80923000 80923000 80891000 80891000 80891000 80858000 80858000 80858000 80837000 80837000 80837000 80837000 80804000 80804000 80804000 80772000 80772000 80772000 80739000 80739000 80739000 80739000 80718000 80718000 80718000 80685000 80685000 80685000 80653000 80653000 80653000 80653000 80620000 80620000 80620000 80599000 80599000 80599000 80566000 80566000 80566000 80534000 80534000 80534000 80534000 80502000 80502000 80502000 80469000 80469000 80469000 80448000 80448000 80448000 80448000 80415000 80415000 80415000 80383000 80383000 80383000 80350000 80350000 80350000 80350000 80329000 80329000 80329000 80307000 80307000 80307000 80275000 80275000 80275000 80275000 80253000 80253000 80253000 80221000 80221000 80221000 80188000 80188000 80188000 80188000 80156000 80156000 80156000 80134000 80134000 80134000 80102000 80102000 80102000 80102000 80069000 80069000 80069000 80037000 80037000 80037000 80004000 80004000 80004000 79983000 79983000 79983000 79983000 79950000 79950000 79950000 79918000 79918000 79918000 79885000 79885000 79885000 79885000 79864000 79864000 79864000 79831000 79831000 79831000 79799000 79799000 79799000 79799000 79766000 79766000 79766000 79734000 79734000 79734000 79712000 79712000 79712000 79712000 79680000 79680000 79680000 79648000 79648000 79648000 79615000 79615000 79615000 79615000 79594000 79594000 79594000 79561000 79561000 79561000 79529000 79529000 79529000 79529000 79496000 79496000 79496000 79475000 79475000 79475000 79442000 79442000 79442000 
power=7664000 7664000 7664000 7664000 7664000 7426000 7426000 7426000 7404000 7404000 7404000 7512000 7512000 7512000 7512000 7545000 7545000 7545000 7458000 7458000 7458000 7545000 7545000 7545000 7545000 7458000 7458000 7458000 7404000 7404000 7404000 7404000 7404000 7404000 7404000 7372000 7372000 7372000 7372000 7372000 7372000 7372000 7372000 7372000 7372000 7372000 7372000 7372000 7372000 7372000 7372000 7372000 7372000 7372000 7372000 7480000 7480000 7480000 7426000 7426000 7426000 7512000 7512000 7512000 7512000 7458000 7458000 7458000 7404000 7404000 7404000 7404000 7404000 7404000 7372000 7372000 7372000 7372000 7372000 7372000 7372000 7372000 7372000 7372000 7372000 7372000 7372000 7372000 7372000 7372000 7372000 7372000 7372000 7372000 7372000 7372000 7372000 7372000 7372000 7372000 7372000 7318000 7318000 7318000 7318000 7318000 7318000 7318000 7318000 7318000 7318000 7318000 7318000 7318000 7318000 7318000 7318000 7318000 7318000 7318000 7318000 7318000 7318000 7318000 7318000 7318000 7318000 7318000 7318000 7318000 7318000 7318000 7318000 7318000 7318000 7318000 7318000 7318000 7318000 7318000 7318000 7318000 7318000 7318000 7426000 7426000 7426000 7361000 7361000 7361000 7361000 7339000 7339000 7339000 7339000 7339000 7339000 7318000 7318000 7318000 7318000 7318000 7318000 7318000 7318000 7318000 7318000 7318000 7318000 7318000 7318000 7426000 7426000 7426000 7361000 7361000 7361000 7339000 7339000 7339000 7339000 7448000 7448000 7448000 7480000 7480000 7480000 7512000 7512000 7512000 7512000 7545000 7545000 7545000 7426000 7426000 7426000 7361000 7361000 7361000 
voltage=10810000 10810000 10810000 10810000 10810000 10810000 10810000 10810000 10810000 10810000 10810000 10810000 10810000 10810000 10810000 10810000 10810000 10810000 10810000 10810000 10810000 10810000 10810000 10810000 10810000 10810000 10810000 10810000 10810000 10810000 10810000 10810000 10810000 10810000 10810000 10810000 10810000 10810000 10810000 10810000 10810000 10810000 10810000 10810000 10810000 10810000 10810000 10810000 10810000 10810000 10810000 10810000 10810000 10810000 10810000 10810000 10810000 10810000 10810000 10810000 10810000 10810000 10810000 10810000 10810000 10810000 10810000 10810000 10810000 10810000 10810000 10810000 10810000 10810000 10810000 10810000 10810000 10810000 10810000 10810000 10810000 10810000 10810000 10810000 10810000 10810000 10810000 10810000 10810000 10810000 10810000 10810000 10810000 10810000 10810000 10810000 10810000 10810000 10810000 10810000 10810000 10810000 10810000 10810000 10810000 10810000 10810000 10810000 10810000 10810000 10810000 10810000 10810000 10810000 10810000 10810000 10810000 10810000 10810000 10810000 10810000 10810000 10810000 10810000 10810000 10810000 10810000 10810000 10810000 10810000 10810000 10810000 10810000 10810000 10810000 10810000 10810000 10810000 10810000 10810000 10810000 10810000 10810000 10810000 10810000 10810000 10810000 10810000 10810000 10810000 10810000 10810000 10810000 10810000 10810000 10810000 10810000 10810000 10810000 10810000 10810000 10810000 10810000 10810000 10810000 10810000 10810000 10810000 10810000 10810000 10810000 10810000 10810000 10810000 10810000 10810000 10810000 10810000 10810000 10810000 10810000 10810000 10810000 10810000 10810000 10810000 10810000 10810000 10810000 10810000 10810000 10810000 10810000 10810000 10810000 10810000 10810000 10810000 10810000 10810000 
