RUN=0
name=cpuact
freq=1600
reads=200
time=5
samples=2e+02
start_time=11741
end_time=12747.1
energy=39705000 39705000 39705000 39705000 39597000 39597000 39597000 39510000 39510000 39510000 39413000 39413000 39413000 39413000 39315000 39315000 39315000 39218000 39218000 39218000 39121000 39121000 39121000 39121000 39024000 39024000 39024000 38926000 38926000 38926000 38818000 38818000 38818000 38732000 38732000 38732000 38732000 38634000 38634000 38634000 38548000 38548000 38548000 38440000 38440000 38440000 38440000 38353000 38353000 38353000 38267000 38267000 38267000 38170000 38170000 38170000 38170000 38072000 38072000 38072000 37975000 37975000 37975000 37889000 37889000 37889000 37889000 37780000 37780000 37780000 37694000 37694000 37694000 37607000 37607000 37607000 37499000 37499000 37499000 37499000 37413000 37413000 37413000 37305000 37305000 37305000 37218000 37218000 37218000 37218000 37121000 37121000 37121000 37013000 37013000 37013000 36926000 36926000 36926000 36926000 36818000 36818000 36818000 36732000 36732000 36732000 36645000 36645000 36645000 36645000 36537000 36537000 36537000 36451000 36451000 36451000 36343000 36343000 36343000 36343000 36235000 36235000 36235000 36148000 36148000 36148000 36040000 36040000 36040000 36040000 35943000 35943000 35943000 35845000 35845000 35845000 35748000 35748000 35748000 35640000 35640000 35640000 35640000 35554000 35554000 35554000 35445000 35445000 35445000 35337000 35337000 35337000 35337000 35229000 35229000 35229000 35143000 35143000 35143000 35035000 35035000 35035000 35035000 34937000 34937000 34937000 34840000 34840000 34840000 34743000 34743000 34743000 34635000 34635000 34635000 34635000 34548000 34548000 34548000 34451000 34451000 34451000 34354000 34354000 34354000 34354000 34256000 34256000 34256000 34170000 34170000 34170000 34062000 34062000 34062000 34062000 33975000 33975000 33975000 33889000 
power=9869000 9869000 9869000 9869000 15285000 15285000 15285000 18182000 18182000 18182000 19803000 19803000 19803000 19803000 21047000 21047000 21047000 21187000 21187000 21187000 21328000 21328000 21328000 21328000 21511000 21511000 21511000 21620000 21620000 21620000 21674000 21674000 21674000 21382000 21382000 21382000 21382000 20917000 20917000 20917000 20787000 20787000 20787000 20593000 20593000 20593000 20593000 20387000 20387000 20387000 20441000 20441000 20441000 20441000 20441000 20441000 20441000 20474000 20474000 20474000 20474000 20474000 20474000 20474000 20474000 20474000 20474000 20571000 20571000 20571000 20625000 20625000 20625000 20755000 20755000 20755000 20830000 20830000 20830000 20830000 20852000 20852000 20852000 20874000 20874000 20874000 20874000 20874000 20874000 20874000 20874000 20874000 20874000 20874000 20874000 20874000 20874000 20874000 20874000 20874000 20874000 20874000 20874000 20874000 20874000 20874000 20874000 20874000 20874000 20874000 20776000 20776000 20776000 20830000 20830000 20830000 21360000 21360000 21360000 21360000 21620000 21620000 21620000 21771000 21771000 21771000 21695000 21695000 21695000 21695000 21695000 21695000 21695000 21695000 21695000 21695000 21598000 21598000 21598000 21544000 21544000 21544000 21544000 21511000 21511000 21511000 21490000 21490000 21490000 21598000 21598000 21598000 21598000 21544000 21544000 21544000 21620000 21620000 21620000 21663000 21663000 21663000 21663000 21565000 21565000 21565000 21652000 21652000 21652000 21663000 21663000 21663000 21468000 21468000 21468000 21468000 20982000 20982000 20982000 20733000 20733000 20733000 20571000 20571000 20571000 20571000 20484000 20484000 20484000 20484000 20484000 20484000 20484000 20484000 20484000 20484000 20484000 20484000 20484000 20484000 
voltage=10810000 10810000 10810000 10810000 10810000 10810000 10810000 10810000 10810000 10810000 10810000 10810000 10810000 10810000 10810000 10810000 10810000 10810000 10810000 10810000 10810000 10810000 10810000 10810000 10810000 10810000 10810000 10810000 10810000 10810000 10810000 10810000 10810000 10810000 10810000 10810000 10810000 10810000 10810000 10810000 10810000 10810000 10810000 10810000 10810000 10810000 10810000 10810000 10810000 10810000 10810000 10810000 10810000 10810000 10810000 10810000 10810000 10810000 10810000 10810000 10810000 10810000 10810000 10810000 10810000 10810000 10810000 10810000 10810000 10810000 10810000 10810000 10810000 10810000 10810000 10810000 10810000 10810000 10810000 10810000 10810000 10810000 10810000 10810000 10810000 10810000 10810000 10810000 10810000 10810000 10810000 10810000 10810000 10810000 10810000 10810000 10810000 10810000 10810000 10810000 10810000 10810000 10810000 10810000 10810000 10810000 10810000 10810000 10810000 10810000 10810000 10810000 10810000 10810000 10810000 10810000 10810000 10810000 10810000 10810000 10810000 10810000 10810000 10810000 10810000 10810000 10810000 10810000 10810000 10810000 10810000 10810000 10810000 10810000 10810000 10810000 10810000 10810000 10810000 10810000 10810000 10810000 10810000 10810000 10810000 10810000 10810000 10810000 10810000 10810000 10810000 10810000 10810000 10810000 10810000 10810000 10810000 10810000 10810000 10810000 10810000 10810000 10810000 10810000 10810000 10810000 10810000 10810000 10810000 10810000 10810000 10810000 10810000 10810000 10810000 10810000 10810000 10810000 10810000 10810000 10810000 10810000 10810000 10810000 10810000 10810000 10810000 10810000 10810000 10810000 10810000 10810000 10810000 10810000 10810000 10810000 10810000 10810000 10810000 10810000 
