RUN=0
name=cpuidle
freq=1200
reads=200
time=5
samples=2e+02
start_time=9732.63
end_time=10732.7
energy=49369000 49369000 49369000 49369000 49336000 49336000 49336000 49293000 49293000 49293000 49293000 49261000 49261000 49261000 49239000 49239000 49239000 49207000 49207000 49207000 49207000 49163000 49163000 49163000 49131000 49131000 49131000 49099000 49099000 49099000 49099000 49066000 49066000 49066000 49023000 49023000 49023000 48990000 48990000 48990000 48990000 48969000 48969000 48969000 48936000 48936000 48936000 48904000 48904000 48904000 48904000 48861000 48861000 48861000 48828000 48828000 48828000 48785000 48785000 48785000 48785000 48753000 48753000 48753000 48720000 48720000 48720000 48699000 48699000 48699000 48699000 48666000 48666000 48666000 48623000 48623000 48623000 48590000 48590000 48590000 48590000 48558000 48558000 48558000 48526000 48526000 48526000 48504000 48504000 48504000 48461000 48461000 48461000 48461000 48428000 48428000 48428000 48396000 48396000 48396000 48363000 48363000 48363000 48363000 48331000 48331000 48331000 48309000 48309000 48309000 48255000 48255000 48255000 48255000 48234000 48234000 48234000 48201000 48201000 48201000 48169000 48169000 48169000 48169000 48136000 48136000 48136000 48115000 48115000 48115000 48061000 48061000 48061000 48061000 48039000 48039000 48039000 48007000 48007000 48007000 47974000 47974000 47974000 47974000 47942000 47942000 47942000 47920000 47920000 47920000 47866000 47866000 47866000 47866000 47845000 47845000 47845000 47812000 47812000 47812000 47780000 47780000 47780000 47780000 47747000 47747000 47747000 47726000 47726000 47726000 47672000 47672000 47672000 47672000 47650000 47650000 47650000 47618000 47618000 47618000 47585000 47585000 47585000 47585000 47553000 47553000 47553000 47531000 47531000 47531000 47531000 47477000 47477000 47477000 47455000 47455000 47455000 47423000 47423000 47423000 
power=9026000 9026000 9026000 9026000 7869000 7869000 7869000 7664000 7664000 7664000 7664000 7685000 7685000 7685000 7610000 7610000 7610000 7696000 7696000 7696000 7696000 7750000 7750000 7750000 7750000 7750000 7750000 7675000 7675000 7675000 7675000 7621000 7621000 7621000 7599000 7599000 7599000 7577000 7577000 7577000 7577000 7577000 7577000 7577000 7577000 7577000 7577000 7577000 7577000 7577000 7577000 8334000 8334000 8334000 7956000 7956000 7956000 7761000 7761000 7761000 7761000 7761000 7761000 7761000 7577000 7577000 7577000 7577000 7577000 7577000 7577000 7577000 7577000 7577000 7469000 7469000 7469000 7523000 7523000 7523000 7523000 7545000 7545000 7545000 7545000 7545000 7545000 7469000 7469000 7469000 7523000 7523000 7523000 7523000 7426000 7426000 7426000 7372000 7372000 7372000 7372000 7372000 7372000 7372000 7350000 7350000 7350000 7350000 7350000 7350000 7350000 7350000 7350000 7350000 7350000 7350000 7350000 7350000 7350000 7350000 7469000 7469000 7469000 7469000 7523000 7523000 7523000 7426000 7426000 7426000 7404000 7404000 7404000 7404000 7372000 7372000 7372000 7350000 7350000 7350000 7350000 7350000 7350000 7350000 7350000 7350000 7350000 7350000 7350000 7350000 7350000 7350000 7350000 7350000 7350000 7350000 7350000 7350000 7350000 7350000 7350000 7350000 7350000 7350000 7350000 7350000 7350000 7350000 7350000 7350000 7350000 7350000 7350000 7350000 7350000 7350000 7350000 7350000 7350000 7350000 7350000 7350000 7350000 7350000 7350000 7350000 7350000 7350000 7350000 7350000 7350000 7350000 7350000 7350000 7350000 7350000 7350000 7350000 7350000 7350000 
voltage=10810000 10810000 10810000 10810000 10810000 10810000 10810000 10810000 10810000 10810000 10810000 10810000 10810000 10810000 10810000 10810000 10810000 10810000 10810000 10810000 10810000 10810000 10810000 10810000 10810000 10810000 10810000 10810000 10810000 10810000 10810000 10810000 10810000 10810000 10810000 10810000 10810000 10810000 10810000 10810000 10810000 10810000 10810000 10810000 10810000 10810000 10810000 10810000 10810000 10810000 10810000 10810000 10810000 10810000 10810000 10810000 10810000 10810000 10810000 10810000 10810000 10810000 10810000 10810000 10810000 10810000 10810000 10810000 10810000 10810000 10810000 10810000 10810000 10810000 10810000 10810000 10810000 10810000 10810000 10810000 10810000 10810000 10810000 10810000 10810000 10810000 10810000 10810000 10810000 10810000 10810000 10810000 10810000 10810000 10810000 10810000 10810000 10810000 10810000 10810000 10810000 10810000 10810000 10810000 10810000 10810000 10810000 10810000 10810000 10810000 10810000 10810000 10810000 10810000 10810000 10810000 10810000 10810000 10810000 10810000 10810000 10810000 10810000 10810000 10810000 10810000 10810000 10810000 10810000 10810000 10810000 10810000 10810000 10810000 10810000 10810000 10810000 10810000 10810000 10810000 10810000 10810000 10810000 10810000 10810000 10810000 10810000 10810000 10810000 10810000 10810000 10810000 10810000 10810000 10810000 10810000 10810000 10810000 10810000 10810000 10810000 10810000 10810000 10810000 10810000 10810000 10810000 10810000 10810000 10810000 10810000 10810000 10810000 10810000 10810000 10810000 10810000 10810000 10810000 10810000 10810000 10810000 10810000 10810000 10810000 10810000 10810000 10810000 10810000 10810000 10810000 10810000 10810000 10810000 10810000 10810000 10810000 10810000 10810000 10810000 
