RUN=0
name=cpuidle
freq=1200
reads=200
time=5
samples=2e+02
start_time=1304.94
end_time=2305.03
energy=79172000 79172000 79140000 79140000 79140000 79107000 79107000 79107000 79075000 79075000 79075000 79075000 79053000 79053000 79053000 79021000 79021000 79021000 78988000 78988000 78988000 78988000 78956000 78956000 78956000 78934000 78934000 78934000 78902000 78902000 78902000 78902000 78869000 78869000 78869000 78837000 78837000 78837000 78815000 78815000 78815000 78815000 78783000 78783000 78783000 78750000 78750000 78750000 78718000 78718000 78718000 78718000 78685000 78685000 78685000 78664000 78664000 78664000 78631000 78631000 78631000 78631000 78599000 78599000 78599000 78567000 78567000 78567000 78545000 78545000 78545000 78545000 78513000 78513000 78513000 78480000 78480000 78480000 78448000 78448000 78448000 78448000 78415000 78415000 78415000 78394000 78394000 78394000 78361000 78361000 78361000 78361000 78329000 78329000 78329000 78296000 78296000 78296000 78275000 78275000 78275000 78275000 78242000 78242000 78242000 78210000 78210000 78210000 78177000 78177000 78177000 78177000 78156000 78156000 78156000 78123000 78123000 78123000 78091000 78091000 78091000 78091000 78059000 78059000 78059000 78026000 78026000 78026000 78004000 78004000 78004000 78004000 77972000 77972000 77972000 77940000 77940000 77940000 77907000 77907000 77907000 77907000 77886000 77886000 77886000 77853000 77853000 77853000 77821000 77821000 77821000 77821000 77788000 77788000 77788000 77756000 77756000 77756000 77734000 77734000 77734000 77734000 77702000 77702000 77702000 77669000 77669000 77669000 77637000 77637000 77637000 77637000 77615000 77615000 77615000 77583000 77583000 77583000 77550000 77550000 77550000 77550000 77518000 77518000 77518000 77486000 77486000 77486000 77464000 77464000 77464000 77464000 77432000 77432000 77432000 77399000 77399000 77399000 77367000 77367000 
power=7869000 7869000 7523000 7523000 7523000 7448000 7448000 7448000 7361000 7361000 7361000 7361000 7448000 7448000 7448000 7512000 7512000 7512000 7512000 7512000 7512000 7512000 7545000 7545000 7545000 7545000 7545000 7545000 7426000 7426000 7426000 7426000 7480000 7480000 7480000 7404000 7404000 7404000 7448000 7448000 7448000 7448000 7512000 7512000 7512000 7404000 7404000 7404000 7480000 7480000 7480000 7480000 7512000 7512000 7512000 7404000 7404000 7404000 7480000 7480000 7480000 7480000 7512000 7512000 7512000 7404000 7404000 7404000 7361000 7361000 7361000 7361000 7448000 7448000 7448000 7480000 7480000 7480000 7404000 7404000 7404000 7404000 7480000 7480000 7480000 7404000 7404000 7404000 7339000 7339000 7339000 7339000 7339000 7339000 7339000 7318000 7318000 7318000 7426000 7426000 7426000 7426000 7480000 7480000 7480000 7512000 7512000 7512000 7426000 7426000 7426000 7426000 7361000 7361000 7361000 7448000 7448000 7448000 7480000 7480000 7480000 7480000 7404000 7404000 7404000 7361000 7361000 7361000 7448000 7448000 7448000 7448000 7361000 7361000 7361000 7339000 7339000 7339000 7448000 7448000 7448000 7448000 7361000 7361000 7361000 7339000 7339000 7339000 7448000 7448000 7448000 7448000 7361000 7361000 7361000 7339000 7339000 7339000 7448000 7448000 7448000 7448000 7480000 7480000 7480000 7404000 7404000 7404000 7361000 7361000 7361000 7361000 7448000 7448000 7448000 7480000 7480000 7480000 7404000 7404000 7404000 7404000 7361000 7361000 7361000 7448000 7448000 7448000 7480000 7480000 7480000 7480000 7404000 7404000 7404000 7361000 7361000 7361000 7448000 7448000 
voltage=10810000 10810000 10810000 10810000 10810000 10810000 10810000 10810000 10810000 10810000 10810000 10810000 10810000 10810000 10810000 10810000 10810000 10810000 10810000 10810000 10810000 10810000 10810000 10810000 10810000 10810000 10810000 10810000 10810000 10810000 10810000 10810000 10810000 10810000 10810000 10810000 10810000 10810000 10810000 10810000 10810000 10810000 10810000 10810000 10810000 10810000 10810000 10810000 10810000 10810000 10810000 10810000 10810000 10810000 10810000 10810000 10810000 10810000 10810000 10810000 10810000 10810000 10810000 10810000 10810000 10810000 10810000 10810000 10810000 10810000 10810000 10810000 10810000 10810000 10810000 10810000 10810000 10810000 10810000 10810000 10810000 10810000 10810000 10810000 10810000 10810000 10810000 10810000 10810000 10810000 10810000 10810000 10810000 10810000 10810000 10810000 10810000 10810000 10810000 10810000 10810000 10810000 10810000 10810000 10810000 10810000 10810000 10810000 10810000 10810000 10810000 10810000 10810000 10810000 10810000 10810000 10810000 10810000 10810000 10810000 10810000 10810000 10810000 10810000 10810000 10810000 10810000 10810000 10810000 10810000 10810000 10810000 10810000 10810000 10810000 10810000 10810000 10810000 10810000 10810000 10810000 10810000 10810000 10810000 10810000 10810000 10810000 10810000 10810000 10810000 10810000 10810000 10810000 10810000 10810000 10810000 10810000 10810000 10810000 10810000 10810000 10810000 10810000 10810000 10810000 10810000 10810000 10810000 10810000 10810000 10810000 10810000 10810000 10810000 10810000 10810000 10810000 10810000 10810000 10810000 10810000 10810000 10810000 10810000 10810000 10810000 10810000 10810000 10810000 10810000 10810000 10810000 10810000 10810000 10810000 10810000 10810000 10810000 10810000 10810000 
