RUN=0
name=cpuidle
freq=1200
reads=200
time=5
samples=2e+02
start_time=86.144
end_time=1086.23
energy=77615000 77615000 77615000 77615000 77615000 77615000 77615000 77615000 77615000 77615000 77615000 77615000 77615000 77615000 77615000 77615000 77615000 77615000 77615000 77615000 77615000 77615000 77615000 77615000 77615000 77615000 77615000 77615000 77615000 77615000 77615000 77615000 77615000 77615000 77615000 77615000 77615000 77615000 77615000 77615000 77615000 77615000 77615000 76826000 76826000 76826000 76794000 76794000 76794000 76772000 76772000 76772000 76772000 76740000 76740000 76740000 76707000 76707000 76707000 76675000 76675000 76675000 76675000 76653000 76653000 76653000 76621000 76621000 76621000 76588000 76588000 76588000 76588000 76556000 76556000 76556000 76523000 76523000 76523000 76502000 76502000 76502000 76469000 76469000 76469000 76469000 76437000 76437000 76437000 76405000 76405000 76405000 76383000 76383000 76383000 76383000 76351000 76351000 76351000 76318000 76318000 76318000 76286000 76286000 76286000 76286000 76253000 76253000 76253000 76232000 76232000 76232000 76199000 76199000 76199000 76167000 76167000 76167000 76167000 76134000 76134000 76134000 76113000 76113000 76113000 76080000 76080000 76080000 76080000 76048000 76048000 76048000 76015000 76015000 76015000 75994000 75994000 75994000 75994000 75961000 75961000 75961000 75929000 75929000 75929000 75897000 75897000 75897000 75864000 75864000 75864000 75864000 75842000 75842000 75842000 75810000 75810000 75810000 75778000 75778000 75778000 75778000 75745000 75745000 75745000 75724000 75724000 75724000 75691000 75691000 75691000 75691000 75659000 75659000 75659000 75626000 75626000 75626000 75594000 75594000 75594000 75594000 75572000 75572000 75572000 75540000 75540000 75540000 75507000 75507000 75507000 75507000 75475000 75475000 75475000 75453000 75453000 75453000 75421000 75421000 
power=13501000 13501000 13501000 11209000 11209000 11209000 11209000 9329000 9329000 9329000 9058000 9058000 9058000 7815000 7815000 7815000 7815000 7610000 7610000 7610000 7610000 7610000 7610000 7480000 7480000 7480000 7426000 7426000 7426000 7426000 7404000 7404000 7404000 7480000 7480000 7480000 7545000 7545000 7545000 7545000 7458000 7458000 7458000 7426000 7426000 7426000 7404000 7404000 7404000 7372000 7372000 7372000 7372000 7480000 7480000 7480000 7426000 7426000 7426000 7512000 7512000 7512000 7512000 7458000 7458000 7458000 7404000 7404000 7404000 7404000 7404000 7404000 7404000 7372000 7372000 7372000 7480000 7480000 7480000 7426000 7426000 7426000 7404000 7404000 7404000 7404000 7404000 7404000 7404000 7480000 7480000 7480000 7426000 7426000 7426000 7426000 7404000 7404000 7404000 7512000 7512000 7512000 7426000 7426000 7426000 7426000 7512000 7512000 7512000 7567000 7567000 7567000 7458000 7458000 7458000 7426000 7426000 7426000 7426000 7404000 7404000 7404000 7480000 7480000 7480000 7426000 7426000 7426000 7426000 7404000 7404000 7404000 7404000 7404000 7404000 7372000 7372000 7372000 7372000 7372000 7372000 7372000 7372000 7372000 7372000 7480000 7480000 7480000 7426000 7426000 7426000 7426000 7404000 7404000 7404000 7404000 7404000 7404000 7372000 7372000 7372000 7372000 7318000 7318000 7318000 7318000 7318000 7318000 7318000 7318000 7318000 7318000 7318000 7318000 7318000 7318000 7318000 7318000 7318000 7318000 7318000 7318000 7318000 7318000 7318000 7318000 7318000 7318000 7318000 7318000 7318000 7318000 7318000 7318000 7318000 7426000 7426000 7426000 7361000 7361000 
voltage=10810000 10810000 10810000 10810000 10810000 10810000 10810000 10810000 10810000 10810000 10810000 10810000 10810000 10810000 10810000 10810000 10810000 10810000 10810000 10810000 10810000 10810000 10810000 10810000 10810000 10810000 10810000 10810000 10810000 10810000 10810000 10810000 10810000 10810000 10810000 10810000 10810000 10810000 10810000 10810000 10810000 10810000 10810000 10810000 10810000 10810000 10810000 10810000 10810000 10810000 10810000 10810000 10810000 10810000 10810000 10810000 10810000 10810000 10810000 10810000 10810000 10810000 10810000 10810000 10810000 10810000 10810000 10810000 10810000 10810000 10810000 10810000 10810000 10810000 10810000 10810000 10810000 10810000 10810000 10810000 10810000 10810000 10810000 10810000 10810000 10810000 10810000 10810000 10810000 10810000 10810000 10810000 10810000 10810000 10810000 10810000 10810000 10810000 10810000 10810000 10810000 10810000 10810000 10810000 10810000 10810000 10810000 10810000 10810000 10810000 10810000 10810000 10810000 10810000 10810000 10810000 10810000 10810000 10810000 10810000 10810000 10810000 10810000 10810000 10810000 10810000 10810000 10810000 10810000 10810000 10810000 10810000 10810000 10810000 10810000 10810000 10810000 10810000 10810000 10810000 10810000 10810000 10810000 10810000 10810000 10810000 10810000 10810000 10810000 10810000 10810000 10810000 10810000 10810000 10810000 10810000 10810000 10810000 10810000 10810000 10810000 10810000 10810000 10810000 10810000 10810000 10810000 10810000 10810000 10810000 10810000 10810000 10810000 10810000 10810000 10810000 10810000 10810000 10810000 10810000 10810000 10810000 10810000 10810000 10810000 10810000 10810000 10810000 10810000 10810000 10810000 10810000 10810000 10810000 10810000 10810000 10810000 10810000 10810000 10810000 
