RUN=0
name=cpuidle
freq=1600
reads=200
time=5
samples=2e+02
start_time=11841.2
end_time=12841.3
energy=41888000 41888000 41856000 41856000 41856000 41834000 41834000 41834000 41834000 41802000 41802000 41802000 41759000 41759000 41759000 41726000 41726000 41726000 41726000 41694000 41694000 41694000 41661000 41661000 41661000 41618000 41618000 41618000 41618000 41586000 41586000 41586000 41564000 41564000 41564000 41532000 41532000 41532000 41532000 41499000 41499000 41499000 41456000 41456000 41456000 41423000 41423000 41423000 41423000 41391000 41391000 41391000 41369000 41369000 41369000 41315000 41315000 41315000 41315000 41294000 41294000 41294000 41261000 41261000 41261000 41229000 41229000 41229000 41229000 41186000 41186000 41186000 41153000 41153000 41153000 41121000 41121000 41121000 41121000 41099000 41099000 41099000 41067000 41067000 41067000 41023000 41023000 41023000 41023000 40991000 40991000 40991000 40959000 40959000 40959000 40926000 40926000 40926000 40926000 40883000 40883000 40883000 40850000 40850000 40850000 40829000 40829000 40829000 40829000 40796000 40796000 40796000 40764000 40764000 40764000 40721000 40721000 40721000 40721000 40688000 40688000 40688000 40656000 40656000 40656000 40634000 40634000 40634000 40634000 40591000 40591000 40591000 40559000 40559000 40559000 40526000 40526000 40526000 40526000 40494000 40494000 40494000 40461000 40461000 40461000 40418000 40418000 40418000 40418000 40386000 40386000 40386000 40364000 40364000 40364000 40332000 40332000 40332000 40332000 40299000 40299000 40299000 40256000 40256000 40256000 40224000 40224000 40224000 40224000 40191000 40191000 40191000 40169000 40169000 40169000 40169000 40126000 40126000 40126000 40094000 40094000 40094000 40061000 40061000 40061000 40061000 40029000 40029000 40029000 39997000 39997000 39997000 39953000 39953000 39953000 39953000 39932000 39932000 39932000 39899000 
power=9599000 9599000 8053000 8053000 8053000 7599000 7599000 7599000 7599000 7469000 7469000 7469000 7415000 7415000 7415000 7491000 7491000 7491000 7491000 7415000 7415000 7415000 7394000 7394000 7394000 7394000 7394000 7394000 7394000 7372000 7372000 7372000 7372000 7372000 7372000 7372000 7372000 7372000 7372000 7372000 7372000 7372000 7372000 7372000 7372000 7372000 7372000 7372000 7372000 7372000 7372000 7372000 7372000 7372000 7372000 7372000 7372000 7372000 7372000 7372000 7372000 7372000 7372000 7372000 7372000 7372000 7372000 7372000 7372000 7372000 7372000 7372000 7372000 7372000 7372000 7372000 7372000 7372000 7372000 7372000 7372000 7372000 7372000 7372000 7372000 7372000 7372000 7372000 7372000 7372000 7372000 7372000 7372000 7372000 7372000 7372000 7372000 7372000 7372000 7372000 7372000 7372000 7372000 7372000 7372000 7372000 7372000 7372000 7372000 7372000 7372000 7372000 7264000 7264000 7264000 7318000 7318000 7318000 7318000 7339000 7339000 7339000 7339000 7339000 7339000 7372000 7372000 7372000 7372000 7372000 7372000 7372000 7372000 7372000 7372000 7372000 7372000 7372000 7372000 7372000 7372000 7372000 7372000 7372000 7372000 7372000 7372000 7372000 7372000 7372000 7372000 7372000 7372000 7372000 7372000 7372000 7372000 7372000 7372000 7372000 7372000 7372000 7372000 7372000 7372000 7372000 7372000 7372000 7372000 7372000 7372000 7372000 7372000 7372000 7372000 7372000 7372000 7372000 7372000 7372000 7372000 7372000 7372000 7372000 7372000 7372000 7372000 7372000 7372000 7372000 7372000 7372000 7372000 7372000 7372000 7372000 7264000 7264000 7264000 7318000 
voltage=10810000 10810000 10810000 10810000 10810000 10810000 10810000 10810000 10810000 10810000 10810000 10810000 10810000 10810000 10810000 10810000 10810000 10810000 10810000 10810000 10810000 10810000 10810000 10810000 10810000 10810000 10810000 10810000 10810000 10810000 10810000 10810000 10810000 10810000 10810000 10810000 10810000 10810000 10810000 10810000 10810000 10810000 10810000 10810000 10810000 10810000 10810000 10810000 10810000 10810000 10810000 10810000 10810000 10810000 10810000 10810000 10810000 10810000 10810000 10810000 10810000 10810000 10810000 10810000 10810000 10810000 10810000 10810000 10810000 10810000 10810000 10810000 10810000 10810000 10810000 10810000 10810000 10810000 10810000 10810000 10810000 10810000 10810000 10810000 10810000 10810000 10810000 10810000 10810000 10810000 10810000 10810000 10810000 10810000 10810000 10810000 10810000 10810000 10810000 10810000 10810000 10810000 10810000 10810000 10810000 10810000 10810000 10810000 10810000 10810000 10810000 10810000 10810000 10810000 10810000 10810000 10810000 10810000 10810000 10810000 10810000 10810000 10810000 10810000 10810000 10810000 10810000 10810000 10810000 10810000 10810000 10810000 10810000 10810000 10810000 10810000 10810000 10810000 10810000 10810000 10810000 10810000 10810000 10810000 10810000 10810000 10810000 10810000 10810000 10810000 10810000 10810000 10810000 10810000 10810000 10810000 10810000 10810000 10810000 10810000 10810000 10810000 10810000 10810000 10810000 10810000 10810000 10810000 10810000 10810000 10810000 10810000 10810000 10810000 10810000 10810000 10810000 10810000 10810000 10810000 10810000 10810000 10810000 10810000 10810000 10810000 10810000 10810000 10810000 10810000 10810000 10810000 10810000 10810000 10810000 10810000 10810000 10810000 10810000 10810000 
