RUN=0
name=cpuidle
freq=2400
reads=200
time=5
samples=2e+02
start_time=14908.1
end_time=15908.2
energy=24863000 24863000 24830000 24830000 24830000 24830000 24787000 24787000 24787000 24744000 24744000 24744000 24700000 24700000 24700000 24700000 24668000 24668000 24668000 24625000 24625000 24625000 24581000 24581000 24581000 24581000 24549000 24549000 24549000 24506000 24506000 24506000 24452000 24452000 24452000 24452000 24430000 24430000 24430000 24387000 24387000 24387000 24333000 24333000 24333000 24311000 24311000 24311000 24311000 24257000 24257000 24257000 24214000 24214000 24214000 24192000 24192000 24192000 24192000 24138000 24138000 24138000 24117000 24117000 24117000 24084000 24084000 24084000 24084000 24041000 24041000 24041000 24009000 24009000 24009000 23976000 23976000 23976000 23976000 23933000 23933000 23933000 23900000 23900000 23900000 23868000 23868000 23868000 23868000 23825000 23825000 23825000 23792000 23792000 23792000 23749000 23749000 23749000 23749000 23727000 23727000 23727000 23673000 23673000 23673000 23652000 23652000 23652000 23652000 23598000 23598000 23598000 23554000 23554000 23554000 23522000 23522000 23522000 23522000 23479000 23479000 23479000 23436000 23436000 23436000 23403000 23403000 23403000 23403000 23360000 23360000 23360000 23317000 23317000 23317000 23284000 23284000 23284000 23284000 23263000 23263000 23263000 23209000 23209000 23209000 23187000 23187000 23187000 23187000 23155000 23155000 23155000 23122000 23122000 23122000 23079000 23079000 23079000 23079000 23046000 23046000 23046000 23014000 23014000 23014000 22971000 22971000 22971000 22971000 22938000 22938000 22938000 22917000 22917000 22917000 22863000 22863000 22863000 22863000 22841000 22841000 22841000 22809000 22809000 22809000 22765000 22765000 22765000 22765000 22733000 22733000 22733000 22701000 22701000 22701000 22668000 22668000 22668000 22668000 22625000 
power=10691000 10691000 8831000 8831000 8831000 8831000 8658000 8658000 8658000 8637000 8637000 8637000 8723000 8723000 8723000 8723000 8723000 8723000 8723000 8723000 8723000 8723000 8723000 8723000 8723000 8723000 8615000 8615000 8615000 8561000 8561000 8561000 8637000 8637000 8637000 8637000 8669000 8669000 8669000 8583000 8583000 8583000 8561000 8561000 8561000 8529000 8529000 8529000 8529000 8507000 8507000 8507000 8507000 8507000 8507000 8507000 8507000 8507000 8507000 8215000 8215000 8215000 7858000 7858000 7858000 7675000 7675000 7675000 7675000 7545000 7545000 7545000 7502000 7502000 7502000 7394000 7394000 7394000 7394000 7448000 7448000 7448000 7469000 7469000 7469000 7372000 7372000 7372000 7372000 7350000 7350000 7350000 7318000 7318000 7318000 7804000 7804000 7804000 7804000 8161000 8161000 8161000 8334000 8334000 8334000 8485000 8485000 8485000 8485000 8507000 8507000 8507000 8507000 8507000 8507000 8507000 8507000 8507000 8507000 8507000 8507000 8507000 8507000 8507000 8507000 8507000 8507000 8507000 8507000 8507000 8507000 8507000 8302000 8302000 8302000 7794000 7794000 7794000 7794000 7653000 7653000 7653000 7437000 7437000 7437000 7318000 7318000 7318000 7318000 7318000 7318000 7318000 7394000 7394000 7394000 7350000 7350000 7350000 7350000 7318000 7318000 7318000 7318000 7318000 7318000 7296000 7296000 7296000 7296000 7296000 7296000 7296000 7394000 7394000 7394000 7350000 7350000 7350000 7350000 7318000 7318000 7318000 7415000 7415000 7415000 7350000 7350000 7350000 7350000 7318000 7318000 7318000 7415000 7415000 7415000 7350000 7350000 7350000 7350000 7318000 
voltage=10810000 10810000 10810000 10810000 10810000 10810000 10810000 10810000 10810000 10810000 10810000 10810000 10810000 10810000 10810000 10810000 10810000 10810000 10810000 10810000 10810000 10810000 10810000 10810000 10810000 10810000 10810000 10810000 10810000 10810000 10810000 10810000 10810000 10810000 10810000 10810000 10810000 10810000 10810000 10810000 10810000 10810000 10810000 10810000 10810000 10810000 10810000 10810000 10810000 10810000 10810000 10810000 10810000 10810000 10810000 10810000 10810000 10810000 10810000 10810000 10810000 10810000 10810000 10810000 10810000 10810000 10810000 10810000 10810000 10810000 10810000 10810000 10810000 10810000 10810000 10810000 10810000 10810000 10810000 10810000 10810000 10810000 10810000 10810000 10810000 10810000 10810000 10810000 10810000 10810000 10810000 10810000 10810000 10810000 10810000 10810000 10810000 10810000 10810000 10810000 10810000 10810000 10810000 10810000 10810000 10810000 10810000 10810000 10810000 10810000 10810000 10810000 10810000 10810000 10810000 10810000 10810000 10810000 10810000 10810000 10810000 10810000 10810000 10810000 10810000 10810000 10810000 10810000 10810000 10810000 10810000 10810000 10810000 10810000 10810000 10810000 10810000 10810000 10810000 10810000 10810000 10810000 10810000 10810000 10810000 10810000 10810000 10810000 10810000 10810000 10810000 10810000 10810000 10810000 10810000 10810000 10810000 10810000 10810000 10810000 10810000 10810000 10810000 10810000 10810000 10810000 10810000 10810000 10810000 10810000 10810000 10810000 10810000 10810000 10810000 10810000 10810000 10810000 10810000 10810000 10810000 10810000 10810000 10810000 10810000 10810000 10810000 10810000 10810000 10810000 10810000 10810000 10810000 10810000 10810000 10810000 10810000 10810000 10810000 10810000 
