RUN=0
name=cpuidle
freq=2000
reads=200
time=5
samples=2e+02
start_time=5517.08
end_time=6517.18
energy=65119000 65097000 65097000 65097000 65097000 65065000 65065000 65065000 65032000 65032000 65032000 65000000 65000000 65000000 65000000 64957000 64957000 64957000 64924000 64924000 64924000 64903000 64903000 64903000 64903000 64870000 64870000 64870000 64838000 64838000 64838000 64805000 64805000 64805000 64805000 64784000 64784000 64784000 64751000 64751000 64751000 64708000 64708000 64708000 64708000 64676000 64676000 64676000 64643000 64643000 64643000 64611000 64611000 64611000 64611000 64589000 64589000 64589000 64557000 64557000 64557000 64524000 64524000 64524000 64524000 64492000 64492000 64492000 64460000 64460000 64460000 64438000 64438000 64438000 64438000 64395000 64395000 64395000 64362000 64362000 64362000 64330000 64330000 64330000 64330000 64297000 64297000 64297000 64265000 64265000 64265000 64243000 64243000 64243000 64243000 64211000 64211000 64211000 64178000 64178000 64178000 64146000 64146000 64146000 64146000 64124000 64124000 64124000 64070000 64070000 64070000 64049000 64049000 64049000 64049000 64016000 64016000 64016000 63984000 63984000 63984000 63951000 63951000 63951000 63951000 63930000 63930000 63930000 63897000 63897000 63897000 63865000 63865000 63865000 63865000 63833000 63833000 63833000 63800000 63800000 63800000 63757000 63757000 63757000 63757000 63735000 63735000 63735000 63703000 63703000 63703000 63703000 63670000 63670000 63670000 63638000 63638000 63638000 63606000 63606000 63606000 63606000 63584000 63584000 63584000 63551000 63551000 63551000 63519000 63519000 63519000 63519000 63487000 63487000 63487000 63465000 63465000 63465000 63433000 63433000 63433000 63433000 63389000 63389000 63389000 63357000 63357000 63357000 63324000 63324000 63324000 63324000 63292000 63292000 63292000 63270000 63270000 63270000 63238000 63238000 
power=10085000 8442000 8442000 8442000 8442000 7685000 7685000 7685000 7567000 7567000 7567000 7631000 7631000 7631000 7631000 7653000 7653000 7653000 7545000 7545000 7545000 7631000 7631000 7631000 7631000 7545000 7545000 7545000 7491000 7491000 7491000 7491000 7491000 7491000 7491000 7469000 7469000 7469000 7469000 7469000 7469000 7469000 7469000 7469000 7469000 7567000 7567000 7567000 7512000 7512000 7512000 7491000 7491000 7491000 7491000 7491000 7491000 7491000 7469000 7469000 7469000 7469000 7469000 7469000 7469000 7469000 7469000 7469000 7469000 7469000 7469000 7469000 7469000 7469000 7469000 7469000 7469000 7469000 7469000 7469000 7469000 7469000 7469000 7469000 7469000 7469000 7469000 7469000 7469000 7469000 7469000 7469000 7469000 7469000 7469000 7469000 7469000 7469000 7469000 7469000 7469000 7469000 7469000 7469000 7469000 7469000 7469000 7469000 7469000 7469000 7469000 7469000 7469000 7469000 7469000 7469000 7469000 7469000 7469000 7469000 7469000 7469000 7469000 7469000 7469000 7469000 7469000 7469000 7469000 7469000 7469000 7469000 7469000 7469000 7469000 7469000 7469000 7469000 7469000 7469000 7469000 7469000 7469000 7469000 7469000 7469000 7469000 7469000 7469000 7469000 7469000 7469000 7469000 7469000 7469000 7469000 7469000 7469000 7469000 7469000 7469000 7469000 7469000 7469000 7469000 7469000 7469000 7469000 7469000 7469000 7469000 7469000 7469000 7469000 7469000 7350000 7350000 7350000 7404000 7404000 7404000 7404000 7426000 7426000 7426000 7426000 7426000 7426000 7469000 7469000 7469000 7469000 7469000 7469000 7469000 7469000 7469000 7469000 7469000 7469000 
voltage=10810000 10810000 10810000 10810000 10810000 10810000 10810000 10810000 10810000 10810000 10810000 10810000 10810000 10810000 10810000 10810000 10810000 10810000 10810000 10810000 10810000 10810000 10810000 10810000 10810000 10810000 10810000 10810000 10810000 10810000 10810000 10810000 10810000 10810000 10810000 10810000 10810000 10810000 10810000 10810000 10810000 10810000 10810000 10810000 10810000 10810000 10810000 10810000 10810000 10810000 10810000 10810000 10810000 10810000 10810000 10810000 10810000 10810000 10810000 10810000 10810000 10810000 10810000 10810000 10810000 10810000 10810000 10810000 10810000 10810000 10810000 10810000 10810000 10810000 10810000 10810000 10810000 10810000 10810000 10810000 10810000 10810000 10810000 10810000 10810000 10810000 10810000 10810000 10810000 10810000 10810000 10810000 10810000 10810000 10810000 10810000 10810000 10810000 10810000 10810000 10810000 10810000 10810000 10810000 10810000 10810000 10810000 10810000 10810000 10810000 10810000 10810000 10810000 10810000 10810000 10810000 10810000 10810000 10810000 10810000 10810000 10810000 10810000 10810000 10810000 10810000 10810000 10810000 10810000 10810000 10810000 10810000 10810000 10810000 10810000 10810000 10810000 10810000 10810000 10810000 10810000 10810000 10810000 10810000 10810000 10810000 10810000 10810000 10810000 10810000 10810000 10810000 10810000 10810000 10810000 10810000 10810000 10810000 10810000 10810000 10810000 10810000 10810000 10810000 10810000 10810000 10810000 10810000 10810000 10810000 10810000 10810000 10810000 10810000 10810000 10810000 10810000 10810000 10810000 10810000 10810000 10810000 10810000 10810000 10810000 10810000 10810000 10810000 10810000 10810000 10810000 10810000 10810000 10810000 10810000 10810000 10810000 10810000 10810000 10810000 
