RUN=0
name=cpuact
freq=2000
reads=200
time=5
samples=2e+02
start_time=13849.6
end_time=14856.9
energy=31349000 31273000 31273000 31273000 31273000 31176000 31176000 31176000 31067000 31067000 31067000 30959000 30959000 30959000 30959000 30862000 30862000 30862000 30754000 30754000 30754000 30646000 30646000 30646000 30646000 30538000 30538000 30538000 30440000 30440000 30440000 30332000 30332000 30332000 30332000 30224000 30224000 30224000 30138000 30138000 30138000 30030000 30030000 30030000 29932000 29932000 29932000 29932000 29824000 29824000 29824000 29738000 29738000 29738000 29630000 29630000 29630000 29630000 29522000 29522000 29522000 29414000 29414000 29414000 29316000 29316000 29316000 29316000 29208000 29208000 29208000 29089000 29089000 29089000 28981000 28981000 28981000 28981000 28884000 28884000 28884000 28776000 28776000 28776000 28668000 28668000 28668000 28549000 28549000 28549000 28549000 28441000 28441000 28441000 28343000 28343000 28343000 28235000 28235000 28235000 28235000 28127000 28127000 28127000 28019000 28019000 28019000 27922000 27922000 27922000 27922000 27814000 27814000 27814000 27706000 27706000 27706000 27608000 27608000 27608000 27608000 27500000 27500000 27500000 27414000 27414000 27414000 27306000 27306000 27306000 27197000 27197000 27197000 27197000 27100000 27100000 27100000 26992000 26992000 26992000 26884000 26884000 26884000 26884000 26776000 26776000 26776000 26679000 26679000 26679000 26581000 26581000 26581000 26484000 26484000 26484000 26484000 26376000 26376000 26376000 26268000 26268000 26268000 26171000 26171000 26171000 26171000 26062000 26062000 26062000 25954000 25954000 25954000 25846000 25846000 25846000 25749000 25749000 25749000 25749000 25652000 25652000 25652000 25533000 25533000 25533000 25435000 25435000 25435000 25435000 25327000 25327000 25327000 25219000 25219000 25219000 25100000 25100000 25100000 24992000 
power=8183000 12096000 12096000 12096000 12096000 16950000 16950000 16950000 19512000 19512000 19512000 21284000 21284000 21284000 21284000 22182000 22182000 22182000 22355000 22355000 22355000 22528000 22528000 22528000 22528000 22733000 22733000 22733000 22830000 22830000 22830000 22582000 22582000 22582000 22582000 22149000 22149000 22149000 21922000 21922000 21922000 21652000 21652000 21652000 21630000 21630000 21630000 21630000 21652000 21652000 21652000 21684000 21684000 21684000 21684000 21684000 21684000 21684000 21684000 21684000 21684000 22279000 22279000 22279000 22582000 22582000 22582000 22582000 22733000 22733000 22733000 22895000 22895000 22895000 22895000 22895000 22895000 22895000 22992000 22992000 22992000 23046000 23046000 23046000 23068000 23068000 23068000 23100000 23100000 23100000 23100000 23100000 23100000 23100000 22873000 22873000 22873000 22787000 22787000 22787000 22787000 22225000 22225000 22225000 22052000 22052000 22052000 21911000 21911000 21911000 21911000 21868000 21868000 21868000 21868000 21868000 21868000 21868000 21868000 21868000 21868000 21868000 21868000 21868000 21868000 21868000 21868000 21868000 21868000 21868000 21868000 21868000 21868000 21868000 21771000 21771000 21771000 21717000 21717000 21717000 21792000 21792000 21792000 21792000 21717000 21717000 21717000 21695000 21695000 21695000 21792000 21792000 21792000 21825000 21825000 21825000 21825000 21847000 21847000 21847000 21868000 21868000 21868000 21868000 21868000 21868000 21868000 21868000 21868000 21868000 21868000 21868000 21868000 21868000 21868000 21868000 21868000 21868000 21868000 21868000 21868000 21868000 21868000 22268000 22268000 22268000 22571000 22571000 22571000 22571000 22722000 22722000 22722000 22841000 22841000 22841000 22744000 22744000 22744000 22787000 
voltage=10810000 10810000 10810000 10810000 10810000 10810000 10810000 10810000 10810000 10810000 10810000 10810000 10810000 10810000 10810000 10810000 10810000 10810000 10810000 10810000 10810000 10810000 10810000 10810000 10810000 10810000 10810000 10810000 10810000 10810000 10810000 10810000 10810000 10810000 10810000 10810000 10810000 10810000 10810000 10810000 10810000 10810000 10810000 10810000 10810000 10810000 10810000 10810000 10810000 10810000 10810000 10810000 10810000 10810000 10810000 10810000 10810000 10810000 10810000 10810000 10810000 10810000 10810000 10810000 10810000 10810000 10810000 10810000 10810000 10810000 10810000 10810000 10810000 10810000 10810000 10810000 10810000 10810000 10810000 10810000 10810000 10810000 10810000 10810000 10810000 10810000 10810000 10810000 10810000 10810000 10810000 10810000 10810000 10810000 10810000 10810000 10810000 10810000 10810000 10810000 10810000 10810000 10810000 10810000 10810000 10810000 10810000 10810000 10810000 10810000 10810000 10810000 10810000 10810000 10810000 10810000 10810000 10810000 10810000 10810000 10810000 10810000 10810000 10810000 10810000 10810000 10810000 10810000 10810000 10810000 10810000 10810000 10810000 10810000 10810000 10810000 10810000 10810000 10810000 10810000 10810000 10810000 10810000 10810000 10810000 10810000 10810000 10810000 10810000 10810000 10810000 10810000 10810000 10810000 10810000 10810000 10810000 10810000 10810000 10810000 10810000 10810000 10810000 10810000 10810000 10810000 10810000 10810000 10810000 10810000 10810000 10810000 10810000 10810000 10810000 10810000 10810000 10810000 10810000 10810000 10810000 10810000 10810000 10810000 10810000 10810000 10810000 10810000 10810000 10810000 10810000 10810000 10810000 10810000 10810000 10810000 10810000 10810000 10810000 10810000 
