RUN=0
name=cpuidle
freq=1600
reads=200
time=5
samples=2e+02
start_time=2191.73
end_time=3191.81
energy=70373000 70373000 70373000 70340000 70340000 70340000 70308000 70308000 70308000 70308000 70265000 70265000 70265000 70232000 70232000 70232000 70200000 70200000 70200000 70200000 70167000 70167000 70167000 70146000 70146000 70146000 70113000 70113000 70113000 70113000 70081000 70081000 70081000 70048000 70048000 70048000 70027000 70027000 70027000 70027000 69994000 69994000 69994000 69962000 69962000 69962000 69929000 69929000 69929000 69929000 69908000 69908000 69908000 69875000 69875000 69875000 69832000 69832000 69832000 69832000 69800000 69800000 69800000 69767000 69767000 69767000 69735000 69735000 69735000 69735000 69702000 69702000 69702000 69681000 69681000 69681000 69648000 69648000 69648000 69648000 69616000 69616000 69616000 69583000 69583000 69583000 69562000 69562000 69562000 69562000 69529000 69529000 69529000 69497000 69497000 69497000 69465000 69465000 69465000 69465000 69443000 69443000 69443000 69411000 69411000 69411000 69378000 69378000 69378000 69378000 69346000 69346000 69346000 69313000 69313000 69313000 69292000 69292000 69292000 69292000 69259000 69259000 69259000 69227000 69227000 69227000 69184000 69184000 69184000 69184000 69151000 69151000 69151000 69119000 69119000 69119000 69097000 69097000 69097000 69065000 69065000 69065000 69065000 69032000 69032000 69032000 69000000 69000000 69000000 68978000 68978000 68978000 68978000 68946000 68946000 68946000 68913000 68913000 68913000 68881000 68881000 68881000 68881000 68848000 68848000 68848000 68827000 68827000 68827000 68794000 68794000 68794000 68794000 68762000 68762000 68762000 68729000 68729000 68729000 68708000 68708000 68708000 68708000 68675000 68675000 68675000 68643000 68643000 68643000 68611000 68611000 68611000 68578000 68578000 68578000 68578000 68557000 68557000 68557000 68524000 
power=9220000 9220000 9220000 7761000 7761000 7761000 7685000 7685000 7685000 7685000 7653000 7653000 7653000 7653000 7653000 7653000 7653000 7653000 7653000 7653000 7653000 7653000 7653000 7653000 7653000 7653000 7534000 7534000 7534000 7534000 7599000 7599000 7599000 7621000 7621000 7621000 7502000 7502000 7502000 7502000 7545000 7545000 7545000 7502000 7502000 7502000 7599000 7599000 7599000 7599000 7545000 7545000 7545000 7631000 7631000 7631000 7685000 7685000 7685000 7685000 7567000 7567000 7567000 7545000 7545000 7545000 7502000 7502000 7502000 7502000 7480000 7480000 7480000 7480000 7480000 7480000 7480000 7480000 7480000 7480000 7480000 7480000 7480000 7480000 7480000 7480000 7480000 7480000 7480000 7480000 7480000 7480000 7480000 7480000 7480000 7480000 7480000 7480000 7480000 7480000 7480000 7480000 7480000 7480000 7480000 7480000 7480000 7480000 7480000 7480000 7480000 7480000 7480000 7480000 7480000 7480000 7480000 7480000 7480000 7480000 7480000 7480000 7480000 7480000 7480000 7480000 7480000 7480000 7480000 7480000 7480000 7480000 7480000 7480000 7480000 7480000 7480000 7480000 7480000 7480000 7480000 7480000 7480000 7480000 7480000 7480000 7480000 7480000 7480000 7480000 7480000 7480000 7480000 7480000 7480000 7480000 7480000 7480000 7480000 7480000 7480000 7480000 7480000 7480000 7480000 7480000 7480000 7480000 7480000 7415000 7415000 7415000 7415000 7415000 7415000 7415000 7415000 7415000 7415000 7415000 7415000 7415000 7415000 7415000 7415000 7415000 7415000 7415000 7415000 7415000 7415000 7415000 7415000 7415000 7415000 7415000 7415000 7415000 7415000 7415000 
voltage=10810000 10810000 10810000 10810000 10810000 10810000 10810000 10810000 10810000 10810000 10810000 10810000 10810000 10810000 10810000 10810000 10810000 10810000 10810000 10810000 10810000 10810000 10810000 10810000 10810000 10810000 10810000 10810000 10810000 10810000 10810000 10810000 10810000 10810000 10810000 10810000 10810000 10810000 10810000 10810000 10810000 10810000 10810000 10810000 10810000 10810000 10810000 10810000 10810000 10810000 10810000 10810000 10810000 10810000 10810000 10810000 10810000 10810000 10810000 10810000 10810000 10810000 10810000 10810000 10810000 10810000 10810000 10810000 10810000 10810000 10810000 10810000 10810000 10810000 10810000 10810000 10810000 10810000 10810000 10810000 10810000 10810000 10810000 10810000 10810000 10810000 10810000 10810000 10810000 10810000 10810000 10810000 10810000 10810000 10810000 10810000 10810000 10810000 10810000 10810000 10810000 10810000 10810000 10810000 10810000 10810000 10810000 10810000 10810000 10810000 10810000 10810000 10810000 10810000 10810000 10810000 10810000 10810000 10810000 10810000 10810000 10810000 10810000 10810000 10810000 10810000 10810000 10810000 10810000 10810000 10810000 10810000 10810000 10810000 10810000 10810000 10810000 10810000 10810000 10810000 10810000 10810000 10810000 10810000 10810000 10810000 10810000 10810000 10810000 10810000 10810000 10810000 10810000 10810000 10810000 10810000 10810000 10810000 10810000 10810000 10810000 10810000 10810000 10810000 10810000 10810000 10810000 10810000 10810000 10810000 10810000 10810000 10810000 10810000 10810000 10810000 10810000 10810000 10810000 10810000 10810000 10810000 10810000 10810000 10810000 10810000 10810000 10810000 10810000 10810000 10810000 10810000 10810000 10810000 10810000 10810000 10810000 10810000 10810000 10810000 
