RUN=0
name=cpuact
freq=2400
reads=200
time=5
samples=2e+02
start_time=16317.2
end_time=17327.4
energy=25414000 25338000 25338000 25338000 25241000 25241000 25241000 25241000 25133000 25133000 25133000 25025000 25025000 25025000 24917000 24917000 24917000 24917000 24798000 24798000 24798000 24700000 24700000 24700000 24592000 24592000 24592000 24592000 24473000 24473000 24473000 24387000 24387000 24387000 24279000 24279000 24279000 24171000 24171000 24171000 24171000 24063000 24063000 24063000 23965000 23965000 23965000 23868000 23868000 23868000 23868000 23771000 23771000 23771000 23663000 23663000 23663000 23554000 23554000 23554000 23554000 23457000 23457000 23457000 23349000 23349000 23349000 23241000 23241000 23241000 23155000 23155000 23155000 23155000 23046000 23046000 23046000 22938000 22938000 22938000 22841000 22841000 22841000 22841000 22733000 22733000 22733000 22625000 22625000 22625000 22528000 22528000 22528000 22528000 22419000 22419000 22419000 22311000 22311000 22311000 22203000 22203000 22203000 22203000 22106000 22106000 22106000 21998000 21998000 21998000 21890000 21890000 21890000 21792000 21792000 21792000 21792000 21684000 21684000 21684000 21576000 21576000 21576000 21479000 21479000 21479000 21479000 21371000 21371000 21371000 21263000 21263000 21263000 21155000 21155000 21155000 21155000 21068000 21068000 21068000 20960000 20960000 20960000 20863000 20863000 20863000 20755000 20755000 20755000 20755000 20647000 20647000 20647000 20549000 20549000 20549000 20441000 20441000 20441000 20441000 20333000 20333000 20333000 20225000 20225000 20225000 20128000 20128000 20128000 20020000 20020000 20020000 20020000 19912000 19912000 19912000 19814000 19814000 19814000 19706000 19706000 19706000 19706000 19598000 19598000 19598000 19490000 19490000 19490000 19393000 19393000 19393000 19393000 19285000 19285000 19285000 19176000 19176000 19176000 19079000 
power=7512000 11145000 11145000 11145000 16636000 16636000 16636000 16636000 19652000 19652000 19652000 21738000 21738000 21738000 22895000 22895000 22895000 22895000 23122000 23122000 23122000 23317000 23317000 23317000 23414000 23414000 23414000 23414000 23241000 23241000 23241000 22701000 22701000 22701000 21976000 21976000 21976000 21717000 21717000 21717000 21717000 21501000 21501000 21501000 21479000 21479000 21479000 21479000 21479000 21479000 21479000 21576000 21576000 21576000 21630000 21630000 21630000 21652000 21652000 21652000 21652000 21684000 21684000 21684000 21684000 21684000 21684000 21684000 21684000 21684000 21771000 21771000 21771000 21771000 21825000 21825000 21825000 21847000 21847000 21847000 21868000 21868000 21868000 21868000 21868000 21868000 21868000 21868000 21868000 21868000 21868000 21868000 21868000 21868000 21976000 21976000 21976000 21922000 21922000 21922000 21782000 21782000 21782000 21782000 21836000 21836000 21836000 21836000 21836000 21836000 21857000 21857000 21857000 21857000 21857000 21857000 21857000 21857000 21857000 21857000 21857000 21857000 21857000 21857000 21857000 21857000 21857000 21857000 21857000 21857000 21857000 21857000 21857000 21857000 21857000 21857000 21857000 21857000 21857000 21857000 21857000 21857000 21857000 21857000 21857000 21857000 21857000 21857000 21857000 21857000 21857000 21857000 21857000 21857000 21857000 21857000 21857000 21857000 21857000 21857000 21955000 21955000 21955000 21901000 21901000 21901000 21879000 21879000 21879000 21879000 21879000 21879000 21879000 21857000 21857000 21857000 21955000 21955000 21955000 21684000 21684000 21684000 21684000 21749000 21749000 21749000 21803000 21803000 21803000 21803000 21803000 21803000 21803000 21836000 21836000 21836000 21836000 21836000 21836000 21836000 
voltage=10810000 10810000 10810000 10810000 10810000 10810000 10810000 10810000 10810000 10810000 10810000 10810000 10810000 10810000 10810000 10810000 10810000 10810000 10810000 10810000 10810000 10810000 10810000 10810000 10810000 10810000 10810000 10810000 10810000 10810000 10810000 10810000 10810000 10810000 10810000 10810000 10810000 10810000 10810000 10810000 10810000 10810000 10810000 10810000 10810000 10810000 10810000 10810000 10810000 10810000 10810000 10810000 10810000 10810000 10810000 10810000 10810000 10810000 10810000 10810000 10810000 10810000 10810000 10810000 10810000 10810000 10810000 10810000 10810000 10810000 10810000 10810000 10810000 10810000 10810000 10810000 10810000 10810000 10810000 10810000 10810000 10810000 10810000 10810000 10810000 10810000 10810000 10810000 10810000 10810000 10810000 10810000 10810000 10810000 10810000 10810000 10810000 10810000 10810000 10810000 10810000 10810000 10810000 10810000 10810000 10810000 10810000 10810000 10810000 10810000 10810000 10810000 10810000 10810000 10810000 10810000 10810000 10810000 10810000 10810000 10810000 10810000 10810000 10810000 10810000 10810000 10810000 10810000 10810000 10810000 10810000 10810000 10810000 10810000 10810000 10810000 10810000 10810000 10810000 10810000 10810000 10810000 10810000 10810000 10810000 10810000 10810000 10810000 10810000 10810000 10810000 10810000 10810000 10810000 10810000 10810000 10810000 10810000 10810000 10810000 10810000 10810000 10810000 10810000 10810000 10810000 10810000 10810000 10810000 10810000 10810000 10810000 10810000 10810000 10810000 10810000 10810000 10810000 10810000 10810000 10810000 10810000 10810000 10810000 10810000 10810000 10810000 10810000 10810000 10810000 10810000 10810000 10810000 10810000 10810000 10810000 10810000 10810000 10810000 10810000 
