RUN=0
name=cpuidle
freq=2400
reads=200
time=5
samples=2e+02
start_time=14847.3
end_time=15847.4
energy=23598000 23598000 23598000 23565000 23565000 23565000 23522000 23522000 23522000 23522000 23490000 23490000 23490000 23446000 23446000 23446000 23414000 23414000 23414000 23392000 23392000 23392000 23392000 23349000 23349000 23349000 23317000 23317000 23317000 23284000 23284000 23284000 23284000 23241000 23241000 23241000 23209000 23209000 23209000 23176000 23176000 23176000 23176000 23133000 23133000 23133000 23100000 23100000 23100000 23079000 23079000 23079000 23079000 23025000 23025000 23025000 23003000 23003000 23003000 22971000 22971000 22971000 22971000 22928000 22928000 22928000 22895000 22895000 22895000 22863000 22863000 22863000 22863000 22830000 22830000 22830000 22787000 22787000 22787000 22755000 22755000 22755000 22755000 22733000 22733000 22733000 22690000 22690000 22690000 22657000 22657000 22657000 22657000 22625000 22625000 22625000 22582000 22582000 22582000 22549000 22549000 22549000 22549000 22517000 22517000 22517000 22473000 22473000 22473000 22441000 22441000 22441000 22441000 22419000 22419000 22419000 22387000 22387000 22387000 22344000 22344000 22344000 22344000 22311000 22311000 22311000 22279000 22279000 22279000 22236000 22236000 22236000 22236000 22203000 22203000 22203000 22171000 22171000 22171000 22128000 22128000 22128000 22128000 22095000 22095000 22095000 22074000 22074000 22074000 22041000 22041000 22041000 22041000 21998000 21998000 21998000 21965000 21965000 21965000 21933000 21933000 21933000 21933000 21890000 21890000 21890000 21857000 21857000 21857000 21825000 21825000 21825000 21825000 21782000 21782000 21782000 21760000 21760000 21760000 21728000 21728000 21728000 21728000 21695000 21695000 21695000 21652000 21652000 21652000 21620000 21620000 21620000 21620000 21587000 21587000 21587000 21544000 21544000 21544000 21544000 
power=9534000 9534000 9534000 7815000 7815000 7815000 7772000 7772000 7772000 7772000 7772000 7772000 7772000 7675000 7675000 7675000 7621000 7621000 7621000 7599000 7599000 7599000 7599000 7577000 7577000 7577000 7577000 7577000 7577000 7577000 7577000 7577000 7577000 7577000 7577000 7577000 7577000 7577000 7577000 7577000 7577000 7577000 7577000 7469000 7469000 7469000 7523000 7523000 7523000 7545000 7545000 7545000 7545000 7437000 7437000 7437000 7415000 7415000 7415000 7383000 7383000 7383000 7383000 7361000 7361000 7361000 7361000 7361000 7361000 7361000 7361000 7361000 7361000 7361000 7361000 7361000 7361000 7361000 7361000 7469000 7469000 7469000 7469000 7415000 7415000 7415000 7383000 7383000 7383000 7491000 7491000 7491000 7491000 7415000 7415000 7415000 7383000 7383000 7383000 7383000 7383000 7383000 7383000 7469000 7469000 7469000 7523000 7523000 7523000 7437000 7437000 7437000 7437000 7415000 7415000 7415000 7383000 7383000 7383000 7361000 7361000 7361000 7361000 7361000 7361000 7361000 7361000 7361000 7361000 7361000 7361000 7361000 7361000 7361000 7361000 7361000 7469000 7469000 7469000 7415000 7415000 7415000 7415000 7491000 7491000 7491000 7437000 7437000 7437000 7383000 7383000 7383000 7383000 7383000 7383000 7383000 7469000 7469000 7469000 7415000 7415000 7415000 7415000 7383000 7383000 7383000 7383000 7383000 7383000 7361000 7361000 7361000 7361000 7361000 7361000 7361000 7361000 7361000 7361000 7361000 7361000 7361000 7361000 7361000 7361000 7361000 7361000 7361000 7361000 7469000 7469000 7469000 7469000 7523000 7523000 7523000 7437000 7437000 7437000 7437000 
voltage=10810000 10810000 10810000 10810000 10810000 10810000 10810000 10810000 10810000 10810000 10810000 10810000 10810000 10810000 10810000 10810000 10810000 10810000 10810000 10810000 10810000 10810000 10810000 10810000 10810000 10810000 10810000 10810000 10810000 10810000 10810000 10810000 10810000 10810000 10810000 10810000 10810000 10810000 10810000 10810000 10810000 10810000 10810000 10810000 10810000 10810000 10810000 10810000 10810000 10810000 10810000 10810000 10810000 10810000 10810000 10810000 10810000 10810000 10810000 10810000 10810000 10810000 10810000 10810000 10810000 10810000 10810000 10810000 10810000 10810000 10810000 10810000 10810000 10810000 10810000 10810000 10810000 10810000 10810000 10810000 10810000 10810000 10810000 10810000 10810000 10810000 10810000 10810000 10810000 10810000 10810000 10810000 10810000 10810000 10810000 10810000 10810000 10810000 10810000 10810000 10810000 10810000 10810000 10810000 10810000 10810000 10810000 10810000 10810000 10810000 10810000 10810000 10810000 10810000 10810000 10810000 10810000 10810000 10810000 10810000 10810000 10810000 10810000 10810000 10810000 10810000 10810000 10810000 10810000 10810000 10810000 10810000 10810000 10810000 10810000 10810000 10810000 10810000 10810000 10810000 10810000 10810000 10810000 10810000 10810000 10810000 10810000 10810000 10810000 10810000 10810000 10810000 10810000 10810000 10810000 10810000 10810000 10810000 10810000 10810000 10810000 10810000 10810000 10810000 10810000 10810000 10810000 10810000 10810000 10810000 10810000 10810000 10810000 10810000 10810000 10810000 10810000 10810000 10810000 10810000 10810000 10810000 10810000 10810000 10810000 10810000 10810000 10810000 10810000 10810000 10810000 10810000 10810000 10810000 10810000 10810000 10810000 10810000 10810000 10810000 
