RUN=0
name=cpuidle
freq=1200
reads=200
time=5
samples=2e+02
start_time=8519.2
end_time=9519.29
energy=47564000 47564000 47542000 47542000 47542000 47509000 47509000 47509000 47509000 47466000 47466000 47466000 47434000 47434000 47434000 47401000 47401000 47401000 47401000 47358000 47358000 47358000 47326000 47326000 47326000 47293000 47293000 47293000 47293000 47272000 47272000 47272000 47239000 47239000 47239000 47196000 47196000 47196000 47196000 47164000 47164000 47164000 47131000 47131000 47131000 47099000 47099000 47099000 47099000 47055000 47055000 47055000 47023000 47023000 47023000 47001000 47001000 47001000 47001000 46969000 46969000 46969000 46937000 46937000 46937000 46893000 46893000 46893000 46893000 46861000 46861000 46861000 46828000 46828000 46828000 46807000 46807000 46807000 46807000 46764000 46764000 46764000 46731000 46731000 46731000 46699000 46699000 46699000 46699000 46666000 46666000 46666000 46634000 46634000 46634000 46591000 46591000 46591000 46591000 46558000 46558000 46558000 46537000 46537000 46537000 46504000 46504000 46504000 46504000 46461000 46461000 46461000 46428000 46428000 46428000 46396000 46396000 46396000 46396000 46364000 46364000 46364000 46342000 46342000 46342000 46299000 46299000 46299000 46299000 46266000 46266000 46266000 46234000 46234000 46234000 46234000 46201000 46201000 46201000 46169000 46169000 46169000 46126000 46126000 46126000 46126000 46093000 46093000 46093000 46072000 46072000 46072000 46039000 46039000 46039000 46039000 46007000 46007000 46007000 45964000 45964000 45964000 45931000 45931000 45931000 45931000 45899000 45899000 45899000 45877000 45877000 45877000 45834000 45834000 45834000 45834000 45801000 45801000 45801000 45769000 45769000 45769000 45737000 45737000 45737000 45737000 45704000 45704000 45704000 45661000 45661000 45661000 45639000 45639000 45639000 45639000 45607000 45607000 45607000 45574000 
power=10107000 10107000 8280000 8280000 8280000 7804000 7804000 7804000 7804000 7783000 7783000 7783000 7783000 7783000 7783000 7675000 7675000 7675000 7675000 7621000 7621000 7621000 7599000 7599000 7599000 7642000 7642000 7642000 7642000 7642000 7642000 7642000 7642000 7642000 7642000 7642000 7642000 7642000 7642000 7642000 7642000 7642000 7642000 7642000 7642000 7642000 7642000 7642000 7642000 7642000 7642000 7642000 7642000 7642000 7642000 7642000 7642000 7642000 7642000 7642000 7642000 7642000 7642000 7642000 7642000 7642000 7642000 7642000 7642000 7642000 7642000 7642000 7642000 7642000 7642000 7642000 7642000 7642000 7642000 7642000 7642000 7642000 7642000 7642000 7642000 7642000 7642000 7642000 7642000 7642000 7642000 7642000 7642000 7642000 7642000 7642000 7642000 7642000 7642000 7642000 7642000 7642000 7642000 7642000 7642000 7642000 7642000 7642000 7642000 7642000 7642000 7642000 7642000 7642000 7642000 7642000 7642000 7642000 7642000 7642000 7642000 7642000 7642000 7642000 7642000 7642000 7642000 7642000 7642000 7642000 7642000 7642000 7642000 7642000 7642000 7642000 7534000 7534000 7534000 7588000 7588000 7588000 7610000 7610000 7610000 7610000 7718000 7718000 7718000 7685000 7685000 7685000 7664000 7664000 7664000 7664000 7664000 7664000 7664000 7642000 7642000 7642000 7642000 7642000 7642000 7642000 7642000 7642000 7642000 7642000 7642000 7642000 7577000 7577000 7577000 7577000 7577000 7577000 7577000 7577000 7577000 7577000 7577000 7577000 7577000 7577000 7577000 7577000 7577000 7577000 7577000 7577000 7577000 7577000 7577000 7577000 7577000 7577000 7577000 7577000 
voltage=10810000 10810000 10810000 10810000 10810000 10810000 10810000 10810000 10810000 10810000 10810000 10810000 10810000 10810000 10810000 10810000 10810000 10810000 10810000 10810000 10810000 10810000 10810000 10810000 10810000 10810000 10810000 10810000 10810000 10810000 10810000 10810000 10810000 10810000 10810000 10810000 10810000 10810000 10810000 10810000 10810000 10810000 10810000 10810000 10810000 10810000 10810000 10810000 10810000 10810000 10810000 10810000 10810000 10810000 10810000 10810000 10810000 10810000 10810000 10810000 10810000 10810000 10810000 10810000 10810000 10810000 10810000 10810000 10810000 10810000 10810000 10810000 10810000 10810000 10810000 10810000 10810000 10810000 10810000 10810000 10810000 10810000 10810000 10810000 10810000 10810000 10810000 10810000 10810000 10810000 10810000 10810000 10810000 10810000 10810000 10810000 10810000 10810000 10810000 10810000 10810000 10810000 10810000 10810000 10810000 10810000 10810000 10810000 10810000 10810000 10810000 10810000 10810000 10810000 10810000 10810000 10810000 10810000 10810000 10810000 10810000 10810000 10810000 10810000 10810000 10810000 10810000 10810000 10810000 10810000 10810000 10810000 10810000 10810000 10810000 10810000 10810000 10810000 10810000 10810000 10810000 10810000 10810000 10810000 10810000 10810000 10810000 10810000 10810000 10810000 10810000 10810000 10810000 10810000 10810000 10810000 10810000 10810000 10810000 10810000 10810000 10810000 10810000 10810000 10810000 10810000 10810000 10810000 10810000 10810000 10810000 10810000 10810000 10810000 10810000 10810000 10810000 10810000 10810000 10810000 10810000 10810000 10810000 10810000 10810000 10810000 10810000 10810000 10810000 10810000 10810000 10810000 10810000 10810000 10810000 10810000 10810000 10810000 10810000 10810000 
