RUN=0
name=cpuact
freq=1200
reads=200
time=5
samples=2e+02
start_time=9570.55
end_time=10578.7
energy=45466000 45466000 45391000 45391000 45391000 45315000 45315000 45315000 45315000 45229000 45229000 45229000 45142000 45142000 45142000 45066000 45066000 45066000 45066000 44969000 44969000 44969000 44883000 44883000 44883000 44796000 44796000 44796000 44710000 44710000 44710000 44710000 44634000 44634000 44634000 44537000 44537000 44537000 44450000 44450000 44450000 44450000 44364000 44364000 44364000 44266000 44266000 44266000 44180000 44180000 44180000 44180000 44093000 44093000 44093000 44018000 44018000 44018000 43921000 43921000 43921000 43921000 43834000 43834000 43834000 43748000 43748000 43748000 43650000 43650000 43650000 43564000 43564000 43564000 43564000 43477000 43477000 43477000 43391000 43391000 43391000 43294000 43294000 43294000 43294000 43207000 43207000 43207000 43121000 43121000 43121000 43045000 43045000 43045000 43045000 42948000 42948000 42948000 42861000 42861000 42861000 42775000 42775000 42775000 42775000 42677000 42677000 42677000 42591000 42591000 42591000 42504000 42504000 42504000 42504000 42407000 42407000 42407000 42321000 42321000 42321000 42234000 42234000 42234000 42234000 42137000 42137000 42137000 42050000 42050000 42050000 41964000 41964000 41964000 41867000 41867000 41867000 41867000 41780000 41780000 41780000 41694000 41694000 41694000 41596000 41596000 41596000 41596000 41510000 41510000 41510000 41434000 41434000 41434000 41348000 41348000 41348000 41348000 41261000 41261000 41261000 41164000 41164000 41164000 41078000 41078000 41078000 41078000 40991000 40991000 40991000 40894000 40894000 40894000 40807000 40807000 40807000 40721000 40721000 40721000 40721000 40623000 40623000 40623000 40537000 40537000 40537000 40451000 40451000 40451000 40451000 40353000 40353000 40353000 40267000 40267000 40267000 40180000 40180000 40180000 
power=7653000 7653000 11869000 11869000 11869000 15490000 15490000 15490000 15490000 17393000 17393000 17393000 18874000 18874000 18874000 19414000 19414000 19414000 19414000 19566000 19566000 19566000 19641000 19641000 19641000 19803000 19803000 19803000 19890000 19890000 19890000 19890000 19739000 19739000 19739000 19771000 19771000 19771000 19771000 19771000 19771000 19771000 19771000 19771000 19771000 19771000 19771000 19771000 19771000 19771000 19771000 19771000 19868000 19868000 19868000 19814000 19814000 19814000 19793000 19793000 19793000 19793000 19793000 19793000 19793000 19868000 19868000 19868000 19922000 19922000 19922000 19944000 19944000 19944000 19944000 19976000 19976000 19976000 19793000 19793000 19793000 19793000 19793000 19793000 19793000 19793000 19793000 19793000 19793000 19793000 19793000 19793000 19793000 19793000 19793000 19793000 19793000 19793000 19793000 19793000 19793000 19793000 19793000 19793000 19793000 19901000 19901000 19901000 19847000 19847000 19847000 19922000 19922000 19922000 19922000 19976000 19976000 19976000 19976000 19976000 19976000 20009000 20009000 20009000 20009000 20009000 20009000 20009000 20009000 20009000 20009000 20009000 20009000 20009000 19901000 19901000 19901000 19901000 19955000 19955000 19955000 19976000 19976000 19976000 19976000 19976000 19976000 19976000 19901000 19901000 19901000 19847000 19847000 19847000 19922000 19922000 19922000 19922000 19955000 19955000 19955000 19685000 19685000 19685000 19771000 19771000 19771000 19771000 19793000 19793000 19793000 19793000 19793000 19793000 19825000 19825000 19825000 19825000 19825000 19825000 19825000 19825000 19825000 19825000 19825000 19825000 19825000 19825000 19825000 19825000 19825000 19825000 19825000 19825000 19825000 19825000 19825000 19825000 19825000 19825000 
voltage=10810000 10810000 10810000 10810000 10810000 10810000 10810000 10810000 10810000 10810000 10810000 10810000 10810000 10810000 10810000 10810000 10810000 10810000 10810000 10810000 10810000 10810000 10810000 10810000 10810000 10810000 10810000 10810000 10810000 10810000 10810000 10810000 10810000 10810000 10810000 10810000 10810000 10810000 10810000 10810000 10810000 10810000 10810000 10810000 10810000 10810000 10810000 10810000 10810000 10810000 10810000 10810000 10810000 10810000 10810000 10810000 10810000 10810000 10810000 10810000 10810000 10810000 10810000 10810000 10810000 10810000 10810000 10810000 10810000 10810000 10810000 10810000 10810000 10810000 10810000 10810000 10810000 10810000 10810000 10810000 10810000 10810000 10810000 10810000 10810000 10810000 10810000 10810000 10810000 10810000 10810000 10810000 10810000 10810000 10810000 10810000 10810000 10810000 10810000 10810000 10810000 10810000 10810000 10810000 10810000 10810000 10810000 10810000 10810000 10810000 10810000 10810000 10810000 10810000 10810000 10810000 10810000 10810000 10810000 10810000 10810000 10810000 10810000 10810000 10810000 10810000 10810000 10810000 10810000 10810000 10810000 10810000 10810000 10810000 10810000 10810000 10810000 10810000 10810000 10810000 10810000 10810000 10810000 10810000 10810000 10810000 10810000 10810000 10810000 10810000 10810000 10810000 10810000 10810000 10810000 10810000 10810000 10810000 10810000 10810000 10810000 10810000 10810000 10810000 10810000 10810000 10810000 10810000 10810000 10810000 10810000 10810000 10810000 10810000 10810000 10810000 10810000 10810000 10810000 10810000 10810000 10810000 10810000 10810000 10810000 10810000 10810000 10810000 10810000 10810000 10810000 10810000 10810000 10810000 10810000 10810000 10810000 10810000 10810000 10810000 
