RUN=0
name=cpuidle
freq=2000
reads=200
time=5
samples=2e+02
start_time=4299.92
end_time=5299.99
energy=63097000 63097000 63097000 63097000 63065000 63065000 63065000 63033000 63033000 63033000 62989000 62989000 62989000 62957000 62957000 62957000 62957000 62935000 62935000 62935000 62903000 62903000 62903000 62870000 62870000 62870000 62870000 62838000 62838000 62838000 62816000 62816000 62816000 62784000 62784000 62784000 62784000 62741000 62741000 62741000 62708000 62708000 62708000 62676000 62676000 62676000 62676000 62643000 62643000 62643000 62622000 62622000 62622000 62589000 62589000 62589000 62589000 62557000 62557000 62557000 62525000 62525000 62525000 62503000 62503000 62503000 62470000 62470000 62470000 62470000 62427000 62427000 62427000 62395000 62395000 62395000 62362000 62362000 62362000 62362000 62330000 62330000 62330000 62298000 62298000 62298000 62276000 62276000 62276000 62276000 62243000 62243000 62243000 62211000 62211000 62211000 62179000 62179000 62179000 62179000 62157000 62157000 62157000 62103000 62103000 62103000 62081000 62081000 62081000 62081000 62049000 62049000 62049000 62016000 62016000 62016000 61984000 61984000 61984000 61984000 61962000 61962000 61962000 61930000 61930000 61930000 61898000 61898000 61898000 61898000 61865000 61865000 61865000 61833000 61833000 61833000 61789000 61789000 61789000 61789000 61768000 61768000 61768000 61735000 61735000 61735000 61703000 61703000 61703000 61703000 61671000 61671000 61671000 61638000 61638000 61638000 61617000 61617000 61617000 61617000 61584000 61584000 61584000 61552000 61552000 61552000 61519000 61519000 61519000 61519000 61476000 61476000 61476000 61444000 61444000 61444000 61422000 61422000 61422000 61422000 61389000 61389000 61389000 61357000 61357000 61357000 61325000 61325000 61325000 61325000 61303000 61303000 61303000 61271000 61271000 61271000 61238000 61238000 61238000 61238000 
power=9058000 9058000 9058000 9058000 7794000 7794000 7794000 7750000 7750000 7750000 7750000 7750000 7750000 7750000 7750000 7750000 7750000 7631000 7631000 7631000 7577000 7577000 7577000 7653000 7653000 7653000 7653000 7577000 7577000 7577000 7556000 7556000 7556000 7556000 7556000 7556000 7556000 7631000 7631000 7631000 7577000 7577000 7577000 7556000 7556000 7556000 7556000 7556000 7556000 7556000 7534000 7534000 7534000 7534000 7534000 7534000 7534000 7534000 7534000 7534000 7534000 7534000 7534000 7534000 7534000 7534000 7534000 7534000 7534000 7534000 7534000 7534000 7534000 7534000 7534000 7534000 7534000 7534000 7534000 7534000 7534000 7534000 7534000 7534000 7534000 7534000 7534000 7534000 7534000 7534000 7534000 7534000 7534000 7534000 7534000 7534000 7534000 7534000 7534000 7534000 7534000 7534000 7534000 7534000 7534000 7534000 7631000 7631000 7631000 7631000 7577000 7577000 7577000 7556000 7556000 7556000 7556000 7556000 7556000 7556000 7534000 7534000 7534000 7534000 7534000 7534000 7534000 7534000 7534000 7534000 7534000 7534000 7534000 7534000 7534000 7534000 7534000 7534000 7534000 7534000 7534000 7534000 7534000 7534000 7534000 7534000 7534000 7534000 7534000 7534000 7534000 7534000 7534000 7534000 7534000 7534000 7534000 7534000 7534000 7534000 7534000 7534000 7534000 7534000 7534000 7534000 7534000 7534000 7534000 7534000 7534000 7534000 7534000 7534000 7534000 7534000 7631000 7631000 7631000 7631000 7577000 7577000 7577000 7556000 7556000 7556000 7556000 7556000 7556000 7556000 7534000 7534000 7534000 7534000 7534000 7534000 7534000 7534000 7534000 7534000 
voltage=10810000 10810000 10810000 10810000 10810000 10810000 10810000 10810000 10810000 10810000 10810000 10810000 10810000 10810000 10810000 10810000 10810000 10810000 10810000 10810000 10810000 10810000 10810000 10810000 10810000 10810000 10810000 10810000 10810000 10810000 10810000 10810000 10810000 10810000 10810000 10810000 10810000 10810000 10810000 10810000 10810000 10810000 10810000 10810000 10810000 10810000 10810000 10810000 10810000 10810000 10810000 10810000 10810000 10810000 10810000 10810000 10810000 10810000 10810000 10810000 10810000 10810000 10810000 10810000 10810000 10810000 10810000 10810000 10810000 10810000 10810000 10810000 10810000 10810000 10810000 10810000 10810000 10810000 10810000 10810000 10810000 10810000 10810000 10810000 10810000 10810000 10810000 10810000 10810000 10810000 10810000 10810000 10810000 10810000 10810000 10810000 10810000 10810000 10810000 10810000 10810000 10810000 10810000 10810000 10810000 10810000 10810000 10810000 10810000 10810000 10810000 10810000 10810000 10810000 10810000 10810000 10810000 10810000 10810000 10810000 10810000 10810000 10810000 10810000 10810000 10810000 10810000 10810000 10810000 10810000 10810000 10810000 10810000 10810000 10810000 10810000 10810000 10810000 10810000 10810000 10810000 10810000 10810000 10810000 10810000 10810000 10810000 10810000 10810000 10810000 10810000 10810000 10810000 10810000 10810000 10810000 10810000 10810000 10810000 10810000 10810000 10810000 10810000 10810000 10810000 10810000 10810000 10810000 10810000 10810000 10810000 10810000 10810000 10810000 10810000 10810000 10810000 10810000 10810000 10810000 10810000 10810000 10810000 10810000 10810000 10810000 10810000 10810000 10810000 10810000 10810000 10810000 10810000 10810000 10810000 10810000 10810000 10810000 10810000 10810000 
